0.004591112956404686 0.0371408574283123
0.0045344093814492226 0.03689050301909447
0.0046555218286812305 0.0373198427259922
0.00455059390515089 0.03703341633081436
0.004675935488194227 0.03749445080757141
0.004781028255820274 0.037873417139053345
0.004585811402648687 0.03680601343512535
0.004534446634352207 0.036873709410429
0.004637060221284628 0.03692944720387459
0.004473178647458553 0.03760669007897377
0.004697064403444529 0.037668030709028244
0.004748198669403791 0.03773273900151253
0.004783568903803825 0.03735819831490517
0.004597370512783527 0.037070102989673615
0.0044681415893137455 0.03708161041140556
0.0044479938223958015 0.03690990433096886
0.0047855740413069725 0.03776932880282402
0.0048197596333920956 0.03759497031569481
0.004459167830646038 0.03654945269227028
0.004762797150760889 0.037475962191820145
0.004547566175460815 0.037084825336933136
0.00449347821995616 0.03665759414434433
0.0045244754292070866 0.03704148530960083
0.004665706772357225 0.037501513957977295
0.004514789208769798 0.03703271970152855
0.004775012843310833 0.03739446774125099
0.004645255394279957 0.03726493567228317
0.004904065281152725 0.03765865042805672
0.004530367441475391 0.03703659772872925
0.004544006660580635 0.037168607115745544
0.004496442619711161 0.0367848165333271
0.004641247913241386 0.03743697330355644
0.004601912572979927 0.037321072071790695
0.004680869169533253 0.03734199330210686
0.0044793011620640755 0.036698538810014725
0.00468805618584156 0.03707687929272652
0.004618968348950148 0.037054017186164856
0.004797511268407106 0.03762807324528694
0.004644287284463644 0.037061985582113266
0.004665454383939505 0.03752397000789642
0.004843884613364935 0.03797846660017967
0.004738797899335623 0.03748149424791336
0.004516162443906069 0.03667133301496506
0.0046457452699542046 0.03726934269070625
0.004482822958379984 0.03674996644258499
0.004587169736623764 0.03716631978750229
0.004700020421296358 0.03731624037027359
0.004703119397163391 0.037500813603401184
0.004586243536323309 0.03708392754197121
0.0046218279749155045 0.0371832400560379
0.004434952512383461 0.037110790610313416
0.00455518439412117 0.0368773490190506
0.00464906869456172 0.03747926652431488
0.004720437806099653 0.03758208826184273
0.004724781960248947 0.03741477057337761
0.004727434832602739 0.03789985924959183
0.004636204801499844 0.037361759692430496
0.004600570537149906 0.03697415068745613
0.004735766910016537 0.03743702545762062
0.004867500625550747 0.037544991821050644
0.004570022225379944 0.037194930016994476
0.004693490453064442 0.038035281002521515
0.004576468840241432 0.03730490431189537
0.004716822411864996 0.036969877779483795
0.004665666725486517 0.03733886033296585
0.004674031864851713 0.03763110935688019
0.0046434239484369755 0.03731226548552513
0.00452435715124011 0.037238918244838715
0.0045973630622029305 0.03700855374336243
0.004706478677690029 0.03728324547410011
0.004750079475343227 0.03777458891272545
0.004600840620696545 0.037074021995067596
0.004819601308554411 0.037926461547613144
0.004580704029649496 0.037144485861063004
0.004462726879864931 0.036430057138204575
0.004816930741071701 0.03779575973749161
0.004518480971455574 0.037050873041152954
0.0047533027827739716 0.03763378784060478
0.004668013658374548 0.03728271648287773
0.0045884461142122746 0.03692247346043587
0.004661152139306068 0.03717804700136185
0.004825187381356955 0.03774569183588028
0.004651644732803106 0.037192147225141525
0.004525322932749987 0.03708359971642494
0.004727021791040897 0.03759058937430382
0.004817783832550049 0.03786039352416992
0.004551758989691734 0.0374402217566967
0.004519275389611721 0.036652542650699615
0.004578428342938423 0.03695936128497124
0.004695202223956585 0.03752519562840462
0.004730775021016598 0.03745460882782936
0.004562256392091513 0.036938801407814026
0.0046943798661231995 0.03700363263487816
0.004741462413221598 0.037125114351511
0.004734180402010679 0.037477243691682816
0.004558986518532038 0.03654050454497337
0.004556302446871996 0.037418730556964874
0.004475369118154049 0.03657174110412598
0.00462308106943965 0.03752187266945839
0.004419029224663973 0.03721223026514053
