0.09862062 0.5041874 0.4414391
0.10057789 0.45382664 0.47286034
0.2382393 0.532851 0.492276
0.10086173 0.57207644 0.44676065
0.12564373 0.50092363 0.4879376
0.010655154 0.628365 0.19905792
-0.00042504072 0.2802658 0.3025154
0.042813115 0.24180219 0.26760998
0.008331746 0.80268914 0.35082084
0.15022983 0.34397638 0.2538428
0.03166516 0.666325 0.56714827
0.07584804 0.6079775 0.5123916
0.14884844 0.40182558 0.441097
0.5531743 0.38823628 0.84298605
0.894184 0.39991874 0.5665095
0.5746432 0.3487059 0.81270677
0.9030231 0.43010312 0.687272
0.3069094 0.39561677 0.58957136
0.22153293 0.5712411 0.30203938
0.20329866 0.54644555 0.31442142
0.16429815 0.66857266 0.2836767
0.52685124 0.43692908 0.4881587
0.6100557 0.5218159 0.41521484
-0.008266047 0.597639 0.54308254
0.09023763 0.4148345 0.5838521
0.1827469 0.52524096 0.4409312
0.1660412 0.52923226 0.44950712
0.19236359 0.4707903 0.58549106
0.19342498 0.5656683 0.5456504
0.11435868 0.8588536 0.507359
0.10709113 0.69271517 0.5044708
0.81224775 0.79762816 0.4025511
0.38484144 0.7305059 0.38879406
0.61859536 0.7219938 0.3259932
0.5779401 0.7118164 0.2865173
0.89156854 0.83845556 0.31634372
0.7310362 0.7883668 0.27026314
0.070727415 0.8350641 0.22865349
0.08983163 0.7602635 0.19722202
0.14463401 0.73761594 0.2229529
0.16216047 0.71654856 0.17219251
0.16092458 0.8550484 0.16607459
0.6727053 0.44782865 0.7013442
0.714107 0.51449764 0.705643
0.9252727 0.5664493 0.6634169
0.72716415 0.5527445 0.6995247
0.7656979 0.5738029 0.6550186
0.80205154 0.6963676 0.78207296
0.42542142 0.19345047 0.5210631
0.36890864 0.25888973 0.56674194
0.029970001 0.32781345 0.2523773
0.4882089 0.37903553 0.42515048
0.34803647 0.40418196 0.45148632
0.30882996 0.38407382 0.28399682
0.31725556 0.37604988 0.2801421
0.21081801 0.5393012 0.67752737
0.17276408 0.5366213 0.57354605
0.31865364 0.4527471 0.6658242
0.5973419 0.6332835 0.62305444
0.57828087 0.6704073 0.6367524
1.0095364 0.68843526 0.5507872
0.46230292 0.60167015 0.5340736
0.14865863 0.53914267 0.4896813
0.09067075 0.4977697 0.47497034
0.3016402 0.47122368 0.29736453
0.23481542 0.43116856 0.3407017
0.30503985 0.46122527 0.34622967
0.3927093 0.68350756 0.49061197
0.3432079 0.5869632 0.46497774
0.15210828 0.038142797 0.56366736
0.008650642 0.12292585 0.5981002
0.9497526 0.39034218 0.5713459
1.0455871 0.39473894 0.6236562
0.4133768 0.29157725 0.5439644
0.78661203 0.344073 0.70920795
0.95881224 0.44492066 0.64494807
0.094303176 0.62981915 0.2513629
0.08582266 0.803691 0.26698628
0.08558581 0.898665 0.20239969
0.12735233 0.56517905 0.19249552
0.06670598 0.35736448 0.25908518
0.06918582 0.454995 0.20006585
0.52625626 0.504204 0.5158521
0.62378657 0.55709094 0.5028628
0.5907093 0.5961876 0.53421885
0.5841309 0.5991556 0.53681403
0.69218266 0.51183593 0.60693806
0.780046 0.4783352 0.58055276
0.30790597 0.29336965 0.5600214
0.07877754 0.31334263 0.17475459
0.25527605 0.3627639 0.16630566
0.65565944 0.45601064 0.23825824
0.33102876 0.36600512 0.23695132
0.35414833 0.39279968 0.15630277
0.18880428 0.30761117 0.18582681
0.03310675 0.61657035 0.24282011
0.64441615 0.25937957 0.4579817
-0.011152007 0.540231 0.1438787
0.18948172 0.35087287 0.20456147
0.14019749 0.49649382 0.62304246
0.021403395 0.85894036 0.5751547
0.30214214 0.41497248 0.66729957
0.29515535 0.4950146 0.63859904
0.135194 0.54155856 0.6444699
0.27207536 0.47529775 0.56990445
0.25066477 0.52536756 0.6207207
0.15278238 0.42969903 0.5268715
0.4121505 0.49123687 0.6517126
0.8161687 0.4264212 0.60528463
0.3523382 0.4624257 0.66724104
0.3341899 0.49206185 0.6004885
0.46178776 0.6575289 0.5728135
0.04513961 1.1051216 0.49174836
0.48137742 0.6078477 0.7556775
0.09651111 0.9182319 0.28816468
0.18122005 0.48301268 0.77419
0.18347235 0.5406166 0.5748522
0.19880392 0.5507686 0.6621497
0.03355178 0.4031999 0.53006184
0.22368076 0.47158512 0.47424746
0.13257724 0.4697795 0.54365396
0.07380807 0.2759728 0.62609786
0.08594253 0.34803104 0.65321845
0.4753251 0.44039702 0.547323
0.19123663 0.41443884 0.37239537
0.24454473 0.38247436 0.373808
0.39076442 0.4761053 0.5719249
0.28188765 0.4059294 0.54364854
0.1140494 0.26054794 0.5059797
-0.0030400045 0.68268514 0.81023496
0.018327728 0.8139572 0.8316074
0.034637246 0.80968773 0.84610575
0.18247512 0.42716864 0.7749332
0.075377494 0.81386703 0.88552135
0.035013776 0.6147998 0.7799222
-0.02283825 0.37835145 0.8212381
0.06475185 0.5877647 0.8607021
0.21213512 0.46138993 0.687054
0.1798968 0.44564098 0.6775444
0.24701376 0.53515637 0.41394436
0.6097834 0.5680174 0.45233646
0.3872162 0.569157 0.4100967
0.11950423 0.5663002 0.41350576
1.0562634 0.675097 0.43777895
0.14867428 0.4894622 0.4240899
0.13339876 0.32724202 0.39849675
0.09682187 0.3085985 0.41480994
0.082334146 0.37846836 0.44392166
0.12489797 0.30227697 0.4278168
0.053175543 0.44473368 0.41130897
0.01583571 0.42931157 0.38437837
0.080026574 0.28093264 0.44895977
0.108209945 0.4248301 0.46436235
0.24507022 0.4716602 0.34867686
1.1076539 0.6312832 0.5410024
0.11473644 0.3460638 0.48140055
-0.0005033687 0.26981744 0.5282575
0.006902065 0.7315794 0.44400284
0.102915056 0.82754016 0.5824949
0.022205375 1.1829399 0.48079827
0.16968828 0.33583552 0.51226413
0.24259919 0.3302204 0.4516827
0.21139307 0.5913398 0.6566555
0.21518506 0.5257433 0.6955188
0.22096227 0.5887097 0.42015806
0.18558925 0.65155554 0.3092873
0.1398699 0.47814763 0.18833864
0.11149644 0.46927175 0.15669394
0.03319955 0.48077646 0.1857359
0.03762564 0.44004494 0.21377419
0.9436091 0.33320957 0.9129147
0.25561744 0.4597727 0.4182059
0.29946372 0.63678473 0.2044278
0.17127262 0.616512 0.18870881
0.14656118 0.5813825 0.17991517
0.125002 0.52677786 0.1570535
-0.0018938668 0.5164847 0.109679475
0.0830562 0.8425349 0.055569015
0.07530339 0.41916257 0.12141606
0.16065069 0.49005198 0.15869182
0.16482629 0.51410896 0.13449717
0.07930012 0.5153354 0.4755478
0.05392908 0.5138519 0.47125813
0.09675007 0.49051937 0.48563868
0.096426874 0.47330123 0.4869891
0.07925136 0.5006478 0.5096014
0.11151928 0.5632201 0.50455517
0.462452 0.22851592 0.72708946
-0.03358215 0.4279304 0.91889083
0.3553633 0.16974662 0.7269476
0.19278905 0.3621039 0.29990286
0.13338333 0.29174197 0.28791097
0.13811098 0.34259963 0.27675113
0.14571784 0.52399546 0.37690192
0.19308989 0.56500494 0.3395525
0.19328792 0.63487184 0.30333066
0.21676756 0.61565286 0.3870682
0.18217728 0.6278961 0.29638064
0.21945135 0.6412587 0.35025182
0.18309006 0.56096375 0.56319946
0.1785582 0.56861204 0.5594198
0.1410273 0.49300948 0.27029917
0.18665454 0.5883009 0.34493783
0.17790255 0.48274216 0.31945178
0.11803686 0.2408687 0.54410756
0.02114714 0.46099192 0.13683249
0.0544364 0.39549232 0.18067226
0.058872107 0.41573775 0.18629241
0.030697629 0.4246813 0.17163035
0.022353765 0.4382497 0.16707475
0.019243103 0.37765878 0.55903894
0.10148582 0.41945842 0.5904614
0.13435009 0.44629163 0.57862335
0.11356245 0.417399 0.5653526
0.15007313 0.44241267 0.5111711
0.12224935 0.44193816 0.5296959
0.24820141 0.57680285 0.21546885
0.13115114 0.56181955 0.32208937
0.13390195 0.47936556 0.35688505
0.10311389 0.4691973 0.3030293
0.159339 0.7249763 0.34695962
0.14957464 0.52340555 0.30338982
0.10607773 0.5550771 0.3341561
0.65071565 0.28116372 0.53912556
0.3966986 0.2157015 0.5616635
0.48618084 0.23241751 0.62118775
0.14645955 0.11258261 0.5493168
0.9346269 0.43464634 0.6177466
0.82011294 0.36083844 0.6261421
