0.10617166 0.53143 0.44517982
0.10262738 0.43297344 0.4526087
0.1986992 0.5497918 0.5282806
0.10370137 0.5045205 0.44801962
0.117557 0.4787671 0.45315123
-0.0059593767 0.60426354 0.21971466
0.03702125 0.3258791 0.29921848
0.05980166 0.29322636 0.29492515
0.0112796575 0.7692128 0.29322731
-0.0018902496 0.44981575 0.34073615
0.09373099 0.53975093 0.5844352
0.1211267 0.5831731 0.5740358
0.057404432 0.42685872 0.47477275
0.65826786 0.40358937 0.83592916
0.67884535 0.3109939 0.6136375
0.49364284 0.3515985 0.7713615
0.84829354 0.3943333 0.7086065
0.29500058 0.44674343 0.5918063
0.2750241 0.53850144 0.29333085
0.16454457 0.5536473 0.31019366
0.16208029 0.7394311 0.29389912
0.44848853 0.50041986 0.41229564
0.8727561 0.56552255 0.40704715
0.16147053 0.5215252 0.6042968
0.08860773 0.40790594 0.6358274
0.18936804 0.53602797 0.44822276
0.17737874 0.52857834 0.45346177
0.21411905 0.47606838 0.58232427
0.19418448 0.53357506 0.55729187
0.09826378 1.0073979 0.4136511
0.10298796 0.707029 0.49922746
0.8148797 0.8403204 0.3959837
0.42434806 0.7677821 0.36380017
0.6910356 0.7549587 0.29956275
0.61875117 0.73822105 0.24093512
0.8754115 0.88891906 0.3123607
0.811498 0.82370937 0.2557307
0.07056063 0.89012665 0.21232256
0.08621945 0.81384206 0.20040283
0.12423322 0.82195747 0.20315424
0.16726497 0.7445432 0.18672577
0.14443402 0.8628885 0.16598351
0.6938647 0.46535945 0.6960317
0.7071828 0.52913034 0.75567263
0.9417312 0.60006577 0.70108247
0.71952724 0.5642008 0.7006273
0.7779693 0.6083619 0.65014964
0.80337036 0.73643845 0.72129095
0.37857205 0.21025187 0.48003405
0.34821343 0.2615673 0.5530093
0.077853866 0.35510045 0.27282715
0.33448353 0.33569968 0.37627673
0.38792863 0.38535196 0.43616092
0.26498753 0.37363052 0.30697393
0.29709116 0.38538593 0.304084
0.23066506 0.558269 0.68917483
0.6348245 0.64113766 0.6237694
0.42713884 0.5091896 0.6852182
0.6647289 0.676158 0.61593825
0.6219162 0.704171 0.6442101
0.7565017 0.6995393 0.50564843
0.3995656 0.5583517 0.5219336
0.17899632 0.51434124 0.50840914
0.17828268 0.5170273 0.5123681
0.30082908 0.42672133 0.28805852
0.23092934 0.44057322 0.3182075
0.23521048 0.44508255 0.32793844
0.35928932 0.6957956 0.49621022
0.31350392 0.605882 0.49333483
0.7210954 0.28522187 0.590813
0.50219214 0.28213185 0.5955121
1.0925837 0.45962238 0.62066156
1.0740815 0.4417559 0.6800587
0.69237053 0.43210924 0.55923396
0.8721685 0.33931148 0.75431055
1.0617542 0.45704466 0.6608156
0.09610567 0.67018557 0.2283677
0.09555285 0.8473043 0.26537955
0.09445226 0.9613045 0.2022784
0.11529018 0.5785139 0.19165932
0.73153937 0.50818545 0.31566146
0.07641071 0.5442821 0.1831302
0.51369154 0.5159702 0.5407803
0.73690546 0.6261131 0.48071426
0.5611161 0.5867384 0.53895223
0.55339456 0.5954604 0.5154693
0.84125125 0.60708946 0.6063305
0.8240056 0.5066798 0.4677351
0.322042 0.3402838 0.5335761
0.01735776 0.372159 0.22098418
0.19830203 0.45216775 0.18012077
0.943329 0.55774975 0.16280437
0.52853304 0.4869647 0.19035114
0.37235492 0.5142269 0.17917176
0.1981172 0.41296756 0.22298473
-0.0123411715 0.5980488 0.23178874
0.5503183 0.17706423 0.1052746
-0.023727328 0.4481777 0.19894165
0.23000708 0.41013396 0.18840218
0.14954674 0.46901888 0.64623284
0.04048089 0.65484196 0.6039902
0.28138083 0.46841967 0.65496385
0.18587816 0.30509084 0.72472095
0.18623117 0.4527939 0.7131218
0.57548964 0.47846174 0.6799367
0.55914754 0.52859026 0.6620751
0.45964077 0.57044005 0.61785173
0.3127063 0.48016572 0.59398484
0.95758855 0.45797324 0.71173906
0.30912584 0.48104775 0.6629907
0.28495517 0.49417353 0.62911606
0.41219866 0.6297613 0.56858605
0.029552042 1.1333479 0.47075975
0.52092123 0.63731986 0.66263914
0.08176756 1.0312839 0.28251135
0.13965243 0.40097648 0.7556729
0.35277313 0.5113719 0.64359677
0.22398308 0.4281729 0.69981813
0.3610422 0.5481468 0.631744
0.78993404 0.6269817 0.57925344
0.14270215 0.5334552 0.5773212
0.045378193 0.34261137 0.5937951
0.1542393 0.40501916 0.6264325
0.9107485 0.5067889 0.6036785
0.47456485 0.7076511 0.40317428
0.9891019 0.6755304 0.36310643
0.33202732 0.45679975 0.57289606
0.26294065 0.43583626 0.51832414
0.13421258 0.33667833 0.4520778
0.023081895 0.6089298 0.8247942
0.012550555 1.0278475 0.78848433
0.047247387 0.8773145 0.7921218
0.15525831 0.26602513 0.8095105
0.056791723 0.8533681 0.7919586
0.058412798 0.66380095 0.7682389
0.06070228 0.30334425 0.8084868
0.07321072 0.6215077 0.8244736
0.2265133 0.45916653 0.70137197
0.18804315 0.43249106 0.67692614
0.39689857 0.7063366 0.27997512
0.48552555 0.6059453 0.24138512
0.6227566 0.7330952 0.24195622
0.73568237 0.7764171 0.2007226
0.8087681 0.6860509 0.18150786
0.17267874 0.42348224 0.28190553
0.09070625 0.28768444 0.38173372
0.020796467 0.36174297 0.4229192
0.083742395 0.3953066 0.42020053
-0.012338467 0.49836653 0.39959514
0.04715029 0.42994207 0.43808293
-0.010385804 0.48007286 0.40125537
0.16545862 0.34044868 0.46489942
0.071372926 0.44807243 0.51027364
0.08632858 0.57476276 0.37206113
1.1402609 0.6396937 0.5256759
-0.007298492 0.3623712 0.5023535
-0.008150294 0.28746545 0.5306758
-0.011187144 0.76890415 0.44465864
0.06878215 0.9722331 0.5619547
0.04974629 1.1617621 0.47210354
0.016629443 0.33447725 0.5494388
0.074357525 0.42721194 0.4745559
0.1875095 0.8309249 0.57742655
0.21662733 0.44383347 0.70014936
0.2148425 0.64604354 0.40485036
0.13028055 0.791743 0.26811713
0.120952584 0.52841026 0.24212812
0.07855949 0.48173296 0.19921675
0.06325749 0.51191056 0.23458453
0.0495022 0.49100655 0.24157761
0.7221659 0.48840892 0.99212205
0.11063165 0.50696427 0.4442262
0.3132514 0.64703816 0.20494416
0.19115648 0.6307855 0.20883754
0.16736716 0.54056066 0.20306045
0.134022 0.54434216 0.13690893
-0.0027121454 0.39973605 0.117843084
0.09637523 0.7453593 0.09353161
0.45160365 0.43350762 0.113796435
0.15848634 0.49782526 0.15326656
0.15475354 0.4952075 0.12847064
0.1480897 0.61303574 0.49125522
0.15517658 0.6228629 0.44971347
0.14292605 0.48063755 0.4842204
0.15376219 0.48130727 0.49935347
0.20904464 0.5410841 0.57387644
0.19554403 0.66556233 0.5517831
0.46021032 0.24457268 0.6934977
-0.0055399314 0.42935717 0.8870984
0.3068734 0.06318205 0.76218843
0.17650655 0.37113738 0.29431695
0.11691002 0.30315554 0.27795845
0.11925612 0.32599837 0.25914693
0.1877937 0.5522864 0.3619339
0.20083117 0.5984332 0.35934561
0.21648541 0.6174929 0.28873014
0.2205714 0.6395127 0.39820188
0.17543009 0.6449955 0.28340805
0.23169082 0.6585758 0.34833962
0.19741398 0.5348283 0.5738761
0.1619904 0.60736626 0.51176584
0.10933709 0.69505197 0.28372473
0.16902651 0.7899868 0.3132124
0.09653575 0.7072287 0.32513517
0.179445 0.27987933 0.570284
0.045156308 0.43257743 0.14533344
0.054328516 0.40800214 0.1722987
0.070464745 0.39403695 0.18673192
0.06417771 0.42786276 0.17140093
0.062103614 0.46406347 0.18882143
0.102244265 0.38959622 0.5951162
0.10505581 0.39421976 0.63762236
0.093735285 0.42096382 0.6076062
0.0729299 0.37851757 0.60443807
0.10209534 0.49555063 0.5317513
0.15801898 0.4247117 0.5962548
0.101185255 0.6337119 0.25509322
0.0937083 0.70963025 0.29612753
0.120323986 0.459823 0.34548116
0.11592963 0.53629583 0.31542957
0.16813233 0.8583727 0.34433246
0.1336753 0.5863388 0.29643065
0.11054396 0.61881495 0.2952566
0.008506093 0.04018779 0.57875687
0.22006214 0.15469919 0.57768065
0.4357253 0.2270483 0.6030822
0.054177057 0.07395902 0.55062556
0.9033573 0.39727968 0.6089263
0.8156085 0.3458975 0.62715364
