0.10319077 0.5740414 0.4443798
0.06499496 0.4054879 0.46302193
0.2272736 0.5556514 0.50634885
0.09059674 0.5532894 0.47499973
0.08508852 0.5172007 0.4964164
0.058700845 -0.0011416003 0.58390737
0.07602247 0.0029968768 0.45338047
0.2230824 0.086749345 0.7618464
0.021136433 -0.031021342 0.5566779
0.008590635 -0.013161711 0.6990266
-0.017456897 0.5945263 0.19758075
-0.022074841 0.25672024 0.2977659
0.031460345 0.25373796 0.2893481
-0.027366698 0.95259124 0.2568156
0.012999468 0.5389915 0.24006352
0.07329436 0.5766377 0.56160384
0.07767395 0.58611095 0.51966804
0.10309185 0.4118203 0.50198555
0.09639923 0.06878418 0.5386984
0.9046038 0.32794744 0.56946504
0.09489105 0.045918226 0.5130865
-0.009089418 -0.03849499 0.47798705
-0.030720755 0.023660243 0.5838645
0.80613714 0.30962247 0.53841925
0.80104846 0.36573586 0.58988285
1.0161501 0.40254945 0.5757142
0.49709618 0.3348186 0.76891243
0.72319096 0.31085652 0.6033377
0.42957425 0.28942987 0.82519495
0.9636994 0.44493425 0.69206977
0.1530248 0.45124003 0.64576083
0.23754975 0.5176615 0.2993731
0.21742533 0.55364454 0.29032776
0.16448611 0.64795345 0.29720867
0.24496795 0.47681257 0.45741338
0.60338545 0.43119997 0.40059644
0.043721765 0.5771679 0.5905631
0.12030217 0.43250227 0.5715723
0.2147581 0.52594334 0.43704754
0.1974881 0.54309857 0.42832315
0.19000807 0.4822811 0.5596557
0.15514873 0.6921485 0.5345723
0.088017695 0.8351629 0.521332
0.0887723 0.7744675 0.48106778
0.80767554 0.8268915 0.36883897
0.46735132 0.81738836 0.3995723
0.5909043 0.753714 0.32041216
0.57447344 0.737189 0.28405866
0.8398984 0.8457369 0.30309772
0.76521736 0.7856476 0.30051875
-0.0012704432 0.02128436 0.5211981
0.04825144 0.07671487 0.5838218
0.027355056 0.051303234 0.50293195
0.011600416 0.021543823 0.5547047
0.8628512 0.33422107 0.5539903
0.01028572 0.044740357 0.5699422
0.04566889 0.032395683 0.46369246
0.084236175 0.8396372 0.2156044
0.07697624 0.78538674 0.21332607
0.14614311 0.76579505 0.24492702
0.14476019 0.7531672 0.20333242
0.1506271 0.8322139 0.20899497
0.69122994 0.480793 0.7073524
0.704343 0.52637357 0.7134977
1.0066593 0.6154873 0.6883453
0.7137477 0.5626945 0.6716785
0.7455399 0.5973787 0.6594485
0.81035095 0.71364695 0.7670775
0.3173747 0.19225642 0.44844848
0.33353472 0.25337705 0.5421468
0.04825023 0.31622168 0.2818369
0.3853178 0.39153862 0.39551544
0.40274954 0.43286335 0.4627889
0.29903013 0.35917765 0.30056775
0.23822854 0.47332394 0.28534594
0.23140542 0.5815895 0.7050652
0.2932217 0.5825191 0.59686875
0.32027787 0.49711454 0.67276406
0.66005075 0.6794931 0.6201708
0.63925207 0.7225507 0.6452261
0.9531676 0.6596634 0.47358665
0.4542089 0.58456105 0.5403637
0.19084506 0.4923789 0.497526
0.16663334 0.46568257 0.4798274
0.3078832 0.4894478 0.29510507
0.31835973 0.48537558 0.3282426
0.31896538 0.526676 0.31884524
0.5431431 0.6650295 0.19520575
0.61934537 0.7732708 0.23760593
0.78114575 0.80689645 0.2028141
0.9114705 0.939539 0.20733371
0.4181435 0.69470614 0.48716003
0.3915661 0.5804626 0.5002672
0.20342301 0.07169254 0.6271764
0.19291681 0.12001272 0.5267423
0.11562549 0.026535034 0.503168
0.09105581 0.043537684 0.41493535
-0.06834346 -0.0050904825 0.7407104
0.17381912 0.15161946 0.64367914
1.1238066 0.45811257 0.6905857
0.6251184 0.21027961 0.41211107
0.69942504 0.28198713 0.5665929
0.5505653 0.27798647 0.58839816
1.0521042 0.4347366 0.6213355
1.1205066 0.42324373 0.57737064
0.97458524 0.4969871 0.569733
0.81932753 0.327801 0.7681668
0.87279356 0.42283228 0.6457692
0.071213804 0.6062991 0.27226165
0.053544663 0.8315702 0.25560743
0.08394761 0.92060536 0.20313181
0.11359988 0.6005938 0.21332759
0.13177527 0.5070252 0.24894935
0.068545826 0.6100667 0.20661727
0.49744552 0.52870774 0.5127547
0.54739565 0.51718855 0.4975633
0.59162754 0.5983502 0.52084136
0.5898047 0.6164769 0.5367386
0.7703155 0.5902005 0.58296806
0.634051 0.3869138 0.5583488
0.27667254 0.33041456 0.5549065
0.5072053 0.18803838 0.5099051
0.15843819 0.06276539 0.47095847
0.9976322 0.34519705 0.486755
0.29456592 0.15754433 0.47862175
0.8808489 0.3301956 0.5208564
0.42604476 0.17492707 0.48966813
0.03037139 0.031024035 0.48598552
0.93415195 0.35515267 0.45735937
0.59770447 0.2341339 0.59665394
0.118088946 0.43740952 0.22539383
0.35209465 0.45408577 0.21567965
0.8614183 0.47944033 0.28186652
0.49365067 0.4318251 0.26120785
0.41891718 0.4798398 0.17158726
0.45041883 0.4225226 0.24274218
-0.005602509 0.61097604 0.2173455
0.41876644 0.12467677 0.12254321
-0.041538075 0.62551844 0.13381715
0.3180703 0.37396407 0.23669118
0.32579178 0.23838082 0.38486063
0.06848421 0.3091777 0.5989392
0.06036359 0.34093663 0.6062148
0.27270222 0.35521582 0.5486404
-0.00873962 -0.0701307 0.49569607
-0.15640233 -0.07409192 0.32150975
-0.10898964 -0.07656851 0.38338917
-0.022414207 -0.022335276 0.41955698
-0.080412626 -0.065824635 0.7006134
-0.009047054 -0.023192056 0.61197627
0.07063517 0.033873476 0.6043811
0.12054048 0.032923754 0.53829837
-0.006277971 -0.031749003 0.43377438
-0.11697149 -0.08275824 0.5067272
0.14242902 0.5094775 0.6164538
0.04901319 0.7091686 0.5929799
0.320215 0.48931444 0.65218645
0.18358603 0.5258848 0.59519476
0.13745311 0.48462513 0.6410434
0.35042316 0.50449604 0.5817084
0.36972266 0.6465681 0.6189939
0.30268416 0.56413734 0.56293905
0.3964576 0.5367693 0.6059479
1.0180976 0.48668045 0.6102574
0.42376763 0.5452644 0.65444463
0.34525114 0.4868852 0.59238565
0.49033552 0.65495735 0.5969305
0.044742122 1.1192113 0.5186859
0.44868886 0.6131485 0.7364
0.09439755 1.0653709 0.33614284
0.124600306 0.5321515 0.7425247
0.3071888 0.4901507 0.6181388
0.13878345 0.4840686 0.6803652
0.22859877 0.47591925 0.5627043
0.76381737 0.57665133 0.5324367
0.14728433 0.532596 0.56388986
0.10207699 0.37701124 0.6193229
0.11235553 0.40290725 0.58629346
0.65438944 0.4524535 0.5732569
0.44766837 0.48045188 0.38898647
0.58376336 0.46779436 0.32138583
0.37961984 0.4944544 0.56445116
0.22970277 0.47545186 0.5422132
0.15065357 0.39913082 0.4627716
0.9901661 0.39246798 0.46452537
1.0457902 0.41429126 0.50687015
0.9881921 0.4025456 0.44185758
1.0114807 0.38813233 0.4639597
0.9698076 0.3936226 0.46370775
0.9280986 0.36593634 0.41729367
0.95350194 0.38186198 0.4795472
1.2255558 0.36635298 0.4380374
0.7451224 0.39535204 0.44081515
-0.0037340745 0.65601367 0.78492934
-0.0028283596 0.9325308 0.78236866
0.013052538 0.7526367 0.75076103
0.14307404 0.4389035 0.78186053
0.020191804 0.81382805 0.80004525
0.011084355 0.6650858 0.7248621
0.035816386 0.3410638 0.7866864
0.040762685 0.5682888 0.8325294
0.9889166 0.3998799 0.6603795
0.35780203 0.13059422 0.51735556
0.23005816 0.12617725 0.5537504
0.90834254 0.35032606 0.5547285
0.9777624 0.400465 0.59428704
0.88397044 0.36458087 0.50826657
0.17189747 0.49136227 0.6875055
0.1788178 0.459507 0.7037334
0.36677164 0.51943433 0.30688554
0.5499257 0.46609494 0.22811285
0.7285933 0.5723788 0.27556792
0.39768374 0.56327975 0.26459226
0.94596916 0.53200406 0.21547055
0.39771962 0.46546298 0.19727337
0.15259501 0.35305238 0.42649394
0.10904867 0.36745825 0.47903603
0.12435104 0.40483892 0.42970982
0.08416791 0.48576024 0.41431382
-0.018653125 0.62157875 0.38588268
-0.009046942 0.5179492 0.34567958
0.25035018 0.3572815 0.4278757
0.123171985 0.43884683 0.51386744
0.055079192 0.639648 0.3490768
1.0291189 0.5376738 0.45837313
0.05684045 0.46658617 0.48776639
-0.00013288856 0.35201037 0.5330834
0.0060226843 0.77377635 0.4873175
0.06369271 0.92847484 0.57993376
0.049595714 1.1325053 0.5499592
0.07575962 0.47359967 0.5159211
0.12522338 0.48317075 0.44522366
0.10479839 0.7437032 0.61720055
0.16010724 0.5349491 0.7045511
0.21584542 0.6916816 0.40148497
0.16912965 0.75001657 0.27079308
0.13972177 0.55078965 0.19644593
0.05668222 0.48111832 0.20916027
0.08051629 0.5462976 0.1915409
0.034967795 0.44926876 0.22774997
0.72565734 0.5095614 0.6250775
0.12885597 0.56646454 0.41534472
0.31369817 0.6593869 0.19653144
0.18834798 0.60841113 0.20837745
0.14242351 0.5474061 0.21512789
0.15265183 0.53034824 0.18614626
-0.06675331 0.6300909 0.08076298
0.065910175 0.8130842 0.08534431
0.17881061 0.42864925 0.110847
0.17937812 0.49966618 0.15490738
0.14673439 0.51944566 0.11465052
0.7220539 0.2694589 0.5051649
0.94314045 0.33991817 0.4667049
0.60336465 0.069761634 0.530411
0.1339548 0.5365944 0.48508006
0.16442676 0.5512297 0.43850428
0.13970183 0.52081525 0.50540864
0.1534037 0.52784926 0.50027335
0.16923279 0.59255856 0.49277547
0.19731402 0.71018344 0.50840694
0.389997 0.20327494 0.6798731
0.0041385926 0.38242537 0.89897853
0.431327 0.19095862 0.6398948
0.5322292 0.3641404 0.22137043
0.4587431 0.3795786 0.18580368
0.6838436 0.4581483 0.3095572
0.20064406 0.35291243 0.3236384
0.15377453 0.30548394 0.30755943
0.20136651 0.34430325 0.27847174
0.14840904 0.5164637 0.38266808
0.21822307 0.5882386 0.36240458
0.19864133 0.6533536 0.32786208
0.22161224 0.65790516 0.38764828
0.13248268 0.6967856 0.2879424
0.21898673 0.61723584 0.34015834
0.18509369 0.59454423 0.5778657
0.13100314 0.65629303 0.5344167
0.07810674 0.65909904 0.29974386
0.15180461 0.7427684 0.2808904
0.08569406 0.56356865 0.31915718
0.37580866 0.34216195 0.59196305
0.0017200038 0.0002847165 0.5456133
0.50568795 0.19537961 0.5359333
0.0412646 -0.018588997 0.5499308
0.039917156 -0.02553311 0.5489284
0.03015095 0.0046700425 0.5021307
-0.008061692 0.055614337 0.6291548
-0.008478694 -0.05718267 0.4332586
0.075054854 0.50720966 0.13738972
0.019506536 0.46702486 0.17191854
0.059814412 0.38200998 0.20394531
0.042643722 0.49233758 0.16294152
0.07594544 0.50194013 0.1505688
0.095204666 0.4460522 0.5562015
0.108861 0.44726324 0.59356487
0.08243887 0.47093764 0.57746434
0.10100926 0.45353246 0.5656671
0.07545112 0.5253233 0.52549636
0.12651876 0.4577837 0.5301817
0.15269071 0.63514245 0.26137614
0.08650465 0.5609097 0.33852613
0.11239832 0.51652396 0.32276422
0.09690729 0.4566958 0.3616127
0.14714119 0.7947481 0.3544567
0.13396938 0.5832424 0.31638306
0.086348265 0.67077726 0.3062195
0.12482983 0.08569251 0.55194044
0.2657001 0.20540935 0.6000906
0.41633075 0.21510744 0.6041185
0.25802022 0.16537833 0.5761435
0.8485523 0.36276135 0.60718024
0.7688831 0.29679734 0.59882796
0.20895964 -0.020141058 0.3959677
0.21150929 -0.014722101 0.42162684
0.2716617 0.023835383 0.45593816
