0.062815264 0.49626723 0.41006106
0.085032105 0.4385457 0.48024267
0.22459033 0.55200666 0.50126064
0.08454862 0.48674545 0.4676563
0.11093964 0.4604276 0.4733418
0.046305764 0.027166434 0.5925529
0.20504388 0.08314578 0.5730674
0.3190246 0.13447306 0.68951887
0.041290402 0.03244493 0.67783827
-0.02794902 0.004271917 0.63293076
-0.07158498 0.60518473 0.21827346
-0.012725703 0.30012366 0.27746773
0.11817062 0.22115219 0.27801046
-0.031913623 0.65029323 0.3065423
0.049603865 0.21892995 0.33860847
0.099475294 0.43890393 0.6000866
0.10108689 0.59894466 0.54827726
0.07989305 0.39258456 0.46774697
0.21221605 0.06684602 0.5536921
0.14881149 0.08481431 0.5766981
0.04812265 0.02383387 0.46753502
0.10913058 -0.03769859 0.51360685
-0.02130559 0.022864379 0.5493076
0.81088907 0.34158358 0.48876017
0.91836053 0.4031537 0.55835265
0.9191301 0.33229852 0.4727108
0.8323605 0.42566845 0.7805152
0.8713637 0.4057265 0.567306
0.36927232 0.2323936 0.7777198
0.8713648 0.40508294 0.6872621
0.65988797 0.46383882 0.64561385
0.15565771 0.548858 0.27608195
0.19522297 0.5410772 0.30020177
0.13634259 0.6530874 0.28406817
0.99458456 0.42536283 0.47585672
0.99037504 0.4795768 0.41033036
-0.037731722 0.53842735 0.5802726
0.109956995 0.37346712 0.6142462
0.19866326 0.49860194 0.4272765
0.18494913 0.49890414 0.43426085
0.16373342 0.43719688 0.59135103
0.15636286 0.5374201 0.54494286
0.09577507 0.815375 0.49137005
0.11156568 0.7094103 0.4821203
0.8375153 0.82809764 0.39353687
0.45058468 0.72327447 0.3087741
0.57340556 0.7529957 0.32555613
0.51383126 0.73109186 0.31755313
0.8395986 0.8374453 0.2899476
0.7368082 0.8087996 0.28917077
-0.025363669 0.005905077 0.4937842
-0.07201194 -0.010052428 0.5877978
0.08146782 0.06324953 0.53689367
0.021020547 0.012598693 0.56541586
0.33535984 0.1164675 0.57131946
0.043059476 0.053541243 0.5216744
0.020975333 0.01335451 0.48509455
0.067289695 0.8277348 0.22174603
0.07019137 0.7421274 0.23575488
0.114148945 0.76022667 0.22055832
0.1450854 0.7179402 0.19171882
0.12153992 0.8399665 0.2113898
0.66608006 0.47197524 0.61375576
0.68109107 0.50705785 0.667011
0.8732202 0.5663603 0.68297356
0.7095319 0.5432449 0.6650148
0.73677856 0.5845309 0.646408
0.81465787 0.7252852 0.7571116
0.3421184 0.1813624 0.44896334
0.3003956 0.21212593 0.56123865
0.08160555 0.25759208 0.29335704
0.36219457 0.35580763 0.3452298
0.32922968 0.37614444 0.43988118
0.23773623 0.3123711 0.287971
0.298447 0.3950247 0.32419133
0.2562396 0.56703347 0.6911549
0.41312447 0.6217718 0.60234785
0.41432485 0.50526214 0.72800833
0.72796637 0.6561389 0.68063337
0.6650966 0.67548084 0.699708
0.8335157 0.6523471 0.5719243
0.44461513 0.54936373 0.5136592
0.17068571 0.50077677 0.52539635
0.23624039 0.51596874 0.51261735
0.31493866 0.51598924 0.30440545
0.3027581 0.50783104 0.32132038
0.31121308 0.54279625 0.3316841
0.82566255 0.4973768 0.17683104
0.6306188 0.7812303 0.27180684
0.8211626 0.8115794 0.22361252
0.87706506 0.8800819 0.21625409
0.36438888 0.63605297 0.5193362
0.32749158 0.502198 0.5145668
0.23664579 0.103966035 0.5951024
0.2060461 0.059513167 0.49588895
0.22704214 0.02876921 0.45383984
0.21910396 0.05178344 0.64232737
0.01832712 -0.058450155 0.58108133
0.22254536 0.09735829 0.5494391
0.92140245 0.35351655 0.6374145
0.5821708 0.15884855 0.3487606
0.48328683 0.20245951 0.6110323
0.30130062 0.23225519 0.5790879
0.99914825 0.4427288 0.5522042
0.9192806 0.3468527 0.5349984
0.85037035 0.48386595 0.6578965
0.8142995 0.332472 0.7299424
0.8509971 0.39004844 0.5672618
0.08634251 0.57800066 0.2650987
0.056001686 0.7651448 0.25683683
0.081124336 0.9198015 0.1751922
0.11402485 0.537292 0.22052237
0.121818125 0.33983824 0.30094072
0.20068407 0.41000167 0.16346988
0.5144137 0.49783722 0.5028824
0.8053917 0.60229504 0.5015901
0.593744 0.5921676 0.5174195
0.6161766 0.61611736 0.52260727
0.7160748 0.53779215 0.59712785
0.80226344 0.46503183 0.585733
0.17618077 0.24465725 0.54115885
0.7135643 0.2525831 0.48938343
0.16769215 0.04783398 0.49592018
0.6644334 0.20759547 0.36831343
0.64496154 0.23277178 0.50769496
0.6404446 0.22467694 0.46142256
0.26603934 0.09467474 0.45589405
0.0136112645 0.020805143 0.54534304
0.8556047 0.36637282 0.41782168
0.44224408 0.18895265 0.5639085
0.17201012 0.30492496 0.27852127
0.24198183 0.34068668 0.22128788
0.98346174 0.4426874 0.23304918
0.5722529 0.345903 0.20151749
0.8148421 0.41137013 0.17570704
0.6852594 0.3521141 0.22830746
-0.010903858 0.6223268 0.19674721
0.50313103 0.3141495 0.28628662
-0.035158105 0.39006126 0.2041252
0.25408235 0.31462988 0.24855891
0.19866067 0.11563969 0.34391612
0.035566576 0.28814623 0.6442649
-0.014058717 0.28927708 0.6417557
0.020528708 0.27948907 0.56612986
0.07595692 0.012307532 0.39619637
0.048877813 -0.024591811 0.3386074
0.068930216 -0.026763156 0.24289668
0.2720452 0.09873345 0.4182774
0.37276438 0.12705901 0.66602266
-0.005752936 -0.022027008 0.46643454
0.70341563 0.301448 0.42768222
0.10396367 0.052265264 0.41459787
0.4612397 0.17737621 0.5105614
-0.09957405 -0.026826292 0.5061704
0.1265185 0.47212496 0.6328501
0.03432387 0.7045481 0.6083543
0.2306498 0.44474688 0.68871695
0.08114964 0.3847212 0.72924834
0.12573025 0.4758263 0.65825355
0.27993003 0.46935105 0.6246185
0.3576756 0.48920235 0.65363866
0.33104452 0.5109783 0.5257125
0.32459363 0.37005237 0.67584926
0.8436584 0.47983494 0.71272343
0.43380657 0.49404052 0.7302074
0.30558273 0.47843853 0.6436531
0.5066111 0.6124716 0.6314483
0.04976574 1.0844033 0.5131753
0.48008093 0.58013666 0.7716562
0.15712503 0.86463386 0.27495623
0.506833 0.5111292 0.7568124
0.38664052 0.43455985 0.6107406
0.13704982 0.42010593 0.6478373
0.23391294 0.5198959 0.5440519
0.9568086 0.6596036 0.5173479
0.08488491 0.40298995 0.54971313
0.06889446 0.32796064 0.632225
0.07073654 0.38171247 0.63244206
0.8858068 0.55711883 0.5886765
0.4011191 0.5941421 0.36079872
0.35763812 0.4268289 0.32628876
0.3527958 0.43403706 0.5212414
0.22676083 0.42530128 0.51885384
0.06955014 0.24824142 0.40708798
0.95286345 0.36047783 0.46084112
0.9192609 0.39236486 0.43663186
0.91474694 0.3705023 0.42205137
0.96210885 0.33158097 0.44680196
0.9726197 0.37187186 0.45917326
0.94532186 0.356598 0.41865343
0.9720842 0.38498712 0.48843175
0.8829726 0.16464007 0.29388362
0.89728945 0.39888078 0.38671285
-0.0016924366 0.5808692 0.8042169
0.019005027 0.7581928 0.8117791
0.044429272 0.5799229 0.8119678
0.10713026 0.32562265 0.8111659
0.05241815 0.6359739 0.83869445
0.014606722 0.48675546 0.85648626
-0.014478862 0.29516807 0.89824605
0.0148771405 0.5163757 0.86630803
0.91049737 0.3905632 0.71666366
0.79905725 0.3301001 0.5746833
0.60126156 0.23983324 0.5493894
0.83243847 0.306875 0.59398746
0.8953565 0.36558744 0.6055602
0.9194421 0.3669803 0.52579975
0.25698566 0.48342508 0.7055755
0.18960544 0.43617404 0.6739313
0.28040394 0.35124484 0.25755945
0.35033643 0.3049043 0.20174891
0.37604478 0.38712937 0.28134906
0.54862183 0.66343915 0.27510417
0.69535774 0.38722324 0.15806554
0.30210447 0.3421809 0.2699105
-0.027417786 0.22732368 0.4242919
-0.0034222603 0.2867079 0.42285657
0.16013595 0.43430904 0.40383476
0.28163615 0.43372926 0.43715647
0.005946666 0.44034886 0.4160152
-0.01985351 0.44393572 0.39993477
0.058167554 0.36182192 0.44271597
0.06738894 0.41293344 0.48065332
0.35650283 0.40509647 0.41863528
1.1267159 0.562221 0.48986742
0.17301174 0.37897012 0.48735276
0.029114392 0.3196454 0.5452759
-0.0017030016 0.705416 0.47309932
0.08577558 0.6648909 0.51720023
0.055249296 1.1226888 0.4901869
0.18239829 0.35340866 0.53733575
0.44519237 0.3661115 0.4811886
0.10215795 0.5414682 0.6432788
0.13068774 0.4523393 0.6755338
0.20364177 0.5843377 0.41204494
0.175221 0.6292522 0.30572248
0.099688984 0.42540678 0.25230592
0.035687193 0.4767926 0.18349257
0.03811389 0.43032718 0.27160886
-0.025709398 0.43387517 0.23993182
0.7708125 0.5119133 0.92748666
0.16150893 0.44286126 0.42467877
0.34525168 0.6411501 0.1929631
0.17761539 0.58689183 0.21037012
0.111578725 0.57169634 0.18156323
0.09070903 0.55305946 0.19555071
-0.044291332 0.4444025 0.10023558
0.057073504 0.75079906 0.10091865
0.48908618 0.4866151 0.08475192
0.18141833 0.5152068 0.16180857
0.15568164 0.5051246 0.15513547
0.72966665 0.21189323 0.48254764
0.84777516 0.23062253 0.32529947
0.83503026 0.13743976 0.42605382
-0.005165808 0.58207405 0.46845993
0.0038658082 0.5313029 0.45819682
0.08901184 0.4650959 0.49092758
0.10130958 0.4658617 0.48587114
0.08109886 0.49171558 0.47772115
0.07985413 0.62602437 0.5083091
0.41824794 0.21895579 0.70407635
-0.048616983 0.38561213 0.8782214
0.5641111 0.23107246 0.72643226
0.835892 0.3810983 0.14345491
0.87514037 0.3653261 0.21741259
0.676202 0.38080305 0.19874987
0.2007114 0.36155286 0.28665128
0.13462058 0.27969393 0.2717295
0.112409435 0.3717558 0.24467316
0.08999252 0.50680435 0.36334237
0.14415817 0.589188 0.3496762
0.12463139 0.5424893 0.31915393
0.19220668 0.61185896 0.36732394
0.1295822 0.60991323 0.28678474
0.22861564 0.6346941 0.32394066
0.1511569 0.50176704 0.57636416
0.13734421 0.5318321 0.5156106
0.04673636 0.5067682 0.30548415
0.19559947 0.5123828 0.3486574
0.05893793 0.46324453 0.35477036
0.6442674 0.38485995 0.5554562
-0.015265442 -0.012302712 0.5383791
-0.032911606 -0.03734856 0.5187078
0.118307754 -0.01442989 0.5215866
0.074290276 -0.0128584355 0.5567399
0.079299174 -0.0027130842 0.55712163
-0.053712003 -0.0020449534 0.69630414
0.1437737 -0.0011512861 0.39636758
-0.027344085 0.4213899 0.13700514
0.027569592 0.41059503 0.17618673
0.021601494 0.37264827 0.17101076
0.023276787 0.44793853 0.1773107
-0.015134029 0.4290988 0.18619774
0.28175527 0.42895916 0.5296682
0.11678554 0.39055014 0.6178606
0.08719833 0.3954022 0.6113226
0.16135967 0.39972886 0.5806543
0.07553835 0.41481137 0.5247908
0.17012724 0.4489389 0.569214
0.15032491 0.46897495 0.3141518
0.07762547 0.6321342 0.29006627
0.072991855 0.4553418 0.32766765
0.039512556 0.4628854 0.33449444
0.13573939 0.6099011 0.36571783
0.08676477 0.5069038 0.29715198
0.08626447 0.5039066 0.3080091
0.38481414 0.16700839 0.6006048
0.13808382 0.10709892 0.58871937
0.6581756 0.2767785 0.6613304
0.09169963 0.06480099 0.5882938
0.9050636 0.4097077 0.6194555
0.86772263 0.39023408 0.63234067
0.5210933 0.05768701 0.4240767
0.40111634 -0.03840828 0.4386784
0.5636529 0.10319621 0.50401664
