0.14422134 0.49141258 0.4539134
0.13108923 0.36015597 0.47083592
0.1964692 0.53807026 0.48094797
0.11517272 0.5006243 0.45920807
0.16200088 0.48772493 0.4649033
-0.034850538 0.5800075 0.20090312
-0.027501553 0.28961566 0.28930944
0.076066285 0.22134402 0.2999536
-0.026450485 0.740253 0.25465882
0.14168851 0.3176734 0.30307072
0.08997856 0.44502753 0.5690411
0.10145177 0.566735 0.52893203
0.21705274 0.37687886 0.52354825
0.4648777 0.31313714 0.8487849
0.8214139 0.37551975 0.60782313
0.4419177 0.28139862 0.8136411
0.7710999 0.39759243 0.72247255
0.389735 0.4490314 0.61845833
0.18929115 0.5748296 0.2746591
0.20361738 0.52227855 0.29220858
0.17140546 0.62976444 0.29689848
0.9476776 0.4360611 0.56514454
1.1816788 0.5134063 0.56042403
0.068950325 0.49947795 0.57950807
0.056930684 0.40424955 0.56143457
0.20731902 0.50675493 0.4391437
0.18535113 0.51103055 0.4389395
0.17838539 0.43670627 0.5778135
0.1864575 0.54288524 0.58068424
0.112911925 0.8680607 0.48283184
0.14980803 0.58586204 0.49040782
0.8414569 0.8648989 0.3567513
0.4463556 0.7563697 0.3531871
0.65770054 0.77922285 0.3109329
0.59198904 0.7538424 0.26756954
0.8349377 0.8534628 0.2993696
0.7907982 0.8109871 0.25892717
0.06728025 0.85357183 0.22109875
0.089241065 0.7300119 0.23822463
0.15505841 0.6883361 0.25733507
0.1715382 0.6888751 0.23157793
0.16831131 0.76563233 0.21791694
0.7232177 0.5060973 0.6888818
0.7465296 0.56186736 0.7460184
0.8629823 0.5622562 0.69836503
0.7723907 0.60699964 0.7073218
0.77134025 0.59206337 0.64023983
0.8268131 0.7334382 0.7357579
0.348626 0.18275423 0.45419767
0.31884405 0.2384502 0.5471476
0.018578857 0.27346846 0.29949352
0.3743036 0.3754892 0.3693626
0.40004095 0.4092405 0.4188457
0.30123857 0.3320529 0.31753328
0.3303805 0.36476266 0.31560907
0.20348015 0.5370113 0.7021065
0.3458871 0.5305289 0.594632
0.3460041 0.48046386 0.6598016
0.6195018 0.6435182 0.6365509
0.60628843 0.6911292 0.64629257
0.69616413 0.6342194 0.5156175
0.45844033 0.5662896 0.5232495
0.15786508 0.47670683 0.51691175
0.12293055 0.46530002 0.48753133
0.28161937 0.46234763 0.28426513
0.27282694 0.44894195 0.3447883
0.3321621 0.4792071 0.33857867
0.40541884 0.6832614 0.5187255
0.35053673 0.5568327 0.51583415
0.5187632 0.19934815 0.5599788
0.54274654 0.28456354 0.5782213
1.0233773 0.41772556 0.59405285
1.1005609 0.4398802 0.56852967
0.7680423 0.42931205 0.557591
1.07348 0.41245764 0.79496205
1.0771887 0.4387139 0.6367272
0.10772566 0.5593197 0.27117443
0.08189773 0.74145985 0.27108613
0.094440736 0.9607563 0.17150259
0.12189307 0.5697374 0.212782
0.3378552 0.50185317 0.30538204
0.13555253 0.52693135 0.25012693
0.51415545 0.50370663 0.5149398
0.6576824 0.54881334 0.5248691
0.60047317 0.60282356 0.51012665
0.5868412 0.596331 0.5192943
0.74985266 0.5469478 0.57587004
0.85724616 0.48106122 0.5529959
0.2680742 0.30552638 0.5522204
0.18703343 0.37897313 0.29178354
0.6515236 0.48301947 0.2463966
1.0292217 0.50019366 0.3519481
0.7749227 0.43885162 0.270444
0.716758 0.5064794 0.21019861
0.5906756 0.42279416 0.24895725
0.028186858 0.6011176 0.2319726
0.2583748 0.23426041 0.14088848
-0.0018135905 0.5401804 0.19151604
0.22111514 0.39800537 0.25033134
0.1469044 0.44308487 0.60058415
0.07045333 0.579337 0.6185729
0.29593748 0.46798843 0.67798895
0.26137173 0.36766493 0.6950295
0.18734874 0.4265423 0.64357966
0.39921603 0.41232383 0.6195606
0.4012742 0.4698302 0.6007045
0.35584465 0.39363658 0.53983957
0.3280089 0.43424076 0.6239235
0.89770186 0.51976377 0.6989932
0.3806685 0.44882098 0.6842249
0.3566877 0.4994616 0.6112635
0.42701426 0.6209372 0.60295993
0.03228896 1.0835338 0.5496586
0.48445204 0.5812646 0.7527442
0.10754445 0.9284458 0.28108662
0.18345787 0.4705315 0.7229612
0.21732497 0.44304392 0.6634202
0.15292262 0.41975683 0.70832556
0.24270073 0.4211591 0.55283725
0.38704053 0.4904281 0.5324243
0.05642063 0.46836618 0.60767543
0.06676501 0.31370404 0.6271258
0.09681921 0.36491707 0.6542138
0.69048536 0.45049843 0.6143123
0.32874492 0.4742064 0.44291368
0.8045639 0.5829698 0.44144213
0.38651958 0.44784498 0.5220413
0.292673 0.4209227 0.4943921
0.11042895 0.27542755 0.4450558
0.010984145 0.53709596 0.8190353
0.033223055 0.8688245 0.73639923
0.05353883 0.7128353 0.7757209
0.16055226 0.32262623 0.7575687
0.07177854 0.9022167 0.74675167
0.07329282 0.47756362 0.77254164
0.051124692 0.33762407 0.86679935
0.08565146 0.52660596 0.82201564
0.17023152 0.43529466 0.7011757
0.1495204 0.43110317 0.69838405
0.25557277 0.47262323 0.40397865
0.5127261 0.45079684 0.30024296
0.4999039 0.5515954 0.48844296
0.34237093 0.506825 0.30069864
0.5961782 0.51262873 0.238109
0.0871892 0.30867934 0.31166145
0.0933688 0.304853 0.41000634
0.10840172 0.31501257 0.46665215
0.24827534 0.38677907 0.44008327
0.035301037 0.36148512 0.3737965
0.048286393 0.4887807 0.43094832
0.017125167 0.398679 0.42760998
0.02884338 0.30387858 0.46424156
0.1521854 0.35391623 0.50680596
0.254911 0.5004669 0.4340961
1.3538541 0.71242774 0.52069366
0.023922093 0.34573865 0.49448144
0.03118182 0.28836268 0.5416281
0.016983867 0.5875207 0.48413432
0.06913085 0.84476817 0.5216532
0.05332271 1.1725478 0.48716363
0.16409728 0.33417913 0.5307359
0.18960592 0.37769124 0.4903549
0.21345474 0.5258232 0.595147
0.22897427 0.4752425 0.6190294
0.23451443 0.6356031 0.42955974
0.15067644 0.6781659 0.29424304
0.14291608 0.484792 0.25757515
0.080029204 0.48384118 0.21180278
0.07823666 0.4831781 0.24993178
0.0255507 0.44478405 0.2586612
0.51458466 0.41762483 0.55596966
0.31163502 0.4601088 0.4707021
0.33143738 0.65324044 0.20045012
0.18546271 0.6247987 0.19353877
0.15759677 0.55541134 0.20849764
0.13690773 0.5235488 0.19070767
0.049411383 0.5559392 0.08128546
0.09295116 0.7227371 0.101856284
0.11836779 0.367503 0.12632905
0.1814705 0.49655014 0.16026416
0.16603479 0.50547624 0.14017314
0.12162435 0.5650277 0.4804082
0.13922516 0.5347191 0.47214252
0.14049596 0.46459717 0.50831383
0.12914097 0.4509551 0.52042586
0.17971767 0.44859356 0.53086305
0.16284002 0.5797825 0.48605427
0.3978274 0.20183995 0.6854303
0.0055230334 0.3289417 0.8832739
0.48775443 0.22714749 0.7040163
0.20239797 0.36273223 0.32247216
0.16556755 0.30717492 0.3050911
0.16787791 0.3617005 0.2832054
0.19048804 0.47254658 0.36084193
0.18151997 0.53756887 0.346595
0.19710961 0.55015475 0.33264306
0.22706412 0.61293834 0.40398744
0.19406304 0.5712637 0.31411874
0.2231041 0.58658063 0.32764295
0.22465995 0.50020856 0.5503185
0.20433393 0.53685623 0.50788546
0.1563578 0.4832149 0.341657
0.20631939 0.55088407 0.35363877
0.17680654 0.47380152 0.34428504
0.42317033 0.307834 0.57077414
0.03895509 0.4813441 0.18449569
0.041138418 0.37937245 0.19137129
0.04388482 0.39010376 0.19531047
0.033352222 0.43935403 0.17207623
0.004838068 0.45484987 0.19559337
0.08903536 0.36101723 0.590819
0.10784859 0.3742105 0.62596893
0.13247983 0.37748554 0.60211384
0.09755849 0.37805006 0.5954092
0.13020095 0.39656648 0.5688039
0.13074094 0.38659793 0.5660209
0.21040748 0.523062 0.3000205
0.116245955 0.5627938 0.30931172
0.11091503 0.41401553 0.30969182
0.14246945 0.44952714 0.3584593
0.21888179 0.61801666 0.368856
0.16125602 0.48583692 0.34376878
0.13295153 0.523178 0.328003
0.11311623 0.056130007 0.5618126
0.17427173 0.1419217 0.53010494
0.34015742 0.1810981 0.6047486
0.04387203 0.06850284 0.5432553
0.6508342 0.3381186 0.57650054
0.67354274 0.3575848 0.6249717
