0.062633686 0.5171016 0.47902012
0.20340168 0.42452908 0.5062163
0.2616548 0.54883957 0.50815326
0.10936594 0.47114554 0.49226815
0.10787148 0.4720416 0.49183154
0.08495413 0.027175236 0.56497777
0.087833956 0.012774751 0.48726034
0.4190569 0.17535853 0.79594606
0.02664115 -0.008033417 0.64234203
0.035089903 0.0023192465 0.59193695
0.00238543 0.60639787 0.20541959
-0.010473296 0.21862799 0.32547262
0.051974896 0.19396544 0.309811
0.0083213225 0.77024305 0.2760354
0.057402313 0.40363654 0.2925734
0.05566594 0.6173334 0.5911216
0.13485879 0.5534916 0.54786104
0.084764384 0.38718188 0.51623446
0.028541163 0.033592753 0.49591604
0.217529 0.07479023 0.550769
0.051870055 0.008247897 0.5450483
-0.012409203 -0.039445363 0.46656954
-0.013454221 -0.023796 0.5741661
0.88043416 0.34483173 0.48853803
0.9467794 0.4042108 0.57800573
0.92895824 0.35036808 0.5228791
0.49322626 0.36234856 0.81633
0.82555753 0.3680396 0.52482164
0.3620808 0.2656814 0.77122164
0.8922244 0.4123803 0.7527552
0.17456314 0.42915982 0.6826979
0.21957129 0.536917 0.29554164
0.20190215 0.5289848 0.29608715
0.15073265 0.6812821 0.28220126
0.6131843 0.4520564 0.62763816
0.79538506 0.45557052 0.55102044
0.055859156 0.57254654 0.5955106
0.12192855 0.38609433 0.6005068
0.21877578 0.52270395 0.42664725
0.20729783 0.5181848 0.42609113
0.18589655 0.46231472 0.5848484
0.18483517 0.53986025 0.59274006
0.08290682 0.8037746 0.55597097
0.09901069 0.6728142 0.5379144
0.80863756 0.81252146 0.35556912
0.48436192 0.79634154 0.35622886
0.6265853 0.7830549 0.34238797
0.6313032 0.730605 0.29857284
0.8277859 0.8595296 0.28170246
0.77022964 0.7964898 0.27623576
-0.015704006 -0.011254765 0.49384826
0.20418644 0.09190746 0.5611133
0.052154962 0.039738744 0.51234776
-0.036060236 -0.030807652 0.5313692
0.3021268 0.11558531 0.5429908
0.0009567924 0.043150023 0.4975643
0.016000196 0.041519225 0.516181
0.07303558 0.86319864 0.22660434
0.053613603 0.79515326 0.19718342
0.10449182 0.79820716 0.20625708
0.1129767 0.7983391 0.16273697
0.12547103 0.86308014 0.162574
0.7182856 0.47411236 0.7144893
0.72362816 0.5292142 0.73130757
0.94900304 0.5869601 0.690359
0.74029094 0.5522462 0.6977336
0.7574976 0.5793874 0.6441162
0.8277438 0.71663177 0.77044696
0.37009844 0.21532005 0.48455322
0.36514422 0.27447215 0.5825379
0.068481 0.32578707 0.2687691
0.48740724 0.39643377 0.34073654
0.4335586 0.41869128 0.45849344
0.33083504 0.3524052 0.32767916
0.3976851 0.40418035 0.3226194
0.24306217 0.59068745 0.6960003
0.3779933 0.6403252 0.5424093
0.34696546 0.50650716 0.6967676
0.6767449 0.6354305 0.6554667
0.6416805 0.691464 0.6684946
0.8850567 0.65977657 0.52978784
0.48430666 0.57973486 0.5245825
0.17591715 0.49630004 0.52614105
0.20656505 0.486119 0.52091014
0.3056318 0.5011083 0.30798757
0.279418 0.49485105 0.3271567
0.33888426 0.5316819 0.34779388
1.0162934 0.7649249 0.34689784
0.6645149 0.7682158 0.22771025
0.7628508 0.804281 0.18675818
0.85915214 0.90431815 0.13334297
0.4319471 0.69743705 0.5160232
0.42958102 0.57842124 0.5110213
0.12577862 0.016633656 0.61561674
0.11857477 0.03284082 0.5545793
0.15136649 0.017205551 0.5802763
0.1733788 0.04126238 0.6946549
0.05785472 -0.014292724 0.6128563
0.42278394 0.16235912 0.6170948
1.3193969 0.4965389 0.8414566
0.86098254 0.28831488 0.40524736
0.5416081 0.16197681 0.58589625
0.12053472 0.14359473 0.6355755
1.0815281 0.4463504 0.61591357
1.0965358 0.40381074 0.5673752
0.52082896 0.39092392 0.6875153
0.6522803 0.26201627 0.7404791
1.0311868 0.4441131 0.57066244
0.084402904 0.6079204 0.26852763
0.055826046 0.7778255 0.25859275
0.090166636 0.9276521 0.21809259
0.0872439 0.58903503 0.18779783
0.08902935 0.47091106 0.24159727
0.12474221 0.58669245 0.1709834
0.52488154 0.51951617 0.5381751
0.6387212 0.5609744 0.5232048
0.5997302 0.6085506 0.52351946
0.6131429 0.62659925 0.5260142
0.74579865 0.5528142 0.6070469
0.9608851 0.54599375 0.5683641
0.26501203 0.29037067 0.557817
0.5435372 0.19319484 0.4952169
0.18210286 0.049834274 0.5335123
0.870904 0.28790087 0.38197374
0.3240316 0.11047973 0.52288926
0.49887255 0.19833934 0.4793285
0.6691895 0.24281552 0.48968732
0.0015789904 -0.0015686154 0.5182512
0.8106104 0.30608773 0.45642975
0.6089991 0.25061113 0.48669356
0.15375122 0.37425455 0.19123387
0.16468468 0.4057871 0.16410697
0.87632495 0.43706965 0.17323467
0.7153732 0.40029028 0.1842429
0.57189447 0.42708832 0.22234435
0.4149905 0.3719738 0.24405706
-0.010125235 0.6654211 0.22611439
0.4646211 0.2414996 0.013890356
-0.038695827 0.5347597 0.16385534
-0.011446618 0.29832402 0.20553191
0.42788842 0.30264658 0.38840783
0.1564146 0.29327482 0.6530046
0.033684693 0.25998312 0.62584686
0.082369186 0.29935625 0.555746
0.027589709 0.01695681 0.5844754
-0.1393198 -0.036054283 0.3071983
0.413975 0.14707455 0.30759257
0.1597372 0.06647603 0.4821948
0.047026917 -0.01752451 0.6738238
-0.015327223 -0.048056208 0.4545896
0.058371037 0.006935239 0.6560045
0.07633609 -0.010447063 0.5247614
0.17315874 0.028026953 0.51674914
-0.12426587 -0.09392624 0.5442664
0.11662862 0.48740608 0.63620144
0.04953093 0.6249817 0.62512416
0.33087316 0.4584748 0.657522
0.029384121 0.4335452 0.7308421
0.094782166 0.5678113 0.67333895
0.23204124 0.6569886 0.60618114
0.24904996 0.7197884 0.6086686
0.30043057 0.6487634 0.56661355
0.464205 0.5196247 0.6623623
0.9488382 0.5494438 0.6055538
0.45650795 0.47514027 0.7413686
0.33815223 0.48035127 0.6285263
0.5028331 0.60845685 0.5753782
0.06777719 1.1105413 0.50999475
0.50580215 0.58826816 0.7564396
0.064015515 0.97989905 0.31537813
0.10691871 0.47802064 0.8046703
0.24455169 0.5735141 0.70907265
0.08910718 0.4867621 0.72420704
0.37992486 0.5669585 0.57186896
0.80372477 0.6725347 0.5085757
0.06259424 0.5062609 0.64328223
0.027230717 0.31077877 0.66494954
0.088093884 0.36288556 0.6479748
0.95004666 0.55343163 0.5786854
0.52099365 0.7056899 0.40114284
-0.0810178 0.4997326 0.31940824
0.43241236 0.4950843 0.5538486
0.3896215 0.45378095 0.516519
0.26721928 0.3707055 0.4314219
0.95666987 0.38216478 0.46974728
0.9734181 0.40025946 0.4495365
0.9784843 0.39801657 0.4257074
0.94492316 0.3708561 0.46340165
0.93255436 0.36931998 0.45163912
0.9360402 0.3594687 0.42363355
0.9484283 0.37747502 0.48698223
0.9567595 0.2755984 0.21071002
0.94581 0.41294986 0.4869401
-0.018845819 0.5060296 0.8352352
-0.0064596906 0.7823584 0.7950184
0.00477748 0.6380601 0.8258936
0.051734228 0.4321432 0.850745
0.017319206 0.8287326 0.7946402
0.0049474053 0.51067185 0.791223
-0.034075715 0.25663567 0.8118938
0.004859194 0.53501815 0.8700236
0.9858174 0.39484614 0.69358355
0.43494675 0.17591196 0.59384817
0.61822283 0.2569957 0.55826336
0.9002177 0.34606844 0.5526649
0.8852446 0.36910972 0.5448955
0.82388276 0.31973732 0.59219974
0.1675038 0.49097204 0.7257505
0.15454018 0.46838138 0.7167451
0.35036606 0.647808 0.3107513
1.0873647 0.6789578 0.29958618
0.5640707 0.6799332 0.34005034
1.1799253 0.96194416 0.2924934
0.8642325 0.62766975 0.22887686
0.43112406 0.59706956 0.18364304
0.06803381 0.28450125 0.43255955
0.021688752 0.28669354 0.46409553
0.016616262 0.37914327 0.43280643
0.11749525 0.38260633 0.415873
0.028782219 0.44319388 0.38839868
-0.0014569983 0.44099838 0.38090137
0.018489502 0.32496247 0.43078178
0.0929654 0.4598456 0.56716317
0.11009555 0.60855496 0.38731855
1.2107335 0.6384623 0.5641649
0.012487248 0.36158365 0.5047177
0.010287918 0.2862639 0.5822359
0.025793452 0.7939135 0.47527707
0.092525356 0.9262147 0.5792439
0.058897287 1.1299121 0.49675113
0.014293101 0.34421647 0.55106914
0.108236335 0.3853119 0.5239747
0.09881048 0.6256572 0.71675694
0.12097677 0.552077 0.7246048
0.2363692 0.6377245 0.42433727
0.12641883 0.7226366 0.2943821
-0.005454816 0.45404756 0.28107134
-0.02649521 0.51914084 0.23176676
0.0035338476 0.42515403 0.24913171
-0.04814113 0.42104346 0.27392507
0.7755281 0.4194078 0.9183166
0.06552346 0.41108292 0.50233495
0.347363 0.64507496 0.19031134
0.14099436 0.62310743 0.24471693
0.13084877 0.57040054 0.20016558
0.12831137 0.5227102 0.14971879
-0.09040768 0.4496566 0.076362036
0.050363623 0.8215277 0.054915994
0.16684312 0.41638854 0.20794384
0.18984497 0.5088768 0.14490998
0.16616046 0.4958018 0.123042524
0.69876415 0.23948511 0.48664984
0.8882205 0.2922441 0.36574078
0.8795964 0.22778913 0.37980774
0.08282259 0.6008245 0.518036
0.06775715 0.56996167 0.5118043
0.08729859 0.4861049 0.5176144
0.10566692 0.48364788 0.5343871
0.067102924 0.5653099 0.585062
0.0978307 0.65140706 0.56872064
0.4045978 0.20693582 0.71031046
-0.034414396 0.32115576 0.8788996
0.4113551 0.18349332 0.7093974
0.83303803 0.3761605 0.13302274
0.7559215 0.36029544 0.18716079
0.12526828 0.37152964 0.13096905
0.13960978 0.34741384 0.31796908
0.06065374 0.3377724 0.30624145
0.0503645 0.4121197 0.25879133
0.11123696 0.569506 0.37369803
0.16535817 0.5846051 0.35189968
0.11611188 0.62145174 0.322617
0.20273736 0.65210813 0.4222022
0.16549459 0.59117806 0.29222584
0.19557947 0.6521329 0.3573762
0.17090067 0.5898923 0.6063256
0.15971729 0.5570455 0.5843219
0.031085506 0.59999496 0.37112498
0.12766868 0.6188686 0.39330536
0.039106958 0.5261347 0.41916522
0.21232602 0.2703793 0.64505196
0.0117606 -0.006694235 0.52892077
0.14057033 0.0270678 0.55424166
0.017186865 -0.033952698 0.46765012
0.010984663 -0.051362887 0.574079
0.045826387 -0.023590386 0.6324047
-0.045460127 -0.026556417 0.6810586
0.09488561 0.042630024 0.40158474
-0.030867592 0.48803514 0.12665609
0.0172472 0.45873088 0.14904262
0.008180492 0.40367854 0.17658705
0.0034679547 0.44035903 0.16327727
-0.028969377 0.43078217 0.19442758
0.014399342 0.37040007 0.64631647
0.03262221 0.37855393 0.6402877
0.025982708 0.3694788 0.6445284
0.023384556 0.3702947 0.6483857
0.026059762 0.3813787 0.60620433
0.12531868 0.4256975 0.59984994
0.14189127 0.52241707 0.2798947
0.078726515 0.5856133 0.29847133
0.06735725 0.47549 0.3499691
0.07933649 0.46182832 0.32552105
0.11812928 0.75925934 0.41704163
0.046440944 0.5469632 0.34893137
0.06232115 0.57619005 0.33554536
0.32277358 0.114660636 0.6126849
0.39722946 0.23561877 0.54286087
0.5383317 0.2426945 0.60857475
0.021264374 0.07905811 0.5524304
0.89233196 0.37881684 0.6180643
0.8366048 0.32499775 0.6679241
-0.12930584 -0.12882906 0.42853788
-0.06831566 -0.082109176 0.53351474
0.04879985 -0.042797543 0.51719314
