0.034958806 0.5943992 0.43938112
0.053650532 0.4299832 0.46786803
0.14974307 0.5310404 0.5164087
0.07938743 0.4904961 0.49038154
0.068299845 0.49599296 0.5021836
-0.019083288 0.5606945 0.22474499
-0.0072867163 0.3325423 0.28119883
0.067918286 0.22288778 0.30067754
-0.016180273 0.72473013 0.33468986
0.06653173 0.38130498 0.29465085
0.05135293 0.41903573 0.60319835
0.06572603 0.5936741 0.52455014
0.059582673 0.36947912 0.5262484
0.7609352 0.4348383 0.7960587
0.8176204 0.37304103 0.53987783
0.74766695 0.38870257 0.812986
0.8694333 0.41490477 0.7129225
0.17943868 0.4118967 0.6367463
0.25967452 0.50788337 0.28611535
0.18386906 0.52067167 0.31060478
0.1417735 0.68716013 0.28301853
0.58577514 0.5120844 0.45162028
0.9708084 0.5593626 0.46142757
-0.027613241 0.5714843 0.5487187
0.07688837 0.42264688 0.60536045
0.18354182 0.50251687 0.43115872
0.16500428 0.53788924 0.43842548
0.16520384 0.49108022 0.5783506
0.1296579 0.5763476 0.57953477
0.019300655 0.7827498 0.52105683
0.06732392 0.6319659 0.4994244
0.8554246 0.85677385 0.37564093
0.4296421 0.8028177 0.37664467
0.7352402 0.8067062 0.3321073
0.58202076 0.74427867 0.3196103
0.8742678 0.8552624 0.31617147
0.8533524 0.83476233 0.2829628
0.06393835 0.8522108 0.22790356
0.054919824 0.726383 0.22711349
0.14271979 0.67894447 0.24046315
0.13915806 0.7241285 0.1985074
0.13191298 0.83753395 0.18710671
0.6498726 0.45479906 0.6463334
0.69138473 0.5144066 0.68607026
0.89053786 0.53210086 0.6657905
0.7076497 0.53738356 0.6867021
0.75874245 0.5951382 0.655103
0.8251688 0.7120975 0.7498398
0.34768018 0.16399308 0.4535061
0.36850274 0.22569259 0.5004442
0.051173344 0.32266194 0.29806024
0.42574468 0.39535367 0.386867
0.3866604 0.43217206 0.4401986
0.2717318 0.41350794 0.28731966
0.2908141 0.40882647 0.32063156
0.17658775 0.62198055 0.70735854
0.19539802 0.7154715 0.5225552
0.4271872 0.5078206 0.68294865
0.64064425 0.6614714 0.6303269
0.63427484 0.6864094 0.66177565
0.76105535 0.5835816 0.47908324
0.46262404 0.5698497 0.523882
0.107981876 0.5381385 0.5184877
-0.026227344 0.57187456 0.50040984
0.3176575 0.44292903 0.29828674
0.2884422 0.45461762 0.3633694
0.34110418 0.49741912 0.35869914
0.43011725 0.7237531 0.5013526
0.3884496 0.5993153 0.49105966
0.81501245 0.3193633 0.5695102
0.30196998 0.22087315 0.6494792
1.0159717 0.39134085 0.6161637
1.0029702 0.40729856 0.6128252
0.52466536 0.34194505 0.5994088
0.82626927 0.3451109 0.74235505
1.1921479 0.51653594 0.62367266
0.07846475 0.5767775 0.27073914
0.07263109 0.7084992 0.28060126
0.08272672 0.9217024 0.19263214
0.07744157 0.5612715 0.19894314
0.036885135 0.44790518 0.23996054
0.1645701 0.53011197 0.23714934
0.53145325 0.502435 0.5146373
0.58187056 0.5355593 0.50438386
0.62063104 0.5855421 0.5138364
0.6232213 0.6112437 0.5178725
0.8029052 0.56398356 0.6122531
0.80721164 0.46259612 0.556587
0.2604382 0.28454924 0.5713744
0.10532351 0.39521843 0.23414136
0.28278235 0.4222507 0.26842827
0.8491001 0.5126449 0.24827884
0.7637009 0.46157593 0.26930064
0.48645648 0.4679194 0.15876624
0.43159243 0.42988223 0.2203724
0.006979808 0.51256114 0.21339205
0.35982332 0.1612725 0.11018897
-0.01644909 0.5391598 0.17845067
0.11487082 0.35174435 0.21858002
0.09523021 0.4959525 0.6126791
-0.021351967 0.75741273 0.5869543
0.338905 0.47223127 0.6629217
-0.07455203 0.41103786 0.61513233
-0.009632956 0.5023784 0.6367832
0.25856245 0.6794484 0.4618621
0.24954902 0.7473143 0.49120212
0.3105409 0.7554277 0.45455432
0.46668258 0.52154744 0.6142803
0.720964 0.45700455 0.5028504
0.27478087 0.46801555 0.6864447
0.35043058 0.52149886 0.61636716
0.4722245 0.60314894 0.6122994
0.04815512 1.119847 0.4904998
0.57637703 0.56294775 0.7772569
0.0666911 0.9952366 0.31779855
0.091395155 0.49441057 0.73083013
0.17781924 0.68929946 0.5407965
0.0051968284 0.6315688 0.6099161
0.26659876 0.69574225 0.50734866
0.95210385 0.7564072 0.47744954
-0.009424251 0.49731702 0.5229748
-0.008458484 0.31178868 0.63287973
0.040718306 0.409523 0.6153756
0.792554 0.59139144 0.5309341
0.44050834 0.740238 0.29045042
0.61638707 0.593338 0.42844635
0.3799626 0.48467702 0.5660672
0.2713509 0.44871807 0.533454
0.15466012 0.35479409 0.5043706
-0.018815767 0.58792555 0.8097507
-0.02490462 0.8986429 0.7457369
-0.021451 0.7705377 0.7722097
-0.052050572 0.40223473 0.70103073
-0.0169552 0.79980004 0.78497213
-0.025114555 0.5412378 0.78113943
-0.017298128 0.28121883 0.8347574
-0.031983953 0.5967257 0.8384441
0.1360768 0.5307118 0.7026643
0.14850292 0.47071594 0.7050016
0.31969076 0.5863381 0.32151854
0.78907025 0.6633469 0.36356163
0.4820535 0.58667505 0.41652328
0.8274969 0.7312773 0.3220287
0.881697 0.54433733 0.23169668
0.90876997 0.84500146 0.24415377
0.025538739 0.2613039 0.39478987
0.046730965 0.31708884 0.43960786
0.011024494 0.37170082 0.44098097
0.113888405 0.46139246 0.36071438
0.043109804 0.41957408 0.38292032
0.00531891 0.5007103 0.4016285
0.0037579052 0.2503671 0.4655158
0.012254026 0.3699134 0.550628
0.008892819 0.51378006 0.42226118
1.4927555 0.69350827 0.58379644
0.0070217736 0.35629702 0.49778938
0.0029523522 0.28795433 0.5464189
0.00037396327 0.7878205 0.44884247
0.047176395 0.8962517 0.5858971
0.017113913 1.0976503 0.53467005
0.11647579 0.32992476 0.5671434
0.15600443 0.37485433 0.46297514
0.03527662 0.6334404 0.66391814
0.100431085 0.5302472 0.6952713
0.2151372 0.627774 0.4102822
0.10048534 0.7684783 0.2804125
0.11185132 0.5052465 0.21266304
0.031723056 0.47087663 0.20180058
0.08944586 0.46465564 0.22236186
0.026999723 0.4454373 0.255495
0.81858563 0.42076194 0.7690128
0.05080908 0.46479475 0.44537038
0.28239 0.65664506 0.19242667
0.17268538 0.65002865 0.18372852
0.1484469 0.5901284 0.20244217
0.06158218 0.4472019 0.20586912
0.09747638 0.46004707 0.1385856
0.04392619 0.6226424 0.09939301
0.30164298 0.49944413 0.08334565
0.15434448 0.49381632 0.16244511
0.16952401 0.50441056 0.15253802
0.005953733 0.61009705 0.46227396
-0.008378398 0.6135397 0.4611838
0.021908168 0.5225506 0.49152994
0.037705395 0.5281581 0.4988504
-0.00016063079 0.5661173 0.47330034
0.025423583 0.7719276 0.48268306
0.4637361 0.2297083 0.7538259
-0.023036074 0.40894735 0.89340645
0.45288977 0.19770052 0.6884615
0.14720558 0.35501063 0.30777925
0.09066527 0.28303885 0.27261555
0.1098021 0.32188088 0.26167834
0.055453602 0.5702888 0.381041
0.13558145 0.6069157 0.34525996
0.08199845 0.6555164 0.30253878
0.19854464 0.6114487 0.3588302
0.1298263 0.60445553 0.3093857
0.1762648 0.6692523 0.31503665
0.13799044 0.5782081 0.5514052
0.11673108 0.59141755 0.5325108
0.047936723 0.6064165 0.29330137
0.14331268 0.7609029 0.25540346
0.10096513 0.5832617 0.3112771
0.5008857 0.34352875 0.6077458
0.00094160065 0.45605183 0.1433241
0.055360407 0.4133621 0.19020912
0.04023837 0.4153561 0.19674696
0.0154498145 0.43825006 0.17749959
0.01852097 0.4780122 0.19369552
0.042316634 0.44637924 0.498806
0.031073201 0.4552036 0.6010758
0.049052488 0.43813276 0.60669976
0.014328744 0.45354372 0.5719641
0.014224272 0.48600268 0.53906715
0.048495855 0.46693313 0.5758558
0.07520045 0.59156954 0.25590903
0.030937858 0.65503937 0.30944043
0.053757306 0.48747212 0.3595131
0.062661156 0.51963305 0.33502972
0.12504557 0.744948 0.32181513
0.07914008 0.652982 0.2864397
0.093607776 0.6517808 0.3110249
0.4781454 0.20674141 0.5810328
0.3826325 0.2008884 0.61216754
0.32164592 0.19986846 0.64297634
0.051213328 0.077324 0.55896854
0.81926996 0.368599 0.5492262
0.69775635 0.29374987 0.53584087
