0.032331575 0.6056465 0.4314567
0.105982065 0.46438804 0.49210453
0.28704396 0.5391439 0.51691943
0.09052913 0.52011156 0.4751929
0.07649554 0.51738477 0.46034968
0.07048125 0.019177385 0.561617
0.25315467 0.08609606 0.51885957
0.35789025 0.120726585 0.6963019
0.05862593 -0.0030500963 0.5924178
-0.012102347 -0.027961165 0.55891716
-0.012572136 0.5779371 0.24221784
0.016832847 0.32861653 0.24988571
0.04847317 0.26348126 0.30493683
0.015883662 0.72434485 0.28692827
0.023320898 0.38709426 0.30695575
0.010010544 0.62345946 0.5669928
0.1506426 0.54778385 0.54724777
0.04923153 0.40577516 0.5089754
0.16328044 0.13234888 0.5534439
0.8003943 0.34137443 0.5623895
0.16846603 0.0800749 0.5822004
0.102011725 -0.0011782646 0.61535233
0.061363444 0.06199793 0.5572777
0.6887458 0.2705049 0.52533907
0.8401638 0.35712883 0.5883032
1.1201446 0.4384817 0.59143066
0.54953784 0.360155 0.8466557
0.77647823 0.33799833 0.58584154
0.4492934 0.27695608 0.7952875
0.8935368 0.41944504 0.7625994
0.18161125 0.43304396 0.63339686
0.25665078 0.49805337 0.30914095
0.21900521 0.5356463 0.29598743
0.1472244 0.67754734 0.27910462
0.43474212 0.39598924 0.5034865
0.45784414 0.40184185 0.49936274
0.033788025 0.5609096 0.5313493
0.11265646 0.36712977 0.5918211
0.21025293 0.53395903 0.43939605
0.20161192 0.5365251 0.44032982
0.2272184 0.45047256 0.58850425
0.20257957 0.56446147 0.5905588
0.057933986 0.85401666 0.52469677
0.057865746 0.8302314 0.48099697
0.8258919 0.86783886 0.36596504
0.4135305 0.76318586 0.35742596
0.68337 0.7913158 0.30759358
0.62035257 0.74451125 0.28628972
0.88553 0.8681654 0.30151066
0.7409848 0.77397096 0.27137327
0.06073945 0.058196012 0.5280955
0.01794834 0.057250716 0.5682362
0.14363533 0.10712878 0.5431571
0.09947617 0.05006557 0.5992932
0.4056175 0.16236275 0.5831524
0.07859701 0.09867503 0.5078445
0.07178235 0.05684925 0.55394775
0.074826956 0.84196055 0.21954787
0.06955614 0.7720009 0.20438284
0.118640855 0.8039007 0.20722216
0.16165568 0.7670995 0.17369598
0.14570919 0.8484235 0.18038633
0.6783145 0.46629018 0.6785627
0.71189415 0.5248414 0.72472
0.9075643 0.57177377 0.63349944
0.74443287 0.55436933 0.6746121
0.7458428 0.5580981 0.6525221
0.80674136 0.7103472 0.76533693
0.39176098 0.20297292 0.44996014
0.38468677 0.25067183 0.51652145
0.05200046 0.28416476 0.30914032
0.35164794 0.3691497 0.38014397
0.36055437 0.39533308 0.4487292
0.32930195 0.3859428 0.3249071
0.32799318 0.38361523 0.315818
0.20757551 0.60761416 0.6791447
0.38124004 0.59535563 0.5415371
0.4902185 0.51790637 0.6658569
0.72006184 0.66588044 0.661331
0.69389856 0.69097924 0.667464
0.62022394 0.5794015 0.5567326
0.47832832 0.5648891 0.5257975
0.18326741 0.5267091 0.51759833
0.22945853 0.49677446 0.5140002
0.28831977 0.46227455 0.2867073
0.2724095 0.46434286 0.33249542
0.2870294 0.49582762 0.33556724
0.18870611 0.5477034 0.20994815
0.65618455 0.76117384 0.20985523
0.7412768 0.74675393 0.1985909
0.8358328 0.83434546 0.1803315
0.42630854 0.6957414 0.49604106
0.37414095 0.5974505 0.5128329
0.2578761 0.107540525 0.57769805
0.2363401 0.12050395 0.59028095
0.23889135 0.07627632 0.5280115
0.17832991 0.010119569 0.54407376
0.09846686 -0.0028177947 0.5671509
-0.04186144 0.00800449 0.73708016
1.2684921 0.45696783 0.7233903
0.010227557 -0.00202775 0.3236934
0.610099 0.233353 0.5420673
0.35104373 0.219683 0.59266084
1.1138506 0.4563768 0.5743288
1.2068044 0.47305578 0.64867926
0.37122938 0.3174239 0.61817497
0.8151375 0.30368465 0.7197156
1.1287566 0.45572045 0.62541515
0.07116157 0.6437119 0.21602476
0.057166368 0.7337692 0.25154114
0.080309115 0.90500593 0.18642583
0.08606955 0.59796715 0.20489722
0.11905062 0.39258695 0.26464564
0.16587402 0.48609367 0.22402129
0.559441 0.55907637 0.53371716
0.8007633 0.6278609 0.5406189
0.5969603 0.59523 0.50535333
0.59759754 0.60007167 0.5154581
0.7076367 0.55014867 0.5899842
0.7459186 0.4654891 0.57402086
0.4438565 0.38792583 0.5979799
0.44813436 0.1708987 0.47649932
0.09187387 0.021110967 0.5078355
0.6088769 0.221529 0.45546427
0.5266313 0.20054464 0.51629525
0.4276101 0.16793418 0.4757215
0.35883722 0.14355224 0.46915594
0.07895471 0.057648174 0.50893146
0.31202814 0.13479637 0.41985777
0.52828336 0.20634486 0.55746037
0.03912042 0.29476714 0.27231145
0.060513828 0.31647962 0.2249732
0.47909805 0.3531573 0.22238299
0.18575618 0.30526304 0.2550781
0.09336228 0.34762952 0.19194414
0.057435934 0.26275152 0.23032334
0.008600403 0.6472243 0.22588292
0.3489866 0.21785311 0.16717678
0.00028792396 0.5051539 0.16663527
0.0066120997 0.27552605 0.22620136
0.37167475 0.22344631 0.42648563
0.15605427 0.28440604 0.60502255
0.019124206 0.25193352 0.6132435
0.14204705 0.29665652 0.58661956
-0.032294992 -0.03478256 0.4710932
-0.100784555 -0.060400352 0.41411364
-0.042162318 -0.021809213 0.3638682
-0.037304316 -0.041671544 0.56047475
-0.035693277 -0.060084715 0.7032967
-0.018374372 -0.07615584 0.5387752
0.06074886 -0.010285981 0.5539805
0.17623487 0.06688209 0.6019264
0.09810458 0.037679635 0.5301214
-0.27814057 -0.17958294 0.566469
0.10326162 0.53099597 0.6261535
0.015069015 0.7342961 0.6140693
0.31759858 0.44954532 0.6670255
0.00465478 0.5367924 0.6976079
0.03367855 0.6840613 0.6632507
0.31981298 0.64860904 0.53676915
0.34387028 0.66471577 0.5548419
0.23610125 0.60828936 0.50266314
0.37070256 0.46600887 0.6792229
0.97177905 0.52329016 0.6078849
0.6321982 0.54687214 0.7407282
0.31773415 0.4599569 0.6149542
0.59259295 0.6323868 0.6260592
0.050641593 1.0915765 0.5024748
0.53155 0.56645703 0.7546074
0.065297246 0.9864795 0.2917295
0.10803686 0.5216116 0.77312773
0.18722688 0.5570369 0.62232745
0.15773691 0.5519564 0.67935336
0.19025412 0.46196577 0.5350978
0.59118277 0.5298872 0.4771321
0.10824111 0.53719974 0.54867065
0.040298156 0.3430139 0.6334099
0.13233489 0.39389575 0.6558592
0.90614766 0.47947788 0.5910259
0.29624468 0.5755091 0.3061581
0.30927435 0.4620593 0.28251982
0.37690198 0.4840934 0.57763386
0.32123563 0.44508663 0.51034045
0.18914212 0.33315048 0.4673962
1.125608 0.44088563 0.507863
0.9256623 0.39352873 0.43790206
0.94505745 0.38744485 0.39694384
1.0821024 0.42778096 0.49235517
1.0780513 0.42790875 0.49386674
1.076421 0.41339472 0.4000516
1.1580759 0.4499037 0.5362867
1.291259 0.38641056 0.36279073
0.85326684 0.3728917 0.47313654
-0.020100478 0.5628631 0.8203741
-0.014035035 0.84017456 0.7864355
-4.113093e-05 0.68237805 0.80622625
0.054023378 0.46998098 0.8305454
0.022016387 0.81800306 0.81916136
0.008204695 0.56135476 0.7734068
-0.03139289 0.34694883 0.8890344
-0.010239113 0.59282565 0.8802777
0.97756916 0.37835753 0.71300894
0.53222156 0.22269186 0.6152505
0.33837003 0.132702 0.5787587
0.87119794 0.34074464 0.61156803
0.8880519 0.35470134 0.57811373
0.9231499 0.37109527 0.5615838
0.18785684 0.5100677 0.7150238
0.16012238 0.47612855 0.7093656
0.21566246 0.6034384 0.33695492
0.40290102 0.4189666 0.23895922
0.16934896 0.5358509 0.3534161
0.3208846 0.644843 0.27724877
0.8803408 0.6053169 0.20821647
-0.08042373 0.30907187 0.33165583
0.09431626 0.29431802 0.39408857
0.061161686 0.3248401 0.43969375
0.1063876 0.3566533 0.39645255
0.080173984 0.53179455 0.31228226
0.0137196 0.44652948 0.40909708
0.00412143 0.45881116 0.3685509
0.086820394 0.3262958 0.41413674
0.097665176 0.4530805 0.4774308
0.037767954 0.6342436 0.38614184
0.9952302 0.56457865 0.448722
0.017061822 0.3654025 0.48992625
-0.0076813735 0.2967738 0.5329117
0.006955821 0.74247193 0.46468642
0.16119048 0.74922156 0.6312914
0.03555211 1.0815142 0.56009305
0.049833488 0.36939958 0.550388
0.17932373 0.41311643 0.49518308
0.10529199 0.72758794 0.6306502
0.12545379 0.5852823 0.6947344
0.23208895 0.63281846 0.40423274
0.1289194 0.73452973 0.2667717
0.027914617 0.47631457 0.22403586
0.060775857 0.46781078 0.21300527
0.02176543 0.469889 0.21922591
0.011970114 0.43126366 0.2277802
1.32988 0.649279 0.81663483
0.013327457 0.47565553 0.47472832
0.3094864 0.6591307 0.20546877
0.17188676 0.63051105 0.1835526
0.11655487 0.56720126 0.18450627
0.1302516 0.54947776 0.20226762
0.023803193 0.47462407 0.09091564
0.08321784 0.66210544 0.117070146
0.22635785 0.42669234 0.04985679
0.14581425 0.4906171 0.14549765
0.17483193 0.5165511 0.13011846
0.5516186 0.19657685 0.52195174
0.9435048 0.32552555 0.44254714
0.10235058 -0.041029334 0.6285778
0.0014431663 0.66276 0.44256255
0.01420955 0.5986295 0.45101693
0.06820628 0.5210597 0.47809574
0.07785966 0.5327785 0.50153524
-0.0073438175 0.65584433 0.4857192
0.08322484 0.769801 0.47530445
0.48549566 0.24385336 0.70687515
-0.059813906 0.3424225 0.94606346
0.32748005 0.14130414 0.6963556
0.22501688 0.29775244 0.20810702
0.32368094 0.2923321 0.24640733
0.3865094 0.3315153 0.22725046
0.15258437 0.37775382 0.31161258
0.08693123 0.32833168 0.279839
0.084876195 0.42270824 0.26677945
0.084751934 0.55548286 0.33948132
0.1738818 0.58455527 0.3269559
0.12934305 0.62570393 0.32320216
0.20269637 0.63435817 0.3680929
0.16769622 0.62878335 0.2988997
0.18427525 0.6510066 0.3168852
0.15298676 0.61089706 0.5527964
0.1376957 0.6257626 0.5277643
0.06564075 0.51408076 0.3351887
0.08207445 0.6856735 0.29651052
0.031397406 0.5571114 0.32768363
0.360892 0.30872735 0.564244
0.030557703 0.016017392 0.5762483
-0.0003796555 -0.008268438 0.5596146
0.07286179 -0.0037064254 0.5902786
0.15571325 0.040626213 0.6273934
0.06962286 0.02010173 0.61710167
-0.05225234 -0.0047020093 0.6965087
0.0052647404 -0.030134454 0.4789178
0.002538424 0.43235102 0.1290969
0.03937169 0.43400726 0.15265253
0.03248224 0.4210773 0.17631191
0.04072337 0.45511764 0.1795958
0.01754677 0.45854643 0.16503352
0.07031645 0.40881455 0.57435095
0.036380515 0.44159907 0.63950974
0.036725074 0.47291234 0.6107504
0.034884028 0.43723813 0.6125305
0.0043254234 0.4442654 0.5700085
0.14248809 0.4639977 0.60298854
0.048625186 0.60433877 0.2774687
0.06349038 0.6289817 0.27946693
0.08815391 0.5061395 0.33284488
0.022662688 0.47349867 0.31409794
0.10104285 0.7530322 0.30852342
0.054680977 0.5605315 0.3001452
0.060507845 0.64056456 0.2781609
0.32251152 0.13500816 0.55284697
0.54236186 0.2510396 0.57799524
0.68819577 0.31354904 0.5645403
0.04470281 0.06675617 0.56295866
0.93323886 0.40941295 0.62123317
0.9199269 0.3757938 0.66819596
0.028431844 -0.05506531 0.31975392
-0.046998817 -0.096276194 0.39581278
0.09682852 -0.011430569 0.40233734
