0.045806997 0.58108854 0.423567
0.11760028 0.45772994 0.51151425
0.24859098 0.553456 0.5145286
0.10417661 0.5251781 0.46929854
0.12249123 0.46390495 0.47305375
0.049429588 0.56928676 0.22284412
0.038516834 0.24344647 0.29836002
0.074261054 0.19066924 0.27749074
-0.009056427 0.6721388 0.31711832
0.013148226 0.38878086 0.2949308
0.085054606 0.55790377 0.57747865
0.0974503 0.58737594 0.5485742
0.11817839 0.3786396 0.48099685
0.18731025 0.27787235 0.7678193
0.82835263 0.36806127 0.5518582
0.35448024 0.24623853 0.7089086
0.8322091 0.42290488 0.7479164
0.1796066 0.3883463 0.625387
0.28626582 0.5292605 0.29540324
0.21844462 0.5408885 0.31649315
0.16205236 0.6538129 0.29152542
0.18729961 0.30159742 0.37784967
0.2432363 0.3279905 0.3815137
0.049694907 0.5265202 0.6184166
0.09154835 0.3835146 0.5359252
0.20867181 0.5325573 0.43328258
0.19728875 0.5374977 0.43207076
0.20639673 0.47054294 0.55446887
0.18918711 0.5495367 0.5787545
0.114195734 0.89470696 0.47877032
0.11429466 0.6933051 0.51573956
0.76988876 0.8098799 0.3453666
0.5913723 0.83254635 0.3754202
0.6352428 0.7705789 0.277211
0.60882324 0.748284 0.2465787
0.8405719 0.8577371 0.31880456
0.7599596 0.7646998 0.22236206
0.07316769 0.8753334 0.21571946
0.06855401 0.84020734 0.19326003
0.10981877 0.8607582 0.19816
0.14185792 0.79761225 0.16909322
0.15381527 0.8833722 0.16802809
0.70355105 0.4640061 0.6018751
0.7068034 0.49932438 0.6613563
0.9207368 0.5748503 0.64871013
0.7365538 0.5329128 0.63107264
0.7601025 0.5720695 0.63560665
0.8261918 0.7064165 0.7226375
0.43001068 0.22353378 0.43755198
0.38401562 0.2629507 0.5643581
0.03554818 0.23823482 0.2565238
0.38283324 0.36605963 0.37138897
0.3419451 0.39317885 0.39097267
0.3374431 0.3778126 0.26800779
0.34158054 0.36847872 0.26517802
0.25594795 0.5822234 0.6987657
0.30801514 0.5931195 0.57833433
0.4760111 0.5379413 0.64556104
0.65551484 0.6912594 0.6009539
0.61808413 0.71572614 0.6302528
0.58384156 0.6706418 0.5863824
0.44434312 0.564047 0.5358318
0.18943173 0.5248828 0.503322
0.18344554 0.56615055 0.50188756
0.34558877 0.5029391 0.29195383
0.3072559 0.49379233 0.34229985
0.3049006 0.50711507 0.33913946
0.3887064 0.69758594 0.49384907
0.34312522 0.605737 0.52649146
0.51594144 0.15691106 0.5801852
0.7895215 0.34090984 0.62541234
1.1988968 0.46078527 0.63712376
1.269199 0.4542155 0.64254516
0.27297348 0.32188413 0.56870854
0.7621533 0.30262735 0.80743843
0.68411106 0.34750825 0.40978932
0.07493777 0.64626694 0.24855995
0.090585604 0.8055104 0.2718745
0.10625066 0.9693657 0.18927816
0.07503917 0.60721123 0.20102622
0.029477742 0.45432767 0.21563926
0.18691927 0.4251236 0.20093812
0.56907815 0.5593374 0.5119255
0.7239052 0.6446235 0.48825783
0.6226397 0.6134652 0.5054751
0.6026109 0.61973953 0.52160686
0.7037466 0.56637615 0.59734815
0.91353637 0.56120235 0.57118386
0.2708745 0.29163423 0.5496769
0.0455469 0.30611378 0.23934048
0.08010908 0.29060164 0.23623642
0.6375787 0.30487064 0.21761581
0.33440065 0.25659555 0.22141296
0.18500179 0.32869646 0.18491352
0.1886419 0.2674938 0.20701027
0.029997952 0.58168477 0.21113104
0.9296652 0.41291276 0.10758625
-0.03288115 0.53185385 0.16334131
0.14064695 0.35159588 0.25812805
0.16078168 0.5191584 0.6137765
0.032545604 0.6930192 0.59234136
0.34134343 0.46282336 0.6609429
0.17652416 0.49538353 0.65062994
0.17094462 0.56822556 0.627225
0.25820053 0.5507262 0.58481276
0.27008057 0.64454013 0.5676485
0.19952494 0.57582545 0.5269917
0.372243 0.49310875 0.6366623
1.0715555 0.5313761 0.6705913
0.4792058 0.5106173 0.63550764
0.3491215 0.5021649 0.63395077
0.46974286 0.6156824 0.5627966
0.05183705 1.0498531 0.41883156
0.4283263 0.5661708 0.74696594
0.07351614 0.92080206 0.30978775
0.19412002 0.47966042 0.68259186
0.057371654 0.6434586 0.58078045
0.056251027 0.6594809 0.634662
0.09090088 0.55062777 0.546998
0.6401585 0.6129929 0.5002892
0.042023025 0.69813204 0.5482607
0.11954579 0.3652869 0.60257083
0.13456547 0.40146247 0.61754483
0.85925305 0.49441865 0.5351931
0.24486628 0.48975602 0.38704836
0.10533717 0.39834204 0.399175
0.39629626 0.46266752 0.57191527
0.3769601 0.4427369 0.53880477
0.20659819 0.31133497 0.38870212
0.018688973 0.4771234 0.81243277
-0.0055088177 0.8939129 0.7996871
0.020208351 0.8083084 0.78167385
0.15626773 0.4589869 0.75769895
0.033393495 0.9022933 0.7807165
0.06343269 0.44364962 0.74623984
0.035341844 0.28580526 0.8746609
0.085983224 0.56510454 0.7911204
0.24260652 0.49814793 0.6706316
0.17467913 0.45415226 0.6722854
0.19260967 0.49582258 0.318594
0.21839154 0.35764483 0.29520035
0.46003824 0.4609327 0.42392492
0.30448988 0.53592914 0.22746857
0.21665615 0.43778524 0.2592532
-0.18422419 0.32559156 0.16017278
0.029180106 0.2719263 0.35212648
0.04360114 0.33044994 0.38025847
0.054136373 0.35817346 0.40835667
0.37894568 0.34957838 0.43408257
0.03443537 0.46744975 0.39573053
0.03411978 0.41231188 0.3931602
0.06602986 0.3160744 0.43962744
0.08100949 0.39888147 0.46025768
0.112815 0.39947423 0.41312164
0.6318889 0.52480274 0.5126085
0.06030663 0.35563812 0.5110403
0.024299167 0.27496132 0.543338
-0.00015095621 0.70352286 0.45734328
0.095376775 0.82364404 0.48137623
0.04304277 1.1032815 0.5131644
0.10840092 0.32054177 0.5764917
0.06395477 0.3948613 0.5031197
0.21112698 0.6691868 0.6112922
0.24290705 0.5259776 0.62212825
0.25450805 0.70262384 0.37876868
0.13496968 0.7238212 0.2698883
0.06251822 0.53897065 0.21189432
0.036101297 0.47253242 0.21448189
0.04165203 0.5004858 0.21075949
0.033460163 0.48688942 0.230119
0.38778102 0.37815914 0.619728
0.14264685 0.436757 0.42491552
0.31504154 0.6431428 0.18494388
0.16035256 0.69334096 0.17187902
0.15094496 0.5855823 0.16988161
0.1332909 0.52367026 0.23656222
-0.00029913336 0.4082313 0.10419221
0.09960803 0.87010944 0.06481764
0.07171295 0.42160395 0.070100546
0.1900356 0.51495343 0.12992896
0.16995174 0.4675263 0.13789843
0.11936074 0.6680031 0.49096954
0.10582226 0.6633079 0.47008213
0.117335126 0.5077747 0.4795869
0.13845727 0.506766 0.50993735
0.14464185 0.6779333 0.5186684
0.135952 0.72227204 0.50272495
0.44059765 0.22127813 0.7097097
0.00023109466 0.2548724 0.86616856
0.5729152 0.2292707 0.7905595
0.15488476 0.35871294 0.30062687
0.10526878 0.31124666 0.2825023
0.117195904 0.3457192 0.26804137
0.16274852 0.56065726 0.3549387
0.22837296 0.5862272 0.33152932
0.13659024 0.59638745 0.2971485
0.21491489 0.6239568 0.3547719
0.14855114 0.6112931 0.30477965
0.22970095 0.62137234 0.34052488
0.22231635 0.5967221 0.5638168
0.18836594 0.6157773 0.5192486
0.06923466 0.568657 0.2752404
0.07387496 0.61727625 0.2714429
0.015323378 0.5313879 0.31313086
0.14188027 0.26043117 0.5807774
0.027699113 0.45232925 0.124839075
0.043887753 0.41177395 0.18050651
0.02103392 0.40694523 0.16859281
0.036573082 0.4766978 0.18444018
0.018505968 0.46006048 0.1634976
0.07209494 0.47641972 0.5644923
0.10349785 0.4833722 0.60093194
0.1348567 0.45710558 0.5586169
0.10061519 0.47407112 0.5731919
0.09906866 0.47835994 0.5675557
0.12901501 0.48548427 0.5720681
0.06314335 0.5467883 0.26577932
0.060196444 0.68476284 0.26839912
0.09140852 0.4950976 0.35064048
0.03716936 0.47743914 0.35359004
0.16822946 0.68513864 0.35882187
0.040988155 0.5569973 0.29011887
0.072912 0.5513763 0.30183646
0.014233328 0.010713525 0.55705225
0.6898447 0.31777427 0.53378457
0.61496174 0.27336302 0.5635538
0.03788779 0.07069855 0.5282603
0.85563046 0.38030246 0.5459001
0.8949116 0.38010284 0.5336648
