0.076372884 0.56594837 0.4243356
0.104831815 0.44916883 0.5024624
0.27193868 0.5446087 0.49951208
0.10542926 0.5385569 0.47370854
0.10980785 0.54504776 0.49584085
-0.04930325 0.570639 0.22959788
-0.01397983 0.2794714 0.28354034
0.06920804 0.23189855 0.2849263
-0.017748415 0.7631234 0.24760681
-0.0128815025 0.4471415 0.27812365
0.03738243 0.5769793 0.55459934
0.21959956 0.54884267 0.5437071
0.102989666 0.37915298 0.5227432
0.72758436 0.39847496 0.8577238
0.9826747 0.41650572 0.58195645
0.3984645 0.2774503 0.78944534
0.8146873 0.38568518 0.7127145
0.1404915 0.38641784 0.629862
0.2803566 0.5103851 0.28279153
0.18414454 0.536326 0.29290876
0.15625043 0.68195677 0.28600115
-0.027170643 0.24590364 0.4948312
0.08044441 0.22466338 0.4796459
0.013375394 0.5919137 0.520535
0.113701865 0.39253667 0.5828693
0.20942546 0.53219485 0.4384799
0.19093299 0.53966206 0.43754447
0.18542902 0.48211905 0.59927744
0.17625296 0.52658665 0.57547927
0.10386608 0.813437 0.47820598
0.08966659 0.7407876 0.44832987
0.8087324 0.82933736 0.3510843
0.43973148 0.79466 0.33089244
0.6190972 0.75016475 0.28167456
0.62762964 0.7052268 0.25468987
0.79964936 0.8545244 0.26876423
0.7467241 0.7463418 0.24322152
0.07493407 0.8646029 0.22215317
0.07662338 0.7413168 0.21757984
0.118204415 0.7743689 0.22519875
0.1859035 0.7084466 0.1922522
0.14815855 0.86005664 0.18034798
0.7319801 0.49458787 0.6613119
0.74602073 0.5359615 0.68451786
1.0205964 0.63043976 0.65824026
0.76414627 0.5661385 0.6408833
0.75472355 0.57109404 0.64763695
0.83156836 0.7250887 0.7506649
0.36732173 0.19489399 0.40874624
0.34551585 0.24565187 0.4782166
0.049102396 0.22841308 0.3193575
0.34337652 0.32873276 0.37097466
0.31770176 0.37350765 0.39187145
0.30458933 0.34270793 0.32042974
0.35260922 0.3791969 0.30961704
0.2538113 0.5699123 0.69529533
0.4066062 0.6274364 0.57763827
0.32942414 0.5117506 0.67941743
0.6471025 0.66824484 0.62373096
0.65023553 0.69680333 0.66612434
0.8927837 0.644248 0.51146567
0.43755567 0.5569308 0.53804153
0.2176298 0.52458733 0.5226918
0.20800771 0.4994481 0.49275428
0.286241 0.42559454 0.29409432
0.251175 0.42997113 0.32300198
0.29939908 0.44530866 0.33883703
0.37771022 0.676496 0.52857727
0.2898727 0.5603503 0.53756684
0.8518745 0.3228927 0.6314004
0.11182818 0.17374395 0.5561234
1.1929284 0.5017543 0.61479706
1.1143955 0.45760003 0.5819526
0.42875385 0.36394808 0.59587157
0.47443587 0.167352 0.6074555
0.95606446 0.47093537 0.5434913
0.07654102 0.6142925 0.26413733
0.07099523 0.72280383 0.28088748
0.08053065 1.0270495 0.17610827
0.12419584 0.59621954 0.19459932
0.068451904 0.29693627 0.22051203
0.15654409 0.42352742 0.16784692
0.614717 0.5129429 0.50887114
0.53696895 0.50601923 0.49264944
0.6451812 0.60635555 0.5085032
0.648939 0.631896 0.52324617
0.68899554 0.5102112 0.57522357
0.6892215 0.4434508 0.5182287
0.16814148 0.29335797 0.57493716
-0.004181713 0.28926727 0.23177612
0.021031953 0.26186356 0.26926255
0.54033583 0.37029788 0.28578123
0.05139331 0.23405641 0.2851992
0.031332094 0.30881274 0.24373218
0.013030663 0.27565652 0.2760798
-0.0055033863 0.5927633 0.22111487
0.60926735 0.26594794 0.081814155
0.02969305 0.37284192 0.17283316
0.05846852 0.28097135 0.18358846
0.13502237 0.50695527 0.62765
0.023523457 0.72709036 0.60206157
0.25775826 0.4695325 0.66495925
0.1696791 0.4247499 0.69352317
0.14001092 0.51924115 0.62800425
0.18636195 0.5435876 0.5273912
0.29076242 0.6340282 0.59439754
0.18326768 0.6030735 0.51866186
0.36270714 0.5234391 0.66854894
0.8294349 0.46003425 0.5530881
0.32763004 0.49801633 0.6456496
0.29744756 0.5000324 0.6523794
0.44192827 0.6157956 0.57847154
0.02064497 1.1282911 0.5324427
0.40467566 0.57789326 0.73340285
0.05754485 1.0731043 0.262482
0.14075013 0.48908636 0.72560877
0.0055337995 0.5678611 0.5124042
0.040789172 0.51054674 0.6299233
0.09521272 0.44613868 0.501861
1.004432 0.653191 0.48841792
-0.032079585 0.5986744 0.46949878
0.07512832 0.3341796 0.611556
0.13171244 0.4077787 0.5829346
1.1392576 0.57981586 0.5989548
0.12942599 0.49535796 0.28251028
0.10026428 0.46635982 0.3813843
0.35510594 0.47424644 0.56734085
0.27604285 0.4204389 0.52814925
0.13879193 0.2705251 0.44537145
0.045617823 0.45924476 0.81977326
0.01758276 0.78496385 0.79661846
0.06097411 0.5650126 0.8061172
0.12455577 0.42802525 0.79964083
0.048955306 0.735906 0.8082544
0.082618944 0.4616941 0.80399907
0.065428145 0.34660137 0.9036676
0.07178129 0.4789307 0.85313565
0.20693319 0.4991962 0.71819717
0.1704998 0.46118 0.698628
0.40445626 0.6154096 0.35658094
0.76374197 0.59917915 0.3378567
0.3987282 0.5909636 0.4728434
0.0677675 0.61349726 0.2755644
0.8611449 0.47376177 0.264815
0.7461277 0.7108848 0.13722566
0.120206274 0.3205891 0.4100318
0.024421232 0.36689296 0.45896232
0.0023540594 0.38122055 0.43899062
0.08771689 0.36930683 0.40509903
0.014607433 0.43758145 0.39426166
-0.018168509 0.48035493 0.3838273
0.011443689 0.33250156 0.4843654
0.10873583 0.46812373 0.5225091
0.07698512 0.5336815 0.4302351
0.5267478 0.513862 0.4496158
-0.0077627823 0.40485433 0.4370129
-0.006196942 0.31012875 0.52725065
-0.013131991 0.7775266 0.41406965
0.077747114 0.836079 0.6380784
-0.0010380149 1.2007331 0.5163569
0.036613706 0.32786748 0.52806556
-0.02925983 0.42033958 0.41212296
0.12245191 0.66217697 0.6087497
0.16373442 0.5608826 0.6840218
0.19431551 0.6696303 0.38636634
0.12885047 0.7341639 0.3058255
0.042912725 0.5257435 0.26315123
0.061475843 0.50750774 0.21221495
0.031306893 0.49527535 0.23510721
0.024851352 0.43942255 0.25312755
1.2281059 0.61811006 0.86431783
0.08423024 0.4656749 0.48631656
0.2998482 0.6419109 0.20306009
0.1660426 0.63561 0.21299815
0.1453821 0.59878993 0.16867751
0.13963068 0.52871037 0.16774774
0.033748314 0.49067542 0.10460237
0.061427057 0.7094132 0.087769
0.056533013 0.4543207 0.124239035
0.16813952 0.5222119 0.15890145
0.15149567 0.52443326 0.117417134
0.09516789 0.6032096 0.4432004
0.08125444 0.56481946 0.41401348
0.10864885 0.5140332 0.51632255
0.12465918 0.54155433 0.50740904
0.09219539 0.62239814 0.4805014
0.11791466 0.6563684 0.47907597
0.4259467 0.22276333 0.748958
0.0050036013 0.28818712 0.8905384
0.39384753 0.1678092 0.6947641
0.16147734 0.36434793 0.315247
0.10659069 0.31069782 0.30872756
0.106247485 0.38647577 0.27887765
0.09555819 0.5819955 0.3623585
0.20451589 0.59571755 0.3356339
0.14960785 0.6955191 0.3300706
0.18154639 0.65732074 0.3983987
0.15201211 0.63068914 0.28850663
0.21132834 0.66850376 0.3466803
0.18360354 0.6195159 0.58152264
0.15195009 0.61319304 0.53816867
0.07819453 0.5677438 0.3501901
0.09437494 0.7397821 0.3332952
0.060074456 0.6193831 0.34287933
0.10501246 0.2287747 0.5515535
0.04083737 0.43836907 0.14915925
0.039262384 0.48750907 0.17325439
0.053791836 0.41491824 0.1905379
0.04736176 0.48247334 0.1863461
0.03252855 0.4566029 0.19705042
0.03530142 0.41868886 0.54530144
0.10240204 0.44963807 0.59392416
0.085299745 0.4652861 0.603343
0.08516981 0.43498853 0.5946636
0.09091623 0.5018462 0.54830265
0.13971938 0.4619385 0.5629389
0.08805409 0.5294818 0.2951414
0.07704323 0.5979104 0.2970374
0.079269186 0.53585213 0.31476158
0.04181704 0.49259445 0.36839992
0.10237814 0.7348912 0.3655218
0.07699363 0.5970261 0.33838385
0.060356423 0.6448164 0.32587215
0.12103599 0.10840231 0.5718329
0.1449463 0.18745188 0.6082423
0.31145978 0.19798392 0.6361857
0.08923927 0.1010456 0.5664301
0.8958926 0.41086704 0.6213941
0.7910359 0.32365838 0.632984
