0.062192 0.52419513 0.42304465
0.11180881 0.4351438 0.4466962
0.13692826 0.54009384 0.48097226
0.093281284 0.4760817 0.443282
0.10517894 0.46596044 0.46168354
-0.025284864 0.54754233 0.23733538
-0.022562392 0.27853167 0.2589546
0.05428952 0.2721678 0.25351638
0.02640976 0.587924 0.34065983
0.18357411 0.31610963 0.35441318
0.009457994 0.6344792 0.5043601
0.12172249 0.57258564 0.525752
0.11838159 0.38105696 0.449437
0.73520136 0.41949207 0.7871203
0.84907246 0.40563276 0.6352406
0.48658478 0.29623508 0.7912934
0.833325 0.37643012 0.7204651
0.06351502 0.43888763 0.66929114
0.24727677 0.51032555 0.27115855
0.19529295 0.5506918 0.29273924
0.14420542 0.71283287 0.24898258
0.4539389 0.3748852 0.28587434
0.5535646 0.40654907 0.27223817
0.078099445 0.3823193 0.5555264
0.060671367 0.40348008 0.5725335
0.17922255 0.5159881 0.4370497
0.17189579 0.51220256 0.43403128
0.217296 0.4620524 0.57922643
0.10799555 0.7172492 0.49371907
0.06822875 0.92443925 0.43574032
0.05353081 0.78324753 0.4545682
0.8046807 0.82860637 0.35188252
0.4272197 0.7710739 0.35443425
0.66317046 0.7489903 0.30164027
0.587572 0.688665 0.24153954
0.849782 0.8728738 0.29306415
0.6961229 0.74792314 0.26813513
0.07479341 0.8611601 0.20583957
0.07823076 0.7420822 0.19129235
0.10849012 0.7563067 0.21418443
0.12962422 0.7587175 0.15985033
0.114945956 0.8416211 0.15766335
0.6733959 0.4721967 0.67561466
0.7124804 0.5209217 0.7047921
0.8710358 0.5847457 0.6721836
0.7185769 0.54269546 0.6806448
0.7100582 0.5650294 0.66188794
0.7688012 0.7066323 0.7558143
0.30087894 0.15415412 0.4049817
0.29599768 0.25193092 0.5276742
0.06350389 0.31174022 0.2835468
0.31098348 0.35407755 0.33169004
0.35277027 0.39611006 0.40122
0.30315274 0.34810886 0.2959678
0.35071746 0.38699403 0.29688013
0.20434342 0.5775588 0.69548833
0.21986428 0.56804425 0.57300574
0.24150454 0.45518664 0.65008706
0.61678934 0.6376306 0.61730486
0.6176151 0.704299 0.6301994
0.77830255 0.67383844 0.5149216
0.41146073 0.5362294 0.51179737
0.17060664 0.47847268 0.50913507
0.1593686 0.48154262 0.4827175
0.22844672 0.4640228 0.31082988
0.21205749 0.47417966 0.34683433
0.2525023 0.49596494 0.32908663
0.3827434 0.6585123 0.47547844
0.3047958 0.5576079 0.48915818
0.4833952 0.2050251 0.558068
0.35819277 0.24154982 0.5724405
1.0297887 0.42753655 0.6210003
1.0393671 0.41669708 0.7104575
0.044093937 0.2440587 0.66462463
0.7772894 0.32695976 0.73219174
1.0250155 0.45743817 0.62828755
0.07678445 0.636982 0.25351682
0.0649501 0.7683706 0.26825476
0.07712653 0.91376287 0.19965032
0.10663257 0.57821304 0.18911882
0.04072176 0.433884 0.24235415
0.30260807 0.48644367 0.21877584
0.5547969 0.53884053 0.5065464
0.6048876 0.56799084 0.49280512
0.6030854 0.6122715 0.5186081
0.5974568 0.6059825 0.52550924
0.74326444 0.57551664 0.60981643
0.8104557 0.51610696 0.5844339
0.28469113 0.34600857 0.57135934
0.1331218 0.35130066 0.22135639
0.18563697 0.34766087 0.19918337
0.7538209 0.39338478 0.15136823
0.29089937 0.365089 0.1894814
0.41769722 0.40962926 0.20075575
0.2928362 0.33182934 0.18105641
-0.005965531 0.677383 0.21504918
0.62881374 0.25651422 0.18621483
-0.008413531 0.53755033 0.1606215
0.020785514 0.30901852 0.22268483
0.08737275 0.46749017 0.60978466
0.043252867 0.60408795 0.5886277
0.31920555 0.4405653 0.6758104
0.029895425 0.39462414 0.5885553
0.053727627 0.53998196 0.61823183
0.18153629 0.50116116 0.5745802
0.31895697 0.58819526 0.57740015
0.27704868 0.52360004 0.5092537
0.34722856 0.50417084 0.5952696
0.916029 0.536638 0.58644044
0.322555 0.4511558 0.70855105
0.3399978 0.48078743 0.64766926
0.43118304 0.64272696 0.58388335
0.05746747 1.1300292 0.46478763
0.46381047 0.5934677 0.73744327
0.072105326 0.9710534 0.34921643
0.041352093 0.46808395 0.7348154
0.20847613 0.44208848 0.5768932
0.12759043 0.44078144 0.67273086
0.22030899 0.3998507 0.5063917
0.69738257 0.5769849 0.4957326
0.08671461 0.3984768 0.5103593
0.027345508 0.29311472 0.56576014
0.06786608 0.3480269 0.6144541
0.9999373 0.5486751 0.5836044
0.3063717 0.40185583 0.28329527
0.5230038 0.48926023 0.25359315
0.358076 0.44824633 0.54061836
0.24484363 0.4301655 0.5187188
0.17625302 0.33300254 0.43431228
-0.03827253 0.58712775 0.79722345
-0.0016175508 0.99011445 0.75776047
0.0015743002 0.85238206 0.77257377
0.024318423 0.412263 0.7792999
0.02525783 0.90825444 0.7738615
0.00096313655 0.54805595 0.76805615
-0.10223588 0.20201513 0.80269396
-0.013592407 0.56435233 0.8158067
0.1279478 0.47200587 0.68035096
0.14440435 0.45568445 0.6892163
0.46547973 0.5343613 0.32116824
0.5374484 0.48479977 0.23556653
0.38585922 0.5026451 0.38120404
0.5918703 0.48548707 0.20851809
0.9471618 0.6241719 0.28739804
0.29925674 0.2943315 0.16969645
0.15538132 0.33609512 0.42368883
0.059066907 0.36032864 0.4200545
0.047968484 0.36603567 0.4137376
0.16717696 0.3764079 0.39674756
0.028100211 0.47751108 0.3951001
0.007095564 0.40173003 0.39177644
0.021283463 0.3314179 0.45947224
0.075947106 0.4217182 0.48513883
0.06716717 0.5996072 0.3566407
1.460007 0.66819483 0.6555014
0.036441512 0.27542678 0.47326663
0.012897275 0.2511599 0.55237514
0.013184197 0.63626856 0.5007926
0.086581066 0.9831468 0.51285344
0.05843898 1.1069758 0.5020438
0.05195573 0.28200427 0.5327369
0.16735338 0.33002403 0.4690892
0.08100158 0.73589665 0.5769644
0.102819905 0.52055925 0.6531331
0.21672724 0.6184134 0.3790599
0.13099426 0.68238354 0.25901443
0.13034356 0.47594658 0.20311403
0.083110146 0.47515967 0.21422699
0.036797952 0.42092136 0.2117894
0.026353717 0.41524738 0.23190394
0.109833986 0.29333276 0.7965451
0.10105929 0.42585 0.3918713
0.34514377 0.64686674 0.17527059
0.18307406 0.62053996 0.17834455
0.19700879 0.53288907 0.19150358
0.14018655 0.4683518 0.21133253
0.07737239 0.37680417 0.18191203
0.10117052 0.8525464 0.038398165
0.44176182 0.42255947 0.08171847
0.17506996 0.5017411 0.1542108
0.15982425 0.4893007 0.13589942
0.06674995 0.49287617 0.4519209
0.07489185 0.5091518 0.43896967
0.08892672 0.41998148 0.4560706
0.10430424 0.43048123 0.45338938
0.08231835 0.43431595 0.4680164
0.098939314 0.62918687 0.48609862
0.3610025 0.18280846 0.70690054
-0.07013914 0.32764825 0.8693262
0.48164767 0.21796736 0.71239406
0.19172421 0.36568716 0.31036982
0.09050686 0.32177502 0.28823906
0.102435574 0.36553738 0.27441
0.14466897 0.4788178 0.34437522
0.20610139 0.5418349 0.3404262
0.14822605 0.6119694 0.30759034
0.22536597 0.63079613 0.358562
0.18003742 0.5312024 0.30873036
0.23085073 0.6261472 0.33451673
0.16150749 0.538111 0.5412348
0.1287399 0.53837216 0.52383363
0.084192984 0.48459724 0.30009198
0.13598451 0.6063836 0.29775363
0.06300987 0.46320066 0.3401774
0.36447665 0.32136124 0.5545643
0.0336772 0.41043735 0.15368071
0.055244137 0.38878536 0.18321702
0.057634216 0.37692377 0.1735884
0.039925903 0.43098053 0.15284427
0.04316029 0.4335958 0.15458965
0.055350486 0.28528973 0.512461
0.051648684 0.33962595 0.5682825
0.06577913 0.33413997 0.53984207
0.048690278 0.31604734 0.54290116
0.07883379 0.37032434 0.5112583
0.09087043 0.4127871 0.56161624
0.079259664 0.5015344 0.30377987
0.096125826 0.56479937 0.28433424
0.097389504 0.46608022 0.32481605
0.06141894 0.47576573 0.32553542
0.12700093 0.71046406 0.30865976
0.076885 0.49279663 0.3015372
0.08446228 0.52008235 0.304733
0.47967228 0.20764855 0.5351445
0.4806946 0.24253884 0.58785313
0.61909795 0.25697568 0.5864236
0.5656396 0.25823468 0.5635308
0.8749585 0.3898679 0.5760603
0.8091738 0.34551033 0.55794793
