0.033580422 0.59210515 0.44246194
0.1322332 0.40501997 0.4683703
0.18648419 0.5283201 0.5042292
0.072084785 0.50547576 0.46267438
0.081412666 0.50196266 0.44075206
-0.023959376 0.67217755 0.21803746
0.0016055778 0.29819587 0.31651706
0.044688478 0.27530667 0.31446978
0.034081947 0.6875237 0.22731262
0.034928873 0.37823766 0.28110683
0.046118286 0.571709 0.53272986
0.22064129 0.51926756 0.54445094
0.068763085 0.4208738 0.47528666
0.95754117 0.47640628 0.9062896
0.79620814 0.37590802 0.6977681
0.39165875 0.2664755 0.7068822
0.7866289 0.39447522 0.71102524
0.16204056 0.42299038 0.64756286
0.18685666 0.571822 0.318225
0.18914992 0.5503742 0.31591657
0.14451632 0.7023014 0.29135144
0.25766268 0.39116612 0.3928478
0.9069614 0.46996534 0.39550534
0.110200256 0.3801365 0.6384704
0.100612506 0.40783358 0.5648281
0.15136358 0.5028066 0.46150523
0.13164604 0.54359835 0.45516106
0.16366297 0.48062897 0.5658952
0.16155276 0.60707325 0.57164186
0.07864107 0.8179272 0.48016113
0.10242747 0.7120007 0.46600652
0.7908717 0.8132784 0.35988888
0.35612497 0.721587 0.38579598
0.57667863 0.71985406 0.32908544
0.58442163 0.73022443 0.2914155
0.85197175 0.8539478 0.30634105
0.7951475 0.7581296 0.26487502
0.07672839 0.8509108 0.21221873
0.06454876 0.778635 0.21125603
0.123430595 0.77235156 0.2273578
0.12130542 0.82540864 0.2081621
0.13221908 0.8583234 0.20099345
0.728441 0.44800258 0.7025923
0.7283942 0.51365954 0.7293811
0.86957943 0.5396327 0.69408405
0.7511992 0.54506946 0.692968
0.77510047 0.5812807 0.6610044
0.8661598 0.7339369 0.74655944
0.36993235 0.1921945 0.4874862
0.28160352 0.24967024 0.58583707
0.046689272 0.25120112 0.3191933
0.83875024 0.48984492 0.37628078
0.33434966 0.36122918 0.43753478
0.27046177 0.38277286 0.32523942
0.27812836 0.43180865 0.31742898
0.24432626 0.5559265 0.6913768
0.46998173 0.57777953 0.5751848
0.25977278 0.42546624 0.68581045
0.55610245 0.6212398 0.644403
0.59285015 0.6801197 0.66243565
0.5237441 0.5459015 0.53272986
0.43942478 0.5696818 0.53020483
0.13002425 0.49513137 0.49696824
0.13851316 0.4961849 0.49977323
0.26398838 0.4399332 0.30433315
0.20293081 0.49596503 0.34966955
0.24638638 0.5308946 0.3780841
0.35312048 0.65620327 0.5294189
0.33752796 0.57814133 0.5418077
0.5429399 0.1949313 0.56011087
0.06193435 0.20306346 0.6348169
1.0859213 0.43988308 0.6729636
1.0164024 0.41329676 0.6073457
0.85752547 0.45727476 0.62952113
0.8346483 0.32039985 0.7528498
1.0065339 0.47371083 0.5796428
0.044137508 0.62190396 0.25448814
0.07182715 0.7912039 0.24469256
0.07890867 0.9500539 0.18052123
0.09321838 0.56490225 0.18694963
0.09535256 0.33578128 0.24521431
0.19029707 0.4774512 0.24790397
0.47477767 0.48880717 0.5282669
0.5474341 0.5420236 0.5063342
0.5798883 0.5886022 0.5103482
0.6025797 0.6142724 0.52350444
0.7287741 0.53692466 0.5906519
0.67386496 0.42229223 0.5331327
0.2663527 0.31365827 0.54144686
0.07277587 0.30165243 0.17907351
0.1517362 0.3536358 0.16735588
0.8993745 0.47468734 0.20402332
0.7589956 0.42691678 0.21918586
0.38344517 0.38650298 0.19147733
0.17322013 0.32795173 0.1946652
0.025351297 0.5167447 0.19784418
0.3773264 0.19555342 0.109354444
-0.01664456 0.4257993 0.20963436
0.56489784 0.3929528 0.18687609
0.094855696 0.46654373 0.6177536
0.0390778 0.69365364 0.6125475
0.3102124 0.445523 0.68882847
0.07058075 0.44640088 0.6141547
0.10014255 0.49592653 0.5928354
0.25507483 0.45029843 0.5404618
0.2587628 0.50125253 0.5551389
0.23872033 0.5291808 0.52077436
0.3424275 0.51967746 0.64376295
0.743798 0.45600277 0.6191291
0.4000144 0.50835127 0.6616937
0.33830842 0.46286756 0.64085805
0.36945325 0.64022213 0.56606686
0.0406648 1.0482277 0.488086
0.39823356 0.58066 0.70473236
0.051729206 1.0221086 0.32388324
0.08095844 0.4778351 0.76742744
0.1806899 0.4409444 0.6316148
0.09237626 0.480309 0.6969193
0.21601227 0.45788094 0.585231
0.9498694 0.6776555 0.5702179
0.077408336 0.49753788 0.5479479
0.011637274 0.35224736 0.6198117
0.07729345 0.33177054 0.6397539
0.9833268 0.5387942 0.6523658
0.34616485 0.45242736 0.3104812
-0.061651982 0.59142613 0.43531638
0.38901153 0.49150443 0.59671324
0.27090567 0.4397285 0.5253605
0.16663608 0.33971667 0.474574
0.0047400743 0.55908024 0.8384247
-0.01590725 0.9176141 0.78112924
-0.009234287 0.7958862 0.79397714
0.07901114 0.40673023 0.81342554
-0.017207667 0.85156584 0.8092917
0.057623915 0.51013243 0.77351564
-0.05809708 0.32525197 0.89822745
0.021769434 0.5532453 0.8719208
0.18886563 0.44003686 0.7063246
0.1508103 0.43744695 0.70847857
0.050533578 0.48462656 0.34040925
0.3411756 0.3833779 0.26359597
0.35970423 0.52116156 0.4272695
0.013422377 0.53447926 0.3080652
0.655651 0.52310354 0.31565067
-0.31571385 0.3902786 0.04551036
0.04927553 0.27777869 0.38841805
0.030441374 0.28360802 0.3901593
0.038719684 0.40490156 0.42098498
0.5821167 0.45997727 0.47935548
0.035073355 0.4229284 0.3900836
0.02943772 0.49688488 0.388347
0.0053895786 0.33043057 0.48634067
0.04456134 0.41755635 0.46461758
0.056043025 0.5454346 0.3535252
0.80680543 0.47616622 0.45216468
0.05068854 0.3671186 0.54666597
-0.005183652 0.30050153 0.53424066
0.017350972 0.73039436 0.4734282
0.0823332 0.75418675 0.5357446
0.007188186 1.0734718 0.4954121
0.01737896 0.37789184 0.56028473
0.059482213 0.3942857 0.5260617
0.078162864 0.78864574 0.52983284
0.11932783 0.56833065 0.6462329
0.16490081 0.63793814 0.40271178
0.1336882 0.6749504 0.2932817
0.058222782 0.4543804 0.20030734
0.05087635 0.40072677 0.2014144
0.05774935 0.42821425 0.19010893
0.0072402656 0.44514835 0.22498086
0.7718602 0.4989965 0.82173675
0.050688576 0.49659628 0.42343357
0.34530964 0.6321224 0.19894388
0.1600565 0.61502236 0.20143452
0.1610493 0.58461434 0.17211565
0.06937418 0.50839055 0.180253
0.07821641 0.29605997 0.1313831
0.049164407 0.8355577 0.08010247
0.2080721 0.38449624 0.08822881
0.15153435 0.5189883 0.16615903
0.13103636 0.5124022 0.14921428
0.033733882 0.6019274 0.45816195
0.032427594 0.61794716 0.49311277
0.05958692 0.50569445 0.5024777
0.062413123 0.49726295 0.50441563
0.020452723 0.561139 0.49780843
0.08259662 0.6579832 0.5421219
0.45506576 0.2325226 0.7498297
0.034069605 0.25239462 0.9385203
0.35241562 0.16785812 0.6857352
0.15919992 0.34009975 0.27993762
0.11972433 0.30557165 0.2558003
0.14869568 0.3292132 0.24981293
0.08334783 0.59092665 0.34510654
0.17261818 0.58932084 0.34432817
0.08843739 0.63363504 0.30262503
0.17300549 0.64344364 0.36749288
0.112675525 0.6061485 0.28905582
0.19568142 0.6934042 0.3260017
0.10746377 0.55075616 0.5204726
0.1350133 0.55258185 0.48576063
0.057702817 0.6301725 0.28240573
0.060774714 0.65290767 0.31312907
0.062618375 0.6089331 0.3041396
0.075535566 0.30972904 0.5982199
0.059936147 0.41413373 0.14502296
0.038318448 0.41366428 0.18331581
0.05302483 0.41061574 0.19374087
0.03788158 0.427073 0.16329837
0.007981874 0.44874775 0.17363988
-0.0068973526 0.43907622 0.5833194
0.043694895 0.42375106 0.5996214
0.04554096 0.44361264 0.56857425
0.025454734 0.4245627 0.5652861
0.045779943 0.44346833 0.52361286
0.107888445 0.43526885 0.56177044
0.07123971 0.555486 0.2307019
0.07530188 0.5716922 0.30626753
0.062796995 0.4829608 0.31638324
0.048776012 0.50782883 0.32727715
0.11211932 0.677451 0.3150133
0.048077192 0.59733593 0.30265138
0.049966484 0.583663 0.3077535
0.08970766 0.078725204 0.5645077
0.07840119 0.16264349 0.5752361
0.49828237 0.24083924 0.6536093
0.07412631 0.11123507 0.58055884
0.9374071 0.43917704 0.5962831
0.84321177 0.34948093 0.58295006
