0.040137187 0.48702067 0.40672058
0.07237151 0.42474538 0.48218274
0.17291161 0.56390893 0.47676268
0.078273 0.5052583 0.47198856
0.08679563 0.47489414 0.49502626
0.05419168 0.034430075 0.63508093
0.20416912 0.05473857 0.5496673
0.21926987 0.08530785 0.73766935
0.04371806 0.01668816 0.60232204
-0.035651885 -0.022653937 0.6390611
-0.015714236 0.5992523 0.17899269
-0.026915945 0.3253444 0.2807562
0.012854341 0.3030364 0.27329162
-0.011730567 0.873369 0.2529589
0.111297 0.5029008 0.24165252
0.041875184 0.7054077 0.55324316
0.21054414 0.5609813 0.52698773
0.05955203 0.41562906 0.46419376
0.09145353 0.05521815 0.60058784
0.84698665 0.32997215 0.60563064
0.10653696 0.042751823 0.47872305
0.17477363 0.06601551 0.52804655
0.045149755 0.07381384 0.6514654
0.8410435 0.31361344 0.50335586
0.89171207 0.39336935 0.6134697
0.92642516 0.35149953 0.5526705
0.8345127 0.40782368 0.78093743
0.7832897 0.34636676 0.58840704
0.39182332 0.26077038 0.79715705
0.7926469 0.36527205 0.7169317
0.32403278 0.4816601 0.62588936
0.23338276 0.4951614 0.28840792
0.17665161 0.51172495 0.30478734
0.15793043 0.6413009 0.2908001
0.8465672 0.4579375 0.48971012
0.81754375 0.48092574 0.47703215
0.018921103 0.42430776 0.5881037
0.09690252 0.42382342 0.60416985
0.19802952 0.50144744 0.42790976
0.17192268 0.5189313 0.4218223
0.20790544 0.46641824 0.575687
0.17068595 0.59310144 0.5615656
0.09117091 0.8588637 0.5326949
0.09350342 0.76158607 0.45742604
0.8498321 0.8625551 0.38038588
0.5257482 0.8019581 0.43111765
0.5640428 0.7244786 0.32215112
0.59318155 0.73418903 0.27954856
0.8368679 0.87246406 0.31486663
0.82989645 0.83099186 0.21383655
0.033524584 0.05188745 0.513995
0.14411205 0.09399845 0.669052
0.18664315 0.113775834 0.58226484
0.046198614 0.031199291 0.58938456
0.70022964 0.27075034 0.5753981
0.6239067 0.2847716 0.52944905
0.09482156 0.053569734 0.6094374
0.077986054 0.88468856 0.19993788
0.08820354 0.76128256 0.19815895
0.123997144 0.79453313 0.21477191
0.18121597 0.72332406 0.17799062
0.16292773 0.8403727 0.1646694
0.67382216 0.4535535 0.65395856
0.6958641 0.49353868 0.67964566
0.88746285 0.58480495 0.70860326
0.7211012 0.53139424 0.68751657
0.7110138 0.55247295 0.6404388
0.81064236 0.7088951 0.7540566
0.36703992 0.1998072 0.43137938
0.35401237 0.25821093 0.55346996
0.02267342 0.3440414 0.26928255
0.35166013 0.34940398 0.3280166
0.3713212 0.42714477 0.40524542
0.30619353 0.37079218 0.28082108
0.31550488 0.40996277 0.2845241
0.21626914 0.57341504 0.69996846
0.52497 0.61870086 0.57155967
0.34555796 0.5219361 0.66970694
0.6326298 0.6625258 0.58709913
0.63882196 0.7045611 0.6466811
0.6165535 0.61224025 0.5115065
0.4531542 0.58019423 0.55366075
0.1275501 0.50763947 0.5026704
0.07276547 0.4709628 0.4865129
0.26547074 0.43272388 0.2946155
0.2619896 0.4487898 0.32378113
0.29739657 0.46698236 0.31894436
0.6870094 0.61720216 0.23273945
0.73867977 0.7840152 0.25290078
0.83783865 0.80863273 0.20608926
0.9637798 0.9308422 0.15132818
0.4052479 0.6846709 0.5494919
0.34449172 0.5733222 0.533735
0.2451187 0.06188499 0.6993285
0.23833558 0.081723034 0.6081981
0.37031066 0.12407871 0.60338706
0.40822667 0.14158499 0.5696173
-0.018517137 -0.015342206 0.91674805
0.48339438 0.20152897 0.71513903
1.05457 0.43461028 0.70200783
0.66899383 0.22971985 0.25737807
0.71596235 0.30258793 0.56207484
0.7901399 0.37459463 0.61603504
1.0548481 0.41592777 0.6781287
1.0206017 0.3954819 0.5969267
0.6792406 0.4219695 0.5821173
0.748968 0.2843617 0.7099699
1.0423775 0.4448865 0.66126186
0.077858835 0.5916008 0.25678232
0.0817219 0.73279035 0.25927866
0.1097961 0.9163165 0.19336808
0.110465504 0.5890036 0.19184783
0.41597816 0.49324417 0.29470116
0.12609741 0.51615167 0.2086051
0.55358005 0.5233628 0.52461344
0.47643036 0.5089084 0.50232875
0.6557777 0.6200408 0.517484
0.64036554 0.63190913 0.5269933
0.7074448 0.52888346 0.6064267
0.6301365 0.41892266 0.52453434
0.30133614 0.3436056 0.60335714
0.79499453 0.2961847 0.5141519
0.28799805 0.096571915 0.50510806
0.6927674 0.23863438 0.35608324
0.49311823 0.20111647 0.5045083
0.8587003 0.31866658 0.531878
0.65113 0.23083085 0.49704048
0.8358861 0.35331935 0.5122857
1.0190922 0.42709026 0.43458882
0.82563716 0.3203186 0.5942335
0.23426422 0.3936897 0.21653578
0.48063993 0.43121478 0.20128334
0.88029194 0.44449314 0.2120735
0.6600646 0.40707162 0.24051934
0.6817844 0.49202597 0.1825705
0.5417442 0.412149 0.19839549
-0.0028800666 0.6412789 0.20067528
0.4900382 0.2223787 0.16765645
0.038399838 0.45103475 0.20081633
0.09826383 0.34174234 0.20740803
0.43680462 0.25271702 0.42565584
0.011775617 0.2661957 0.62135
0.023123994 0.29308277 0.61860704
0.05991344 0.28498295 0.52353764
-0.018498354 -0.01893156 0.48100072
0.04554876 -0.03706406 0.2703305
0.15361899 0.037378 0.23625454
-0.052208908 -0.045381226 0.34894806
0.10879383 0.021056779 0.67286843
0.06817055 0.037084974 0.3651466
0.45421946 0.17349973 0.5242611
0.12692147 0.06161804 0.46364242
0.24737513 0.07161717 0.43116117
-0.23600313 -0.14302969 0.4129691
0.10011545 0.48246664 0.6102748
0.022782143 0.63667023 0.60760975
0.27410552 0.47053355 0.6695596
0.120030835 0.51632726 0.57868797
0.102659315 0.57475317 0.6168119
0.3613319 0.5329599 0.5556641
0.24485147 0.58394825 0.5962435
0.32288057 0.47836888 0.47170937
0.37771618 0.49497098 0.66238046
0.68870586 0.42450094 0.6590628
0.4038974 0.5263374 0.64784896
0.3528161 0.4841482 0.6333885
0.41200316 0.59305054 0.5962975
0.025023289 1.091234 0.56911534
0.4793873 0.5886475 0.7318751
0.095018804 0.98484135 0.3266852
0.2303161 0.46185517 0.7121254
0.38349894 0.40110463 0.5304318
0.27562842 0.39471382 0.5683401
0.25755706 0.40687296 0.48796195
0.75225466 0.5603641 0.53966093
0.22596571 0.38893825 0.48462284
0.045499366 0.3430678 0.6223873
0.030901492 0.38732108 0.6268176
0.8413472 0.4972724 0.60403585
0.44483554 0.4668872 0.34100553
0.608935 0.52144974 0.34296662
0.39591092 0.46172103 0.5356765
0.31360742 0.44598287 0.51715034
0.20027834 0.36458316 0.395387
0.8810712 0.354307 0.46873668
0.9595503 0.40471923 0.46440595
0.991049 0.41029364 0.43419862
0.85098976 0.31699276 0.4836945
0.85299313 0.34347564 0.45646352
0.9315014 0.38227558 0.4153551
0.8543094 0.33707955 0.47472656
0.85485697 0.2147384 0.48660398
0.9928218 0.4371984 0.49506357
0.007556148 0.53387654 0.81137353
0.02718576 0.83535844 0.81862575
0.040786266 0.6888622 0.84057117
0.05903043 0.43227264 0.807972
0.06657333 0.76739025 0.83814806
0.05167923 0.6047972 0.79028267
-0.06465546 0.31625062 0.7682914
0.02190299 0.5288142 0.8401247
0.9121977 0.3794832 0.64410776
0.80229986 0.3350133 0.5522905
0.8662365 0.34994382 0.55398303
0.8629569 0.33302662 0.55864644
0.8382599 0.34815198 0.57076776
0.84008276 0.3246653 0.5390817
0.16621435 0.50046754 0.70124984
0.15121463 0.47588035 0.68589675
0.2771967 0.6035004 0.32255054
0.87826455 0.61985373 0.31491944
0.73593676 0.6376506 0.33471957
0.4749635 0.6576315 0.16661674
0.8102282 0.6377311 0.28136992
0.31290862 0.5383464 0.13070458
0.045740467 0.2655754 0.4179755
0.074528374 0.3511484 0.44350407
0.32938302 0.32953915 0.32592243
0.07133595 0.57024634 0.45824417
-0.0002879873 0.513139 0.3997267
0.033166748 0.45343968 0.3677842
0.058027662 0.32810602 0.42982596
0.04831242 0.4222331 0.46777737
0.3167452 0.551632 0.30611026
0.74537194 0.47948867 0.43350443
0.08134277 0.32276163 0.44734457
-0.007306613 0.31350607 0.53459454
0.0002097413 0.7238674 0.45923787
0.08618367 0.98926604 0.523605
0.0234127 1.1712421 0.54857856
0.34114838 0.37958807 0.46270585
0.4105108 0.35454792 0.375472
0.113335446 0.73906255 0.614228
0.15104619 0.542347 0.6667843
0.21728447 0.6477063 0.39451134
0.13268358 0.7152635 0.27706945
0.43009508 0.5167464 0.15933362
0.15565181 0.4907235 0.19258541
0.11580312 0.45741814 0.2090328
0.10097173 0.4572865 0.2176412
0.54232323 0.34563005 0.5373777
0.18812871 0.36819935 0.3403212
0.37339288 0.67191243 0.19398078
0.15161431 0.60899806 0.19291736
0.104965135 0.5274728 0.17640683
0.15947446 0.5565179 0.16135344
0.01858019 0.57220536 0.08145176
0.07606877 0.74425507 0.08310627
0.27869338 0.42126083 0.079681896
0.16102442 0.48624656 0.15349302
0.18022776 0.47847033 0.15056977
0.8189075 0.29417643 0.5429549
0.90736413 0.34158593 0.49044144
0.85787743 0.30315697 0.6028029
-0.013236575 0.45095193 0.44938436
-0.022174083 0.38707826 0.4114029
-0.000705488 0.435638 0.4835703
0.012985922 0.4467297 0.49492082
-0.0383785 0.37300834 0.43732655
0.07139314 0.48796335 0.44316298
0.45342258 0.22173882 0.7454095
-0.083863504 0.29019666 0.92410636
0.37719828 0.16706885 0.7682146
0.8185921 0.3994256 0.2615754
0.7755877 0.40613467 0.27118054
0.7294017 0.3865627 0.28272012
0.1909367 0.37085515 0.31598118
0.060223553 0.3311433 0.3092557
0.08738804 0.42111745 0.25767216
0.000560835 0.48292172 0.36507875
0.078776754 0.55525136 0.36666965
0.19540715 0.55043155 0.2769195
0.15961152 0.6262997 0.38224366
0.13728788 0.6647438 0.27424166
0.17376542 0.6402119 0.34589103
0.13184527 0.57238305 0.554976
0.14017467 0.54805464 0.54738384
0.12720686 0.4974646 0.2951308
0.44076315 0.5690393 0.250719
0.11826928 0.45778793 0.31457505
0.47849086 0.35293826 0.52231723
0.0027162656 -0.010621637 0.59394366
0.029011603 -0.0071962103 0.6236931
0.10380233 0.009487271 0.5371106
0.08602335 0.0028177649 0.6500903
0.052389637 0.021582887 0.67237866
0.65804243 0.2818653 0.7063291
0.14250118 0.021888472 0.42015156
0.04307154 0.44768947 0.1324463
0.02519044 0.44164717 0.15170263
0.027071185 0.3902605 0.15318277
0.018093321 0.43793714 0.13349764
0.08936155 0.46355712 0.15774165
0.04467956 0.32097337 0.45698357
0.035024017 0.40012205 0.5948012
0.048736777 0.4188136 0.575405
-0.036208577 0.35445192 0.5386906
-0.0020720437 0.3816445 0.53701377
0.042785224 0.4513824 0.5492305
0.19143474 0.47880834 0.24478331
0.071797915 0.62028766 0.2863251
0.043254048 0.43695208 0.34532034
0.016789585 0.39402667 0.33522958
0.12983431 0.7849846 0.35307634
0.1605582 0.47714388 0.3002675
0.06089908 0.48574919 0.32209718
0.14048758 0.067958206 0.6344955
0.19800416 0.14755899 0.6213318
0.5310662 0.24207693 0.707728
0.043779988 0.09394559 0.624188
0.7831188 0.3535433 0.63897455
0.63636225 0.26767847 0.6399646
0.26028004 -0.07161822 0.44681814
0.14698298 -0.12474067 0.49374747
0.2906719 -0.02489949 0.5207854
