0.08259015 0.5740257 0.43494174
0.058616184 0.39510584 0.4203485
0.15728535 0.5350419 0.489449
0.08736794 0.52995926 0.46752176
0.09776597 0.520614 0.47373596
-0.0070656165 0.4851518 0.22736704
-2.7924776e-05 0.22611278 0.3115394
0.052815523 0.20426698 0.29263872
-0.014340974 0.845754 0.2412321
0.02672515 0.37515593 0.2791931
0.065358385 0.55852854 0.5543398
0.09686605 0.60854733 0.52590287
0.07057324 0.3946398 0.46647444
0.7457201 0.41100383 0.7387852
0.8462195 0.38363937 0.54152185
0.43114364 0.28136373 0.7794144
0.7839673 0.34295732 0.69782287
0.20109984 0.41789585 0.6012291
0.20663083 0.5464243 0.29203644
0.2067706 0.50926155 0.2929485
0.16682136 0.68117976 0.29429632
0.37841174 0.3948514 0.3815767
0.60767406 0.4099533 0.39697298
0.021756 0.56936824 0.57944393
0.04735265 0.4850886 0.53252244
0.19687289 0.4800481 0.42119637
0.17780216 0.51201975 0.4299504
0.19527566 0.45732117 0.585632
0.14667359 0.6198292 0.51759917
0.09999414 0.78946155 0.5059232
0.10997627 0.7546733 0.4786578
0.8204463 0.8443837 0.40028605
0.39267853 0.7408551 0.40227008
0.60154265 0.7121525 0.34962985
0.53452575 0.6932293 0.28658244
0.8235628 0.860381 0.30938688
0.7019648 0.7415356 0.27780375
0.0683092 0.87222004 0.20648646
0.070786804 0.7953842 0.21740636
0.12182348 0.76828885 0.2177777
0.13215375 0.7612478 0.17881222
0.14289919 0.83880895 0.21565127
0.6139042 0.42611474 0.67886835
0.6893711 0.50393105 0.72786325
0.84514284 0.55959916 0.7112908
0.66861695 0.51071686 0.7014553
0.7007422 0.5464313 0.62961096
0.81421775 0.736012 0.78935546
0.3860979 0.21781349 0.41901186
0.3368879 0.29020467 0.55351305
0.074181736 0.26783437 0.2751224
0.8444934 0.48610118 0.3625295
0.36125696 0.394219 0.46097368
0.2846635 0.4153247 0.2827595
0.32982787 0.40958565 0.30593354
0.21658623 0.57813686 0.6687537
0.28098163 0.63449305 0.57038003
0.39825842 0.50446415 0.6730698
0.5982623 0.6458408 0.6269999
0.6170674 0.68879104 0.6446012
0.8484539 0.6816828 0.5380909
0.45796227 0.56254274 0.5228998
0.14122185 0.49340135 0.48885843
0.12626572 0.4649524 0.4736159
0.27764294 0.44944835 0.29656518
0.24308997 0.45900193 0.31319115
0.2863883 0.47442842 0.32693878
0.37650636 0.66409844 0.5181827
0.32559806 0.5450306 0.48467007
0.6779083 0.24214521 0.60318893
0.49459553 0.26896375 0.58265305
1.0104585 0.40182 0.649173
0.99813455 0.39783922 0.6029448
0.21645227 0.29918614 0.61131626
0.7749366 0.29982516 0.70314264
0.7651523 0.42502043 0.5567751
0.06281011 0.6227206 0.24164036
0.07643901 0.7725495 0.28577006
0.08132575 0.95144314 0.20210974
0.09194112 0.566308 0.19096902
0.20362002 0.5173277 0.3241387
0.1396093 0.61061466 0.23848161
0.48334116 0.48488227 0.51580095
0.56995016 0.56370443 0.51241165
0.6509333 0.6132746 0.52491945
0.6830032 0.63901466 0.54119915
0.80033654 0.58035225 0.54804456
0.7028975 0.40409657 0.5611187
0.20559198 0.30403525 0.5514519
0.14451988 0.34112436 0.18307392
0.20327926 0.36684287 0.17837015
0.90237975 0.46824777 0.22929364
0.48039818 0.3656219 0.17555153
0.39805466 0.4165837 0.1844985
0.4158766 0.35965177 0.21531919
-0.009036109 0.6125294 0.22723672
0.27874547 0.12506132 0.07399546
0.06118224 0.48667297 0.20267314
0.15970093 0.3441175 0.19712296
0.1245418 0.5009638 0.62085724
0.057893656 0.7224064 0.59678
0.2724583 0.45359948 0.685306
0.073411845 0.48055458 0.56204253
0.123988315 0.5371231 0.6352499
0.16207594 0.54984885 0.54828185
0.24327683 0.6537716 0.5586806
0.14237462 0.64860886 0.53577554
0.42565718 0.51409537 0.6545839
0.85160434 0.460639 0.63593125
0.36789963 0.45231313 0.69101065
0.29026243 0.48529434 0.6511966
0.5029423 0.6484787 0.5563748
0.048210196 1.1404637 0.5033107
0.53405046 0.59850454 0.7315786
0.20366469 0.83538806 0.33678734
0.1281482 0.4659688 0.7285805
0.063662834 0.59426117 0.5787158
0.04664699 0.55150723 0.6191626
0.1175122 0.52866036 0.53863376
0.8140673 0.68760055 0.55218935
0.011991732 0.56623733 0.53541297
0.03706137 0.35316116 0.6240357
0.070338346 0.40421778 0.59739774
1.0507178 0.57271326 0.6016271
0.21224731 0.7021948 0.35657027
0.32317874 0.46398342 0.38547444
0.35087228 0.43804982 0.499899
0.25906074 0.40017533 0.4570354
0.21618187 0.31939137 0.36626047
-0.015532784 0.6679083 0.78546417
-0.015961848 0.98001 0.71867585
0.0013361499 0.845731 0.7408013
0.080437765 0.47781944 0.70578384
0.030868433 0.90257674 0.72480124
0.043804668 0.61177194 0.70451134
0.045314744 0.3355369 0.78760463
0.05307304 0.63125616 0.7708728
0.17488322 0.48520932 0.66705495
0.15143359 0.45458615 0.67127246
0.40469807 0.6504598 0.24268398
0.733627 0.677294 0.22612467
0.5256829 0.6853851 0.28995892
0.32077637 0.7916279 0.18110922
0.84511703 0.6483443 0.18897188
0.9950605 0.78506756 0.16884938
0.058877356 0.24148229 0.40598646
0.032175355 0.30602148 0.44312736
-0.024199195 0.4325019 0.39761505
0.10807036 0.38007343 0.41244796
0.038993128 0.43459105 0.4230429
-0.01768168 0.38332596 0.38577422
0.018710747 0.29436636 0.42753103
0.029947758 0.39510885 0.47195715
0.08593496 0.62337416 0.33416826
1.4823408 0.6900717 0.4543257
-0.0017019436 0.36489785 0.46318772
-0.0057220533 0.30574548 0.5260449
-0.0050968975 0.72620577 0.47682637
0.05518782 0.94813174 0.47735736
0.06895464 1.108253 0.49625072
-0.0075459704 0.37385458 0.48236838
-0.00131654 0.39172095 0.46278816
0.12800309 0.646575 0.6152306
0.15017049 0.54873896 0.63860303
0.20916402 0.6414504 0.38755864
0.11354104 0.71884495 0.2666781
0.051357083 0.47558948 0.210513
0.039477646 0.4568581 0.1822021
0.002075754 0.43180937 0.22230273
-0.016404822 0.40762872 0.24658957
0.47622967 0.32216084 0.31566748
0.08595179 0.60540724 0.4077579
0.33481 0.6172636 0.20303018
0.16376753 0.615563 0.18686518
0.11988635 0.56941175 0.19045478
0.09779097 0.5251376 0.16924688
0.10085546 0.43852973 0.0957848
0.084433936 0.67915696 0.14324883
0.14754418 0.3819279 0.09974531
0.18274558 0.50025403 0.11613149
0.16632527 0.47317475 0.119361036
0.063303836 0.63503444 0.45757642
0.04942902 0.5983363 0.45851064
0.06838353 0.5055599 0.49578464
0.06608749 0.50635195 0.49790487
0.05057721 0.6170408 0.4876869
0.117023595 0.76343036 0.51584744
0.4992916 0.24513082 0.68589085
-0.0021749362 0.36841887 0.8589183
0.4069569 0.13591453 0.7772905
0.18766618 0.3683921 0.2875849
0.12914583 0.3059107 0.2886818
0.14485931 0.38375118 0.27014148
0.07480691 0.5281681 0.31582618
0.13533469 0.56550264 0.3385783
0.1396504 0.6727181 0.30637056
0.20287207 0.6528599 0.38123706
0.11774716 0.66425544 0.28983584
0.2038491 0.65530276 0.3409108
0.1620875 0.60562444 0.5282096
0.1395266 0.64613414 0.51094514
0.08046997 0.60709536 0.26353142
0.11575002 0.6866574 0.3135133
0.055361956 0.5998398 0.3234003
0.20592722 0.2751019 0.5572445
0.07744823 0.42899406 0.13572241
0.024906937 0.39603874 0.17317802
0.029647052 0.3744599 0.1863619
0.02714336 0.42529106 0.15286055
0.037926387 0.41459525 0.15883237
-0.040949307 0.42232275 0.5282428
0.055791043 0.4446875 0.5936379
0.05499232 0.48055732 0.5865438
0.018927574 0.43311375 0.57003295
0.06074255 0.5085515 0.521249
0.08598368 0.42961934 0.54422516
0.07687787 0.59351563 0.28950033
0.08014003 0.647526 0.29320303
0.06500258 0.505704 0.2786131
0.07119931 0.46607095 0.31837282
0.15797591 0.7450262 0.34310746
0.08328751 0.6076932 0.2974901
0.08086946 0.60439324 0.3074639
0.15108535 0.07021549 0.62799364
0.2767362 0.16602719 0.58050513
0.50686526 0.21538101 0.6500234
0.07856761 0.071696185 0.54475945
0.7062469 0.32785386 0.6514952
0.7938329 0.34463394 0.57202435
