0.13584805 0.47256088 0.46027786
0.14832553 0.40034038 0.46418643
0.2968404 0.513326 0.4826566
0.10961567 0.47042942 0.4691872
0.1269246 0.4839911 0.46529257
0.03414674 0.0069833696 0.60003126
0.11033097 0.0226322 0.45541847
0.012904 -0.0015822276 0.6889703
-0.027359523 -0.033948444 0.59666795
-0.11499702 -0.055588357 0.6481733
-0.052974686 0.57367873 0.22289144
-0.01823879 0.28723967 0.29643488
0.10600208 0.19698712 0.28493163
-0.005411856 0.74736166 0.25315452
0.028700225 0.3330332 0.30248314
0.045912605 0.7198099 0.52562827
0.17824711 0.5095887 0.5522216
0.10847513 0.3867758 0.51062155
-0.005505644 -0.021745339 0.5009841
0.39790848 0.14672211 0.5945947
0.19876033 0.09314306 0.55487025
0.08569733 -0.01696115 0.60180056
0.01960792 0.026162017 0.6159687
0.52460223 0.18789026 0.51708716
0.98779905 0.4290291 0.5831845
1.0003465 0.3811218 0.55564296
0.9038951 0.462942 0.8651484
0.8571566 0.40662426 0.56039715
0.6702513 0.36817914 0.85652936
0.84221524 0.40538466 0.77368015
0.16006795 0.3400445 0.6505854
0.13722524 0.577776 0.25165737
0.1945458 0.5029412 0.30924416
0.17720997 0.6251401 0.27205527
0.36148497 0.25205162 0.53074586
0.53418565 0.33029893 0.48461312
0.20536873 0.4025855 0.58578146
0.1253407 0.3888489 0.5903362
0.18397349 0.51021916 0.43038017
0.15982148 0.51305485 0.42967874
0.18060893 0.45352143 0.5703916
0.18648696 0.4938102 0.5888448
0.12622371 0.82842195 0.46278125
0.10140705 0.6955897 0.49895722
0.7977645 0.85681677 0.33034492
0.43837297 0.76077664 0.41536635
0.59634334 0.7141292 0.34909922
0.5757951 0.6916299 0.23689844
0.79346544 0.81499195 0.32893008
0.7548464 0.79234976 0.24427468
0.025027055 0.0215039 0.5746524
0.68522674 0.2677776 0.6519054
0.06499049 0.029212166 0.58725107
0.04206509 0.012054771 0.5827286
0.76099473 0.2886797 0.5679147
0.093009345 0.079959825 0.57006854
0.37121668 0.18923429 0.55717605
0.06616922 0.85405636 0.21878447
0.069336504 0.7121075 0.19356722
0.12006494 0.767187 0.20218833
0.1390036 0.7617309 0.16770218
0.14097112 0.81615424 0.16501138
0.69053024 0.447441 0.7174163
0.7318195 0.51535445 0.7282193
0.8643499 0.5410398 0.6806333
0.7462256 0.5446193 0.70207655
0.7795456 0.5788902 0.65008724
0.86810386 0.71219206 0.7374278
0.33430883 0.17540488 0.45755267
0.36043486 0.24205074 0.5408901
0.067351684 0.24465564 0.2756057
0.46549803 0.33997133 0.36074322
0.31225833 0.40344954 0.42289728
0.29879192 0.345447 0.32272688
0.31393456 0.35925 0.31315547
0.21778688 0.5622854 0.7023967
0.43946317 0.55174935 0.606754
0.40953448 0.47964123 0.68617487
0.64466655 0.61494374 0.63864344
0.6340254 0.6641754 0.66055924
0.44220147 0.5475382 0.5205466
0.48529568 0.5780195 0.5308612
0.18212572 0.51904964 0.490941
0.19379207 0.49263054 0.4408911
0.2791805 0.45137084 0.31014264
0.2213172 0.44588608 0.34750664
0.23602685 0.48012567 0.3366629
0.63423437 0.31624988 0.37525642
0.7052412 0.78148353 0.23047723
0.81377894 0.8448578 0.19612986
0.8785903 0.9476477 0.1508785
0.36655617 0.6750158 0.5182147
0.28410798 0.5982837 0.542603
0.19779292 0.080830306 0.6119546
0.25641927 0.1016712 0.5743015
0.30224985 0.08678223 0.45400655
0.17949426 0.03785494 0.7059214
0.108676955 0.05303926 0.5994419
0.028838634 0.07369712 0.714187
0.965108 0.35454765 0.69212663
0.22882152 0.022527002 0.5348084
0.83116764 0.32516187 0.59903485
0.2251311 0.20949176 0.64778525
1.0419731 0.39286676 0.661985
0.98858255 0.34487498 0.6294578
0.86714214 0.45363623 0.6409286
0.89919287 0.35631442 0.7251942
0.94777966 0.43006948 0.5262851
0.0854741 0.5861003 0.23985593
0.106547 0.64394987 0.25304037
0.06088731 0.96177685 0.18845536
0.119707465 0.5391744 0.19763984
0.27076858 0.30674255 0.30209422
0.09209934 0.526256 0.24648379
0.4246994 0.47719696 0.49746418
0.6812796 0.5600613 0.48592418
0.6391255 0.6188375 0.49522066
0.6451892 0.6268901 0.50635093
0.75168234 0.5388166 0.62256444
0.7188771 0.3876837 0.5479002
0.35498253 0.33162317 0.56767756
0.8005693 0.2935753 0.5352918
0.25859103 0.06484018 0.4917934
0.43682542 0.115229845 0.32958198
0.36273053 0.113815606 0.49726933
0.72642547 0.2658044 0.50773484
0.23739642 0.048379336 0.48096746
0.5733111 0.21784005 0.566964
0.46680257 0.22473738 0.49517953
1.00068 0.36492297 0.6109265
0.017605066 0.3227018 0.23719226
0.118553236 0.29869118 0.18965462
0.7452671 0.34763157 0.29142296
0.25284997 0.22792846 0.23712896
0.18780392 0.2717085 0.21799998
0.093107365 0.1893225 0.2313749
0.019437645 0.5337683 0.2301428
0.7261088 0.35846472 0.2677283
0.03310415 0.4816026 0.19403611
0.07280147 0.34510422 0.23321806
0.31616655 0.18657559 0.51771617
0.13024378 0.284162 0.63889503
0.05210854 0.2992738 0.6250111
0.16297585 0.2816636 0.5583038
-0.010588244 -0.07388749 0.50852644
0.12779307 -0.042784937 0.2993026
0.1702474 -0.011017084 0.30269313
-0.055527084 -0.09569333 0.51155066
-0.05144064 -0.08460436 0.59875184
-0.015928254 -0.039112024 0.42830813
0.53455 0.16332233 0.5335988
0.13387474 0.043974627 0.56154686
-0.052779593 -0.027036972 0.55897146
-0.055175386 -0.09214143 0.49967742
0.14232019 0.4812113 0.6017014
0.049628604 0.6532181 0.6153326
0.24403012 0.4433339 0.6570218
0.17922217 0.4456945 0.637159
0.15128823 0.4872035 0.662001
0.33628258 0.46934575 0.65387833
0.25342938 0.5108295 0.6504154
0.24340698 0.45221204 0.5967745
0.3396416 0.49833372 0.6045414
0.65908146 0.37668693 0.69475347
0.33297935 0.4382874 0.68420124
0.27765632 0.4615502 0.57707506
0.42827955 0.61300987 0.5775461
0.035082676 1.1119232 0.46996576
0.4191915 0.52510816 0.7481152
0.09850397 0.9681757 0.28676313
0.20425048 0.48415196 0.6786386
0.25119397 0.37640852 0.64237654
0.18378416 0.39007312 0.6768746
0.28052527 0.4253521 0.5778326
0.7017736 0.626294 0.49907553
0.1590308 0.3758011 0.5888127
0.09894318 0.33715588 0.64389753
0.09956889 0.36107957 0.6178112
0.8305195 0.55546963 0.56861037
0.35361275 0.53858906 0.37601364
0.571137 0.36233905 0.4693249
0.3814587 0.46187675 0.49779183
0.23702022 0.4394137 0.48787522
0.07727256 0.3031098 0.42256057
0.9437619 0.3645559 0.48161155
0.9623092 0.4095509 0.48563534
0.96231407 0.3838755 0.4571095
0.8911925 0.3497644 0.46194065
0.94148964 0.34809753 0.46633804
0.999695 0.37076166 0.44438678
0.97836846 0.36982763 0.4805473
0.8100626 0.2624522 0.26769686
0.77077216 0.30095527 0.45131046
0.084843375 0.5444334 0.84009933
0.07211786 0.7656419 0.81905556
0.11960768 0.57517207 0.8329116
0.12393186 0.38887846 0.7906576
0.12496551 0.68013203 0.8001392
0.10011949 0.5210015 0.7945672
-0.0012958348 0.3150636 0.8469006
0.11126597 0.54756945 0.83653927
0.93644685 0.36472344 0.6555867
0.929776 0.36983037 0.57208836
0.86271536 0.3299427 0.52231324
0.77285373 0.2734509 0.58040243
0.85360783 0.31757143 0.58587945
0.95001763 0.35098976 0.56966513
0.20921093 0.4548283 0.7358227
0.17821574 0.42462075 0.7181872
0.14891951 0.4734525 0.39895326
0.3267609 0.33616155 0.40938514
0.18013704 0.52631927 0.48830503
0.4036263 0.5458375 0.30269372
0.7636669 0.5200846 0.32786942
0.35264584 0.44672436 0.24946244
0.10079551 0.31551373 0.42413467
0.041501474 0.36997426 0.44249386
0.12447793 0.29035586 0.4343173
0.067493826 0.31754896 0.41975707
0.0036519058 0.50521535 0.3891046
0.024442568 0.34121096 0.39112854
0.09501296 0.26208523 0.4680649
0.12931508 0.48349732 0.52157265
0.16265115 0.40750945 0.43231052
1.1756331 0.6137818 0.58366555
0.038990617 0.30156195 0.50521547
0.0106999315 0.30711988 0.5420515
0.00018624216 0.66610324 0.4630276
0.04229488 0.77492785 0.578774
0.043105632 1.1453714 0.4817931
0.10933095 0.3205826 0.54550654
0.11510394 0.27334988 0.5037657
0.23447889 0.7460141 0.58864933
0.2422697 0.56257206 0.6323731
0.1892125 0.61067855 0.3896016
0.18210348 0.63575363 0.2964657
0.16801107 0.42249367 0.25611517
0.07787392 0.51618755 0.2144608
0.102660395 0.43558618 0.2201805
0.09527829 0.42387262 0.24563104
0.58688945 0.322999 0.49238467
0.19576278 0.42665958 0.4671142
0.32683024 0.6016568 0.18815085
0.19597515 0.57705426 0.1933271
0.238316 0.5600892 0.18766358
0.1422176 0.56321615 0.19866398
0.0056193545 0.4841644 0.119735055
0.06672362 0.69435966 0.10325967
0.096645966 0.32912877 0.13091105
0.17586717 0.4904769 0.14066404
0.11803408 0.502844 0.124519
0.85199934 0.28765625 0.5394531
0.87702876 0.2362938 0.44700074
0.6722625 0.13363826 0.45227748
0.15621024 0.56826633 0.46848327
0.15719682 0.5290787 0.4673468
0.15817636 0.51532924 0.4922393
0.15635176 0.50950575 0.49552447
0.18624237 0.546811 0.5000279
0.20087382 0.6199154 0.50486803
0.45648876 0.22185087 0.73196995
-0.032220386 0.35833427 0.9153621
0.48258135 0.20200679 0.7245607
0.31359455 0.17152417 0.17603259
0.7148603 0.30262554 0.3264404
0.74089354 0.30556378 0.24535884
0.19830805 0.3412993 0.29440987
0.1376311 0.28638503 0.27241427
0.17062572 0.321066 0.28831822
0.20267639 0.51454407 0.3884108
0.20504868 0.55209446 0.36425436
0.2569867 0.57267344 0.3467306
0.23648542 0.6261285 0.39679945
0.15656647 0.64742017 0.2953123
0.22702464 0.61189866 0.3482957
0.18214867 0.59535253 0.5283102
0.19166246 0.56552756 0.5250855
0.18047932 0.5282111 0.31942582
0.30722684 0.55353516 0.36097747
0.17857948 0.4516641 0.3604414
0.27924815 0.285575 0.58479786
-0.0653322 -0.05284013 0.5759846
0.05752181 -0.04074792 0.61047786
0.08401146 0.014409874 0.47486144
0.07768093 -0.005072601 0.50916594
0.062720954 0.016496189 0.5886972
0.3525047 0.15293866 0.6853348
-0.005031593 -0.06832596 0.5130085
0.05458536 0.44841304 0.13639049
0.04964999 0.39845774 0.15781957
0.06693735 0.37379166 0.17032664
0.03149409 0.452458 0.1543175
0.07159462 0.4298295 0.16618732
0.1314662 0.32213277 0.5823466
0.118263684 0.4244892 0.61053336
0.12963682 0.43956017 0.58514935
0.11589286 0.381561 0.5873347
0.14523059 0.43979946 0.54159504
0.11636936 0.42245713 0.57101214
0.1975734 0.41196904 0.35352373
0.11684176 0.5755707 0.31055284
0.14665052 0.4484679 0.39574242
0.13959941 0.4485241 0.33697712
0.2142758 0.6617694 0.3554561
0.18483683 0.49801958 0.3425399
0.15790507 0.55228513 0.32639134
0.38058963 0.1574671 0.5570396
0.25490203 0.13434301 0.6025834
0.57638085 0.2469585 0.6188791
0.043494094 0.048599407 0.56983453
0.7568067 0.36135614 0.58901143
0.6858161 0.31510726 0.63913995
0.31319496 -0.013881169 0.34793615
0.49329063 -0.007792972 0.45358378
0.37189025 0.0088422075 0.43915528
