0.04407926 0.5506417 0.4460757
0.12940815 0.41327274 0.49061647
0.21580389 0.535614 0.5145271
0.08849464 0.48208004 0.47047272
0.086615466 0.48582822 0.47557104
0.10149908 0.021669772 0.6304552
0.20869392 0.048002154 0.4888172
0.044537786 0.0072607547 0.71120983
-0.031556796 -0.042090937 0.67975974
-0.08894324 -0.0630317 0.5776311
-0.025362048 0.44250995 0.2640756
0.0077129006 0.3092475 0.27525803
0.048207175 0.24913648 0.27124283
0.048360307 0.7548958 0.2673512
0.07236458 0.40872145 0.30954617
0.0732933 0.55262107 0.5805351
0.21030873 0.5374559 0.55103487
0.0499441 0.38321614 0.48746103
0.084229946 0.021509316 0.5508269
0.050855517 0.04858387 0.62053174
0.12318741 0.049977466 0.5207949
0.10685638 -0.005560413 0.5786302
0.040611457 0.016912993 0.63082016
0.73328704 0.25119013 0.51494586
0.9829291 0.42463666 0.57303345
0.95048374 0.3890792 0.5153632
1.0400171 0.4893962 0.8577841
0.89564294 0.40139323 0.6466378
0.34751526 0.2694164 0.7176664
0.8794967 0.4165445 0.68897974
0.32070273 0.4370551 0.58642477
0.25577286 0.51659507 0.2970319
0.1824255 0.5143241 0.32530183
0.14761567 0.69621056 0.29302537
0.5086531 0.43521672 0.38882247
0.69354415 0.463773 0.44961032
0.025349986 0.53943783 0.5894727
0.04965496 0.3931988 0.55723065
0.20479327 0.5300799 0.44419476
0.18401662 0.5340838 0.4313071
0.16030957 0.4539088 0.56044203
0.15463 0.5160652 0.6301407
0.095540866 0.88500893 0.4884894
0.11018953 0.6911939 0.49213567
0.83802104 0.85683584 0.36548308
0.49066943 0.8161308 0.3459679
0.6236078 0.7532607 0.30029792
0.5705439 0.7011623 0.2736954
0.86986226 0.87325263 0.31610572
0.75457025 0.79508823 0.26371232
0.060635246 0.035772383 0.46691084
0.005727891 0.033109773 0.5625024
0.08040399 0.073157966 0.46686542
0.06056761 0.008402802 0.56906414
0.16825838 0.072185144 0.5188321
0.028267264 0.059010573 0.5098948
-0.018581983 0.025012277 0.5081733
0.075376585 0.85014194 0.2139394
0.057739936 0.7860437 0.23074093
0.13780946 0.7514042 0.21695527
0.16527238 0.7216405 0.214575
0.13356332 0.8359779 0.1757257
0.70699155 0.46262115 0.6820271
0.72449774 0.5300161 0.73076075
0.9079822 0.5516765 0.6759302
0.73555905 0.55288446 0.67734694
0.7255625 0.5638531 0.6450761
0.83911306 0.7364935 0.7540269
0.3898207 0.20422898 0.40431115
0.35315087 0.2397507 0.48337755
0.043183196 0.2748614 0.29726085
0.6588955 0.46899968 0.41770676
0.29935968 0.38639683 0.43898946
0.32591295 0.3888058 0.32232422
0.26159635 0.49410516 0.2765052
0.23335713 0.5840959 0.70646495
0.2315216 0.59644353 0.56832916
0.30108777 0.47987187 0.7035423
0.5920777 0.65620214 0.59114134
0.6181524 0.67677677 0.6330879
0.6896604 0.5865104 0.49081853
0.43549648 0.5562571 0.52884394
0.1576412 0.49895936 0.505289
0.1533118 0.503866 0.49322543
0.32780108 0.44850844 0.32553998
0.2736508 0.4729818 0.36398274
0.35205314 0.51662236 0.35606033
0.6355466 0.53688914 0.29376835
0.67733556 0.80264944 0.21597132
0.8261921 0.83015066 0.21914166
0.98182154 0.9609915 0.19745725
0.37829795 0.6723228 0.510601
0.37080827 0.56847733 0.52215326
0.27772257 0.09661716 0.5803638
0.28622815 0.10547312 0.60483307
0.3054823 0.07136959 0.63025063
0.23897439 0.11854449 0.63155764
0.030308029 0.016873322 0.845118
0.27751163 0.15095663 0.6414203
1.0242668 0.40853179 0.62040406
0.6162171 0.1606563 0.4169244
0.044657815 0.06398745 0.5702316
0.2787973 0.23275675 0.6155947
1.005371 0.42811614 0.55535746
1.0592668 0.43433905 0.49956977
0.3296403 0.33500588 0.53700334
0.88409346 0.33560282 0.77123946
0.990628 0.45945197 0.4749086
0.08832268 0.621479 0.2728798
0.06908719 0.7560901 0.28448132
0.08121997 0.96837634 0.16852309
0.087444104 0.5737048 0.22748077
0.3347397 0.3924933 0.15354356
0.16453463 0.4974681 0.20187415
0.4501293 0.4696232 0.50774324
0.62366194 0.55407226 0.5024969
0.5708773 0.57101136 0.52086043
0.553925 0.5826567 0.50896984
0.7748237 0.58562696 0.59703124
0.7985184 0.46775764 0.58563495
0.45325798 0.35852456 0.5749229
0.21320343 0.058776096 0.5046822
-0.010040332 -0.039409153 0.50591457
0.7972415 0.24413183 0.41498166
0.6906809 0.25723374 0.46338484
0.29553214 0.07792373 0.5025587
0.39368644 0.11658966 0.47893068
0.07328008 0.017248075 0.5471025
0.80072737 0.34346592 0.4392775
0.71632785 0.32036048 0.5290395
0.035997592 0.33839113 0.2739013
0.14156781 0.43091506 0.23157054
0.8596904 0.44610244 0.27878526
0.29434934 0.37302005 0.21177518
0.3832005 0.43139607 0.17886636
0.28090054 0.36035645 0.20778567
0.0071945973 0.6339962 0.21508941
0.52273524 0.19522855 0.18499467
0.10029424 0.5065728 0.16484195
0.18757024 0.36141962 0.22446698
0.39867404 0.25229472 0.47104096
-0.013725463 0.29495776 0.5885718
-0.031882312 0.30652493 0.61403793
0.04342801 0.26633412 0.549168
-0.032380287 -0.04536847 0.40364978
0.1229333 0.019930676 0.2389065
-0.045051295 -0.06380667 0.3154458
0.32911247 0.12053526 0.2846201
-0.050342757 -0.06481044 0.6560682
0.025462963 -0.007011585 0.39696264
0.09022507 0.01705676 0.5402088
0.10786156 0.0071098357 0.59727454
0.5568389 0.19674815 0.5104977
-0.21179637 -0.12567298 0.37781176
0.10310885 0.53316647 0.6018209
0.071277186 0.58684766 0.6319336
0.2527583 0.4533639 0.66368777
0.15962031 0.5091208 0.6565108
0.1299066 0.57474715 0.6796012
0.13573655 0.5847417 0.60410094
0.20910549 0.65721 0.5806129
0.14280498 0.54974926 0.566399
0.37153003 0.50664675 0.6051447
0.81901366 0.4136858 0.58368546
0.31264165 0.49341667 0.6732866
0.27097046 0.45146143 0.5995106
0.4457465 0.6118189 0.6217318
0.035906617 1.0939878 0.4918718
0.39533815 0.5626461 0.75884265
0.15375839 0.8869491 0.30196816
0.22260131 0.46393985 0.7603322
0.12974478 0.5401235 0.6197657
0.105586395 0.514143 0.6496225
0.092049316 0.44147778 0.55467033
0.50257486 0.5186863 0.5131449
0.07975782 0.50207734 0.57161224
0.004924495 0.367451 0.6018582
0.033447586 0.39234698 0.59443897
0.79330724 0.43648303 0.54555595
0.17864959 0.5278044 0.40525195
0.9337264 0.554137 0.33664498
0.37773123 0.46189487 0.57059366
0.2818839 0.44819194 0.5372166
0.16555308 0.35805064 0.45767483
0.97515774 0.39515305 0.46570227
0.97324854 0.41045785 0.4584818
0.915633 0.3884406 0.4156095
0.95601475 0.3807118 0.45423377
0.99758595 0.3970958 0.47321677
0.97927 0.39799196 0.41762853
1.0384552 0.4067049 0.49300882
1.1593229 0.31198937 0.5373884
0.90509677 0.4167462 0.3804166
0.03393468 0.5956618 0.8093875
0.03403588 0.882139 0.7647629
0.062404957 0.8147127 0.79599136
0.12718694 0.4927277 0.7398098
0.07385583 0.8629429 0.7813806
0.07239893 0.59835047 0.7376743
0.020058151 0.40786391 0.8669885
0.09002217 0.626996 0.8361477
1.0095439 0.36245745 0.7010724
0.8758083 0.37945712 0.5283884
0.4725165 0.20627135 0.5048558
0.89316607 0.33198172 0.5825553
0.9394288 0.37935007 0.5641825
0.9777632 0.3528992 0.55589885
0.18557125 0.49772698 0.7239074
0.1527975 0.45862448 0.6852712
0.22123653 0.5115056 0.263603
0.32564136 0.37875342 0.14002292
0.40717483 0.47915322 0.30525962
0.2655777 0.4777308 0.3376043
0.45754674 0.3726964 0.21747425
0.38506505 0.5063607 0.24374285
0.07912056 0.2545479 0.3995746
0.060791265 0.30866003 0.42297155
-0.0007024035 0.390841 0.40612376
0.075910814 0.49702102 0.39321646
0.055702887 0.41845995 0.3977463
-0.011928763 0.42750984 0.40294653
0.07472006 0.27561527 0.42635718
0.07919129 0.39031863 0.44226226
0.2075964 0.57366365 0.33342138
1.2645193 0.6122182 0.44441345
0.012316681 0.38628954 0.4756454
-0.0284882 0.3263455 0.52530056
-0.0081058405 0.78387517 0.47039774
0.09536504 0.7778055 0.54387355
0.06354484 1.1380839 0.47912532
0.028106492 0.4055742 0.48164007
0.0751106 0.4231745 0.47204813
0.14047262 0.8352541 0.63282007
0.19780289 0.552696 0.6925664
0.22948113 0.61264944 0.38369027
0.1442584 0.6573232 0.2903575
0.16170089 0.4458996 0.2254937
0.06644908 0.40028 0.20025393
0.07778515 0.48275578 0.2417694
0.09247248 0.43507206 0.23092699
0.92752534 0.4914124 0.9122924
0.09435245 0.52709997 0.39492688
0.3148714 0.6480454 0.20099804
0.19339648 0.5955768 0.20827833
0.13371779 0.5642426 0.18754731
0.058450475 0.45765746 0.20661171
0.011980679 0.35171038 0.11581713
0.14120099 0.680661 0.11887251
0.15790947 0.36823088 0.10446126
0.1560474 0.59216374 0.1479276
0.12123497 0.5591908 0.12928809
0.66268295 0.24798012 0.5010764
0.79983145 0.30903435 0.3753782
0.81002045 0.27553284 0.5647855
0.07168461 0.62285227 0.473942
0.05363816 0.5846844 0.48688057
0.079483226 0.48094952 0.4953564
0.0748403 0.48304576 0.5036605
0.09785053 0.6502771 0.5165738
0.106957644 0.7172176 0.5301608
0.4045287 0.21393587 0.68332136
0.005994398 0.34774792 0.9479882
0.41642663 0.17217065 0.6841574
0.55225646 0.40147692 0.17542312
0.7345758 0.40548843 0.22886696
0.53539187 0.41952443 0.19108845
0.17491782 0.33457106 0.29952782
0.12768562 0.29354542 0.2949494
0.12506914 0.31410545 0.27737752
0.13029028 0.5199337 0.39383885
0.16205569 0.5466211 0.37737957
0.15286653 0.5117979 0.3015981
0.18740878 0.61237204 0.39965075
0.15563843 0.58442944 0.3037991
0.18561402 0.6576688 0.3619555
0.16142438 0.56898445 0.5437289
0.15057749 0.59300995 0.5171522
0.07801558 0.4929486 0.29501832
0.22226167 0.61677784 0.29069412
0.059867434 0.51327014 0.34473607
0.061282814 0.28491473 0.5445408
-0.0107970275 -0.048667073 0.56550527
0.13035683 0.02187987 0.57727915
0.1390543 0.0069255754 0.61110747
0.14488032 -0.008727804 0.640284
0.081289984 -0.0076442435 0.5837
-0.017830733 0.0073914304 0.74364346
0.1271212 -0.013449386 0.46269682
0.033935405 0.46708947 0.118021235
0.008596953 0.48127586 0.15835536
0.027156819 0.3929094 0.17699352
0.020633284 0.4291486 0.18728352
0.03668139 0.47755253 0.19304726
0.00873825 0.4189312 0.53317463
0.072288945 0.45007336 0.58676225
0.03990507 0.4651537 0.5784964
0.030239157 0.4259283 0.55602527
0.01798467 0.5674109 0.54394186
0.09383693 0.45501488 0.588401
0.17042796 0.55704075 0.26251933
0.07534306 0.5610097 0.3109156
0.07679686 0.46360308 0.35459432
0.06292376 0.4600337 0.35440996
0.16608624 0.7010245 0.35866868
0.08564575 0.52227396 0.3079745
0.073633865 0.5136695 0.33759245
0.509145 0.21735744 0.5468931
0.4771397 0.26807722 0.63231033
0.5212953 0.26762617 0.60131365
0.19974282 0.15245806 0.56356627
0.8970017 0.41809857 0.57693696
0.86332333 0.36985362 0.5654354
0.03017899 -0.071253866 0.40175763
-0.09088272 -0.11601035 0.47831067
0.10753782 -0.0337746 0.4943318
