0.07783233 0.49555665 0.45483342
0.16697933 0.40827805 0.44560546
0.20127629 0.52077657 0.49280316
0.0810875 0.4984324 0.4992233
0.09105921 0.41181087 0.5211249
-0.016263515 0.5232172 0.22144952
0.01170066 0.28642178 0.306558
0.06239991 0.22122785 0.30320397
-0.008511156 0.7038129 0.25204563
0.016529694 0.3667858 0.2864031
0.117665544 0.43045932 0.5957376
0.0669357 0.63259023 0.5466829
0.086229056 0.3389793 0.5016501
0.7086993 0.42017847 0.891415
0.7748427 0.3536151 0.5808157
0.4553743 0.26473406 0.73263735
0.7320365 0.351987 0.6997273
0.16853507 0.36379838 0.6256444
0.2672394 0.50345457 0.29215166
0.21010196 0.52724874 0.30163085
0.16780385 0.6692754 0.2913387
0.20569615 0.300198 0.44918537
0.22081418 0.3204517 0.4818675
0.079626225 0.40931273 0.5926159
0.08160521 0.37908888 0.5726617
0.21700554 0.46384102 0.43000698
0.20712629 0.49732327 0.44154945
0.18903053 0.4019978 0.5525168
0.17064507 0.6179456 0.51243407
0.1212686 0.70227486 0.49935654
0.12579434 0.65538293 0.4919385
0.8032098 0.79136014 0.38001895
0.41702807 0.7284243 0.39220238
0.5886143 0.6507911 0.287551
0.61469066 0.6485756 0.23948935
0.738411 0.7763881 0.27803132
0.7646611 0.6894849 0.23370165
0.07986959 0.80753714 0.22793472
0.0963901 0.69915277 0.20266661
0.14021449 0.71355087 0.22952929
0.18525437 0.6762596 0.19539884
0.17482622 0.7505584 0.21846819
0.6164457 0.44129056 0.657048
0.6747388 0.5112982 0.7005449
0.85749143 0.55090797 0.70453376
0.7042977 0.55407715 0.70656276
0.7146347 0.56932664 0.64211446
0.7818467 0.7040972 0.7311349
0.35904253 0.2029711 0.45301256
0.32187533 0.22734249 0.5157054
0.040070713 0.2936544 0.28475845
0.30410165 0.31502524 0.35499096
0.36229533 0.3917399 0.43173432
0.27947867 0.34072495 0.3049554
0.31002504 0.37883744 0.29914835
0.24482034 0.52550244 0.71030957
0.3502304 0.58349705 0.57480776
0.2590499 0.45429987 0.6891791
0.65432084 0.65692395 0.5953558
0.6342371 0.6775542 0.6165545
0.76682574 0.61980665 0.48693442
0.45844877 0.54882383 0.5079549
0.18915899 0.48811197 0.5136804
0.1784469 0.47209305 0.50363123
0.28660476 0.46337432 0.28969604
0.24031115 0.46427023 0.3180978
0.25533283 0.4717748 0.33985442
0.40116674 0.6541427 0.5031278
0.31951284 0.52356976 0.49820688
0.4108044 0.13858104 0.5974124
0.7243299 0.35900128 0.6451076
1.1906997 0.47011244 0.64459324
1.3317772 0.49830106 0.6661219
0.45904338 0.38769493 0.56080043
0.7561633 0.2978058 0.7070704
0.9748853 0.45076975 0.6115896
0.08854638 0.548566 0.29198554
0.093889356 0.71208936 0.26774648
0.09629076 0.92577046 0.19605535
0.1066929 0.5750665 0.20663539
-0.022090197 0.3986107 0.20374382
0.086741105 0.5257531 0.13222624
0.506023 0.4811386 0.48422068
0.68818015 0.5478646 0.48247868
0.5859321 0.57669854 0.49731666
0.58613306 0.5859161 0.50681466
0.7607383 0.57232875 0.62400055
0.6512177 0.4074212 0.5232926
0.24953248 0.26761645 0.51127905
0.0016399622 0.32444555 0.22368062
0.05015435 0.3133614 0.22895688
0.28438485 0.31242996 0.19880778
0.07973115 0.2645926 0.2674389
0.044055663 0.35164627 0.19877481
0.0036233403 0.28373092 0.23789692
-0.015448257 0.6110127 0.21149
0.68448216 0.28349957 0.03837107
-0.031266265 0.4492051 0.16927241
0.006678283 0.2770366 0.21858904
0.14774428 0.43997133 0.6315765
0.06417328 0.5968359 0.61492264
0.24927011 0.44467276 0.6497789
0.14524801 0.4553588 0.71024966
0.1222347 0.4561606 0.65667665
0.12681258 0.4416405 0.6620184
0.19705342 0.5100527 0.6211492
0.20030934 0.5156379 0.57276523
0.41616887 0.46085545 0.63614017
0.7023756 0.36352408 0.63288903
0.26897913 0.4265008 0.63537693
0.31315655 0.47285986 0.6041695
0.502913 0.62172544 0.55850255
0.037817966 1.1103421 0.44585064
0.55379206 0.6065503 0.71031773
0.1516231 0.85804355 0.34082887
0.15787268 0.39719865 0.71398056
0.16300757 0.42103004 0.649217
0.13113181 0.42432427 0.67837054
0.16180077 0.4190287 0.5624047
0.694542 0.64153475 0.5471256
0.063334 0.46953738 0.5962106
0.06377926 0.30189964 0.6358544
0.12662768 0.35408682 0.6480862
1.0709821 0.5762122 0.6078981
0.106158525 0.47169298 0.36092675
0.29380405 0.4242544 0.3825389
0.36278188 0.44806746 0.52897406
0.22878228 0.38158932 0.49079415
0.0571478 0.28765246 0.38337597
0.038006283 0.5401026 0.80825436
-0.01502417 0.80989975 0.7901383
0.04670217 0.6407251 0.7811043
0.1424133 0.3927861 0.8059394
0.03643378 0.73149055 0.8117622
0.077727444 0.52265626 0.7227855
0.046605606 0.36515778 0.7943694
0.09107113 0.53958696 0.8127303
0.17579985 0.42045313 0.7086653
0.18323559 0.41796762 0.6875278
0.21764548 0.4946631 0.27789763
0.2473693 0.43993813 0.25910455
0.28969175 0.51403403 0.33858457
-0.04605826 0.43078023 0.17327505
0.43610936 0.55156386 0.2176525
0.03286192 0.3324341 0.15895417
0.071074255 0.258635 0.40369844
0.036369935 0.27647316 0.45676717
0.027670257 0.40104848 0.4217849
0.024912179 0.45157868 0.38428837
0.053930342 0.39240712 0.44472647
-0.0068451613 0.47704437 0.38881725
0.06971672 0.34188008 0.4509476
0.08550088 0.39941722 0.5141973
0.102601245 0.4822008 0.37269264
1.3259784 0.6514103 0.47293562
0.018525451 0.35282427 0.48497444
-0.010104783 0.3112969 0.55088425
-0.005448401 0.67557436 0.46776384
0.06568506 0.9407845 0.51682514
0.053404965 0.95997804 0.48214298
0.10546054 0.33713758 0.55742294
0.09702135 0.38850254 0.50055
0.15426376 0.61579967 0.6192128
0.17449842 0.5079276 0.66281134
0.17955124 0.5847745 0.39591652
0.13758966 0.69948995 0.2808119
0.031590544 0.42813674 0.2440635
0.073260054 0.4576031 0.22098604
0.047116503 0.40578133 0.22933495
-0.0041657984 0.37377542 0.24320418
0.8624748 0.6267964 1.3688793
0.053997226 0.39294297 0.43884638
0.29148045 0.6277279 0.18841934
0.16493261 0.5781346 0.18914445
0.16358645 0.5460757 0.16267544
0.13371682 0.49292445 0.17664652
-0.009440996 0.4019448 0.13692811
0.12931138 0.6411777 0.12317592
0.093709886 0.40574104 0.14589822
0.14046809 0.4862275 0.16771911
0.11046637 0.49643767 0.14047337
0.09138684 0.5280104 0.5361755
0.07938668 0.52327377 0.5144041
0.063572995 0.45522672 0.54339635
0.08236827 0.44562617 0.54525185
0.10019621 0.5050626 0.58117956
0.14944442 0.6468796 0.55352765
0.44941765 0.23843008 0.74650395
0.006941609 0.33181196 0.9072373
0.48089784 0.22801882 0.82251257
0.18859833 0.32858407 0.30328065
0.09156917 0.29578063 0.27777573
0.11762498 0.32996362 0.26704818
0.13497859 0.52587813 0.38919753
0.23077248 0.581984 0.35710558
0.11169974 0.5354826 0.37353402
0.17807478 0.6138051 0.39968494
0.09824604 0.59380335 0.27359825
0.21334451 0.6393103 0.36711872
0.17365739 0.50905275 0.58267605
0.15764621 0.5550661 0.54542947
0.082718365 0.45268273 0.3225568
0.104601994 0.4838108 0.32722783
0.05766145 0.44584334 0.33192256
0.16972646 0.28017986 0.5963886
0.020789474 0.43812993 0.13328424
0.030330174 0.40460226 0.182635
0.049710672 0.39708692 0.18948834
0.042988017 0.4414474 0.18262888
0.05058579 0.4167676 0.17477047
0.013490513 0.30978137 0.5907383
0.10625412 0.37087455 0.63616604
0.12215763 0.4123968 0.6172484
0.070040494 0.36062664 0.6433871
0.09787651 0.4078146 0.5793688
0.092551455 0.35880744 0.6098212
0.079537235 0.44972473 0.26947525
0.096142806 0.5531249 0.30113208
0.11657794 0.42358154 0.34224004
0.024964482 0.44640073 0.34984884
0.18073493 0.6116577 0.35648164
0.08536512 0.4823389 0.29195067
0.08571574 0.49767905 0.31137925
-0.0178167 0.0018359199 0.64890355
0.25618112 0.182697 0.58955353
0.4787023 0.20470858 0.6294644
0.075488314 0.08951567 0.5556907
0.820281 0.3905258 0.6062468
0.7188848 0.3429873 0.601658
