0.08433668 0.5550689 0.40922478
0.17653602 0.4364502 0.47185835
0.25458944 0.52030694 0.51801634
0.094680816 0.57378185 0.45425588
0.11365572 0.5232298 0.4868034
-0.023950987 0.6183175 0.20011815
-0.002046302 0.28965735 0.29317042
0.05240438 0.30274862 0.29928118
-0.013288133 0.7755022 0.30179068
0.17955239 0.37158743 0.29408485
0.058504686 0.55546856 0.5943366
0.19954991 0.5711905 0.54259735
0.09369182 0.39671782 0.47073528
0.8398562 0.5042323 0.85456
0.8625708 0.40947843 0.5548275
0.48791847 0.32873127 0.7871379
0.9320448 0.4569184 0.68669045
0.13937302 0.4670505 0.68694067
0.1905882 0.60639274 0.28170994
0.18820164 0.54545283 0.3215187
0.12834826 0.70124936 0.27685544
0.56701577 0.4229996 0.36245307
0.81599545 0.50544596 0.36798504
0.03596524 0.59125245 0.57604975
0.09704772 0.40340173 0.56368995
0.23438087 0.49408427 0.4349601
0.20118979 0.51699984 0.4490532
0.20246005 0.46728644 0.5738682
0.15966827 0.5741826 0.5667586
0.09037731 0.79952323 0.5438165
0.08031182 0.7437149 0.48210147
0.8345558 0.8495884 0.36513725
0.3819073 0.7900772 0.40607566
0.57141304 0.7283431 0.32628873
0.58526087 0.7123903 0.2996164
0.8808586 0.8816776 0.3160949
0.8492738 0.7753246 0.29035935
0.06617893 0.8427402 0.21825182
0.05050476 0.80765665 0.22422194
0.10795978 0.7529477 0.21533328
0.10885687 0.8160094 0.21063602
0.108456895 0.85105383 0.21721557
0.71509856 0.49475875 0.6961172
0.7332638 0.5415833 0.747509
0.9662243 0.60445035 0.70587015
0.7453474 0.5725236 0.74274284
0.7282209 0.5699308 0.6487529
0.8192405 0.7037741 0.7821998
0.4144746 0.23358524 0.4749408
0.37783036 0.28276157 0.5892125
0.100909896 0.29073378 0.30876523
0.64387006 0.44302982 0.3821033
0.40880343 0.41366586 0.42139408
0.37601495 0.3875393 0.34064427
0.35916188 0.41653714 0.3310304
0.24736959 0.5766318 0.7131933
0.7590672 0.65956664 0.61034966
0.41508457 0.534986 0.6883909
0.63405234 0.67374766 0.64343894
0.62394506 0.6991842 0.6499891
0.56873 0.6268616 0.45704404
0.4680472 0.57412124 0.51494026
0.18472606 0.49367675 0.48226207
0.17486355 0.4908917 0.50081116
0.33394152 0.437298 0.33825657
0.30953065 0.4573157 0.34832904
0.35238662 0.4942085 0.35812035
0.36880866 0.64837897 0.4690176
0.3069325 0.5282315 0.46322748
0.63172084 0.25160512 0.5609595
0.33728763 0.2223163 0.622069
1.0890015 0.44187197 0.6129241
0.9588695 0.3854087 0.5597099
0.17214705 0.32206824 0.642289
0.7562639 0.2972594 0.6935519
0.97802025 0.48307058 0.49276978
0.06490494 0.6676911 0.25338587
0.0680275 0.7881888 0.27592275
0.08129451 0.89139104 0.22155973
0.09304541 0.60545826 0.18758585
0.031572796 0.40985376 0.2242156
0.14849663 0.50443697 0.19927153
0.52695644 0.517203 0.49412182
0.62948245 0.557289 0.48020026
0.6011222 0.6016817 0.5126534
0.5932012 0.6076896 0.52307236
0.7891163 0.59962666 0.60297704
0.8689984 0.55577505 0.546354
0.25283274 0.2938585 0.5309586
0.21765831 0.38119537 0.2152076
0.25874949 0.42366317 0.19648051
1.0647345 0.539444 0.2787242
0.27888823 0.37244806 0.21094161
0.6480154 0.48097464 0.20902649
0.42399925 0.41007754 0.21000323
0.0113000125 0.624055 0.22367355
0.5687651 0.4302085 0.20091829
-0.023243308 0.46352932 0.18594265
0.03584736 0.35547534 0.22486725
0.12900896 0.51829576 0.63920474
0.06589601 0.6534499 0.6479953
0.32284662 0.4465576 0.66065735
0.098116815 0.5109309 0.69544303
0.11688497 0.5985279 0.6802448
0.23882934 0.5512239 0.58535725
0.3450674 0.564242 0.614867
0.30405053 0.5686885 0.5948779
0.4268958 0.51410806 0.6635202
0.8745193 0.5577681 0.61842096
0.36335954 0.5000558 0.6801261
0.2958131 0.47429958 0.6202615
0.49092022 0.62846744 0.5790116
0.060397036 1.0461676 0.54911774
0.5235599 0.57558346 0.7541833
0.0822787 0.9207908 0.33258888
0.13541031 0.5408875 0.7996065
0.22703698 0.56016505 0.65797496
0.1371979 0.5362747 0.70862365
0.5054903 0.5097407 0.5591139
0.9748445 0.65309286 0.5766679
0.050083198 0.60429025 0.5724115
0.051878065 0.35627815 0.6124607
0.12620082 0.38667795 0.6410934
1.0220702 0.5572826 0.60791326
0.531045 0.5785533 0.39962673
0.63837266 0.55613226 0.41138026
0.4026976 0.46290407 0.54154396
0.27798107 0.4119927 0.46979305
0.19599715 0.32325214 0.42887127
-0.006283194 0.45530245 0.84715116
-0.0028869733 0.69039977 0.8476083
-0.0024870783 0.5742749 0.86264133
0.05251476 0.47399077 0.8259894
0.012915812 0.7387061 0.86720145
-0.0068989545 0.4284337 0.83124566
-0.005813174 0.29263455 0.80482674
-0.005528219 0.4472986 0.8581008
0.22106338 0.5202899 0.726712
0.15726104 0.4915292 0.7031354
0.34731787 0.50810486 0.29626605
0.6025048 0.56992257 0.19611228
0.5827698 0.5534478 0.30507654
0.4970955 0.6840192 0.211231
0.65751064 0.57629466 0.22259346
0.11018624 0.49224475 0.004974343
0.14207295 0.29186276 0.39439628
0.004518952 0.3254443 0.43318716
0.14651129 0.44389954 0.3757202
0.09280587 0.41026518 0.40575096
0.008823354 0.49209857 0.39482024
0.014987379 0.44712397 0.38183758
0.06524757 0.38559017 0.43159863
0.11604009 0.46459097 0.5044744
0.11596136 0.588186 0.43168172
0.6431403 0.47392863 0.4294028
0.05835224 0.4083036 0.4740342
-0.02443517 0.29805493 0.54918003
0.030429829 0.72918546 0.4584439
0.11419846 0.74336743 0.57915956
0.05867202 1.0668242 0.55250216
-0.009635173 0.35723534 0.5456609
0.21871173 0.43960992 0.43926582
0.117451385 0.68899417 0.6722542
0.16229373 0.6092979 0.69369227
0.18642205 0.6486633 0.4088777
0.114796735 0.75503516 0.2656635
0.0763769 0.54423535 0.18428989
0.02624144 0.51855433 0.19864257
0.032215506 0.5180632 0.2061576
0.00018953532 0.4811769 0.21008593
0.6091185 0.37404874 0.21434417
0.072518565 0.5184586 0.38258275
0.31375062 0.65717626 0.18398902
0.13999528 0.62244153 0.19065292
0.13157743 0.5984926 0.13927898
0.08151087 0.55016834 0.1462101
0.06363009 0.46862394 0.08836819
0.052242145 0.76578534 0.117709056
0.22690868 0.5019311 0.08067617
0.15499875 0.50082576 0.15285414
0.14999372 0.4968765 0.13815238
0.10055411 0.6311209 0.44236138
0.12376362 0.5711168 0.43836227
0.13007647 0.5115961 0.4864609
0.13834621 0.4985613 0.48835874
0.09700527 0.60668194 0.48204473
0.1606563 0.66104555 0.49889067
0.44654197 0.2356233 0.7040921
-0.01462768 0.31492764 0.8628083
0.39098924 0.20680498 0.7699239
0.18262567 0.36998233 0.3153765
0.089546844 0.3214877 0.2979517
0.04886589 0.4698761 0.2523848
0.15070689 0.5551543 0.33454517
0.21497837 0.55950177 0.35475728
0.13797155 0.6148381 0.2926694
0.19631445 0.633181 0.38897738
0.119118854 0.6490724 0.26024687
0.18758738 0.65861654 0.32273167
0.18061402 0.60392976 0.59412766
0.15102424 0.6252359 0.5588153
0.018239684 0.5664755 0.31318516
0.10777818 0.7356881 0.29281992
0.11842495 0.5734862 0.3147417
0.29269493 0.32011768 0.5848074
0.032639004 0.47232482 0.12121737
0.045749173 0.4599697 0.15544769
0.074796826 0.42264125 0.14966203
0.016096741 0.4465514 0.16090709
0.017148416 0.46294978 0.15420601
0.03924992 0.46265647 0.5356692
0.09157029 0.46169612 0.62268746
0.061889928 0.4540023 0.6246032
0.08229543 0.46196583 0.57953954
0.07184613 0.45426318 0.5539793
0.17568636 0.46159345 0.5811662
0.13392042 0.59329 0.24351546
0.07831748 0.6200249 0.29301578
0.08830197 0.5274296 0.32821855
0.065584585 0.53529567 0.32021248
0.10914061 0.80272174 0.34639403
0.059613355 0.60189176 0.28478995
0.052839696 0.60461164 0.2953633
0.09234222 0.064115435 0.5740427
0.34056363 0.18967259 0.6179367
0.59477633 0.27189565 0.5672919
0.103988335 0.100089535 0.60851455
0.8730751 0.41197136 0.6098089
0.66827345 0.3211016 0.6232338
