0.06257592 0.51035595 0.4468357
0.10134995 0.35507876 0.4482941
0.2360214 0.52857435 0.49234837
0.097681984 0.50702125 0.4683896
0.10480566 0.46925437 0.4591091
0.13508506 0.010368627 0.5738108
0.19760124 0.034250088 0.56266224
0.20554176 0.09179211 0.677508
0.09286529 -0.0069079697 0.5586059
0.048056737 -0.0025060326 0.61996865
-0.04148776 0.5745327 0.20598587
-0.033219904 0.35903844 0.22403398
0.05778156 0.2957692 0.24701843
0.01888822 0.7705105 0.24866077
-0.008623838 0.44447815 0.24590817
0.09937182 0.5056441 0.5746065
0.14716998 0.5429282 0.5382281
0.047092885 0.3362613 0.48162854
0.09644182 0.056631405 0.5562067
0.1463845 0.10103959 0.6313249
0.059302215 0.026777465 0.5378474
0.13868982 -0.011194631 0.7244909
-0.033977486 -0.013942398 0.63868344
0.6921283 0.2634921 0.47668165
0.8291731 0.4055881 0.5438949
0.99296224 0.42464465 0.5204673
0.52250373 0.33829075 0.79014385
0.7535298 0.32391328 0.55588007
0.39226764 0.2719627 0.78878236
0.80966425 0.3789277 0.72231793
0.2096897 0.3988287 0.66366947
0.23690283 0.5082131 0.2996351
0.19385806 0.513702 0.3016708
0.15176438 0.69760126 0.27916571
0.5728813 0.39069298 0.46836895
0.81334835 0.4466001 0.47178164
0.051360585 0.5152234 0.5682195
0.045933075 0.44948196 0.5581252
0.2133928 0.4931835 0.4217919
0.18273512 0.51582193 0.43369722
0.1964631 0.4334608 0.59526205
0.20832127 0.49465364 0.6069381
0.0977081 0.82988495 0.5030332
0.14093952 0.64583224 0.49700063
0.7869592 0.8175305 0.3823898
0.43856817 0.7514345 0.38065505
0.60696286 0.74802 0.30283272
0.5209296 0.7286411 0.29166296
0.842825 0.8689323 0.3172785
0.6940155 0.73921865 0.26051643
-0.043737054 -0.008641094 0.5656156
0.077512644 0.058194555 0.51953626
0.08113486 0.05191624 0.47802007
0.01802462 -0.012776174 0.5473718
0.012470968 0.013253793 0.552652
0.039925322 0.04476319 0.52914953
0.04916624 0.031139039 0.53687334
0.08095626 0.81263524 0.22879183
0.08588101 0.7320952 0.21344312
0.12886553 0.7705989 0.20036334
0.18514869 0.72810906 0.18097004
0.1511061 0.865053 0.17669082
0.718336 0.45401052 0.6799262
0.74431145 0.5211346 0.7227345
0.9205872 0.5899025 0.7125901
0.75348735 0.5571275 0.72993743
0.7317109 0.5770179 0.64558566
0.80426544 0.70592296 0.7633407
0.38831484 0.19749296 0.49223414
0.28571212 0.24161524 0.55966884
0.062363252 0.31368715 0.2981444
0.46212038 0.43359476 0.37086433
0.34361035 0.40475306 0.44495302
0.32030332 0.4134888 0.33729786
0.31554487 0.4604659 0.3094924
0.23039444 0.54425824 0.6655258
0.42766356 0.57572097 0.57324135
0.41093177 0.51466477 0.6795912
0.6500298 0.69995016 0.6230849
0.62201 0.69639856 0.64854795
0.625013 0.58541113 0.49407694
0.44052458 0.5429133 0.5358979
0.20077103 0.492935 0.49564743
0.1809637 0.46535406 0.46177655
0.29476982 0.43694153 0.2931326
0.2526893 0.43193048 0.31131297
0.28404567 0.4582183 0.30999368
0.3497433 0.5161854 0.2892249
0.5467028 0.7200544 0.1980826
0.72592163 0.7506146 0.18588239
0.82894576 0.8595621 0.14418733
0.41092736 0.6732987 0.52383274
0.36491707 0.5454171 0.49544346
0.20283923 0.05872054 0.6118604
0.19381607 0.06849882 0.5927932
0.19616972 0.012945641 0.5635058
0.18127958 0.067750685 0.584299
0.04882676 0.020736925 0.7547136
0.24067777 0.106969096 0.62989694
1.0297507 0.3844493 0.6540876
0.6012379 0.19065964 0.3397798
0.43294424 0.15340889 0.61261594
0.9613137 0.42489138 0.61704814
1.0063231 0.39732587 0.6252099
1.1358532 0.43904912 0.58809584
0.8070719 0.4660599 0.5987637
0.87876755 0.3603561 0.8676671
1.1081129 0.462488 0.6385962
0.08121286 0.6214868 0.24096306
0.103160486 0.66239256 0.28357527
0.104419656 0.929103 0.1748313
0.12903509 0.5326381 0.2057729
0.16603291 0.3576346 0.23863705
0.12110469 0.48435965 0.21122706
0.5185839 0.4776402 0.47553307
0.6408972 0.5779125 0.5094047
0.6180447 0.5766345 0.49987078
0.61829996 0.5965894 0.5111588
0.85821533 0.62672085 0.62431765
0.7705313 0.4327951 0.5302645
0.44711065 0.32163927 0.5513009
0.31645626 0.09556549 0.4718636
-0.037851192 -0.01006268 0.46936
0.7165909 0.28620863 0.34992024
0.21389832 0.07296206 0.5105467
0.7939447 0.2921416 0.4713261
0.01197087 0.006949302 0.46886492
0.281418 0.11136777 0.45124787
0.6574403 0.2628308 0.43564838
0.7196835 0.30036527 0.5856273
0.047839195 0.34175903 0.19490021
0.28812617 0.3966117 0.1668746
0.82413894 0.4372231 0.24136248
0.9033301 0.47813642 0.24656919
0.18452568 0.36908594 0.1952396
0.1877808 0.3122766 0.20191148
-0.00846196 0.60908407 0.22352827
0.3054085 0.16575825 0.11991153
-0.011393592 0.4659903 0.18835059
0.08294646 0.30336788 0.20821387
0.28686827 0.20207883 0.31267798
0.08035555 0.27335322 0.6180877
0.036998063 0.29716006 0.5877514
0.13087775 0.2813179 0.5633195
0.15003827 0.008961212 0.546131
-0.22790474 -0.1529203 0.30920976
0.008719668 -0.04108534 0.3626435
-0.01672186 -0.07864836 0.49030876
0.09789436 0.015298024 0.65594625
0.10396197 0.016037758 0.46969634
0.12644029 0.0512251 0.55819464
0.13375989 0.05384971 0.5037266
-0.20240182 -0.10122582 0.53197765
0.08005719 -0.022433102 0.65022177
0.13255973 0.52204657 0.5940758
0.054752227 0.74286145 0.5872016
0.30926517 0.45362574 0.6765171
0.21835849 0.46915907 0.63555837
0.22294202 0.48212087 0.63444024
0.37243205 0.52764165 0.66977614
0.35057557 0.5451246 0.6106281
0.34338254 0.49726164 0.5466134
0.39158916 0.47888595 0.6134221
0.8246778 0.45892957 0.58279675
0.41006285 0.49911314 0.6972525
0.374536 0.5006287 0.6281506
0.4718322 0.5947555 0.5940136
0.067610964 1.0077579 0.44369325
0.5442777 0.5878712 0.71236455
0.08430152 0.9195905 0.27142173
0.15911952 0.43901598 0.69235075
0.1066303 0.54270005 0.64093435
0.0827833 0.5614537 0.6848829
0.23784995 0.47884974 0.5221001
0.658608 0.59777284 0.4409904
0.019586228 0.5192438 0.58097047
0.08272983 0.345679 0.5659442
0.08008245 0.3875389 0.60489225
0.83115494 0.46841434 0.50279593
0.36610287 0.6379948 0.35445675
1.1102391 0.5544193 0.41182324
0.3700978 0.42581737 0.5852797
0.16816358 0.43892306 0.4956883
0.17041494 0.31847364 0.44843054
0.8746177 0.3477953 0.47779113
0.9701323 0.4083469 0.4546013
0.9622566 0.39881942 0.44912064
0.8498571 0.33729172 0.48962793
0.8624063 0.33463943 0.47701535
0.8712798 0.3390398 0.4459918
0.9026582 0.3587185 0.4945283
0.16602504 0.0011754632 0.46706325
0.908864 0.39390898 0.54126567
0.0010491759 0.5593016 0.810676
0.034978732 0.89777136 0.77325445
0.046213936 0.7499234 0.8144914
0.21524343 0.3976504 0.8038759
0.07120133 0.8664753 0.75925314
0.05615938 0.617093 0.7433808
-0.045143068 0.23759747 0.8377905
0.05019051 0.6925178 0.826746
0.9579119 0.3833762 0.6686381
0.6236371 0.28498274 0.5335363
0.906538 0.35459542 0.5542664
0.8409084 0.3012367 0.58813524
0.85807675 0.3302026 0.55613804
0.78526485 0.3083633 0.55262214
0.20918454 0.47795624 0.67887247
0.18660861 0.41670215 0.7067345
0.2590577 0.4272343 0.21982186
0.49144086 0.34683633 0.2092391
0.3689294 0.3618938 0.25125188
0.36122555 0.46421158 0.1955739
0.5913229 0.3424397 0.20920181
0.07385744 0.24006093 0.01526849
0.13602181 0.3011998 0.39007312
0.060271874 0.28016332 0.42665517
0.0105186105 0.3655979 0.423226
0.10241408 0.46618432 0.3865179
0.037586194 0.4495352 0.39694223
0.021629084 0.39979976 0.3918502
0.04991917 0.3089928 0.43012983
0.1192033 0.38890705 0.43783182
0.10892018 0.49949765 0.34350747
0.6886399 0.42669982 0.380672
-0.0064593107 0.34298742 0.4966662
-0.031865284 0.29724056 0.51643
0.00022194535 0.7527904 0.45376343
0.092185095 0.826737 0.5759139
0.08154158 1.0341163 0.517203
0.03741245 0.3220828 0.54596055
0.06346292 0.30600202 0.5346769
0.18696298 0.73511714 0.5950513
0.2309204 0.5041693 0.66494423
0.18562686 0.57432336 0.37793085
0.1494113 0.6779709 0.29232687
0.08442249 0.3899217 0.26623008
0.059056386 0.42857122 0.23722282
0.022489082 0.46499008 0.24207567
0.014660485 0.40702784 0.26100188
0.65947056 0.42666268 0.6533011
0.17857078 0.4101669 0.36988756
0.33171725 0.65000314 0.20456809
0.18588355 0.6251741 0.19557683
0.1606403 0.54033065 0.1991737
0.111303665 0.43895552 0.16863261
0.07726376 0.5616232 0.10625057
0.085593134 0.6206801 0.1441552
0.2800849 0.38901648 0.13471296
0.1672577 0.52879524 0.13490407
0.15341504 0.485861 0.13177167
0.62011075 0.19426686 0.54827446
0.95467854 0.33403435 0.5072035
0.10964027 -0.075889364 0.58370656
0.06944752 0.5567505 0.45237184
0.067325056 0.52150583 0.4379706
0.06490068 0.47433656 0.46131116
0.078079805 0.47160137 0.46462893
0.10890992 0.53373134 0.48586878
0.13896902 0.6634193 0.48299122
0.40451738 0.20828927 0.6844147
-0.052640975 0.29734778 0.8793425
0.4978416 0.20649585 0.80790067
0.93611056 0.4583368 0.21521291
0.83201027 0.41628212 0.22680366
0.85776585 0.47898215 0.16844448
0.13198179 0.3535936 0.29253
0.056063905 0.2871273 0.2844677
0.089263685 0.34970567 0.2738983
0.09857994 0.47222105 0.3471163
0.18932575 0.5308692 0.34175923
0.12987776 0.5349419 0.3528493
0.18853092 0.5760582 0.37630695
0.11696227 0.605218 0.29205623
0.20968665 0.619371 0.3244949
0.20432748 0.51812583 0.55947655
0.16295835 0.56703454 0.5148997
0.054126345 0.45760828 0.31857252
0.13361052 0.55793864 0.35260522
0.022045724 0.4506242 0.36285257
0.49770033 0.34763226 0.55873066
-0.0329621 -0.021454185 0.59799767
0.0393091 0.0053277165 0.5324954
0.105723016 0.008453805 0.5348233
0.15562472 0.016562384 0.68845356
0.12291691 0.009494953 0.71936613
0.37148768 0.10121776 0.6258377
0.10768833 0.00548584 0.44411469
0.023656424 0.42868066 0.14913253
0.05120021 0.4231802 0.16444197
0.061593268 0.3799197 0.19009301
0.03729768 0.43906373 0.16090444
0.05458309 0.44631404 0.18804713
-0.039935067 0.3493507 0.5141413
0.067287795 0.43753308 0.5887578
0.0778846 0.46058214 0.5629245
0.022785332 0.4164521 0.5684869
0.07534131 0.3787521 0.5229943
0.18522263 0.43811232 0.5767823
0.08608924 0.49176845 0.271983
0.08885072 0.5895847 0.3004213
0.064929366 0.45080042 0.325783
0.094613895 0.44965178 0.33090034
0.15196851 0.6183526 0.35832858
0.09715085 0.49784958 0.32584327
0.08233654 0.5309845 0.3295179
0.11966236 0.057543524 0.61847174
0.5114069 0.25407454 0.59275496
0.5205003 0.22628991 0.6441704
0.07266418 0.0735649 0.5855118
0.94469655 0.4098016 0.6750574
0.846074 0.3321184 0.64583135
0.40860394 0.003958244 0.44144458
0.37926152 -0.009809174 0.49771583
0.42671403 0.019869454 0.53628397
