0.101186216 0.5300568 0.4579259
0.08753902 0.32845008 0.4644282
0.19686255 0.52953583 0.5189129
0.10257694 0.45719332 0.4816339
0.10845371 0.47564697 0.47508147
0.06630194 0.005860824 0.7278901
0.1417378 0.030197151 0.53070706
0.30742204 0.10024951 0.7551082
0.03675872 0.008418612 0.7991232
5.2273273e-05 -0.025995865 0.6482018
-0.014051981 0.5551836 0.23959762
-0.0004892424 0.26936442 0.299112
0.09047428 0.23829857 0.31780392
-0.032520622 0.8371681 0.2825362
-0.0270558 0.56426495 0.29059127
0.03537915 0.5803936 0.5500888
0.13214156 0.5378184 0.5444022
0.065260634 0.34215522 0.48597395
0.052474223 0.010420479 0.53925973
0.77476335 0.27289057 0.6118337
0.11224636 0.06638888 0.48528838
0.11653252 -0.0067899227 0.65763324
0.029997941 0.02870129 0.6326915
0.75102955 0.29160047 0.56896585
0.9545746 0.4251982 0.5679904
1.0612938 0.39787692 0.537739
0.24116462 0.2649904 0.7565077
0.68106633 0.3078534 0.5950999
0.51199585 0.29480714 0.7714415
0.7085977 0.3357932 0.63897794
0.17971496 0.33272916 0.67625684
0.26704565 0.53197247 0.28310084
0.20795664 0.50792855 0.29739636
0.1652647 0.6812981 0.29203004
0.13843226 0.27641797 0.43830284
0.13486448 0.23202042 0.3911395
0.028528452 0.5692222 0.5281621
0.07443609 0.45151556 0.56725115
0.20140155 0.48307157 0.4401631
0.20398858 0.49450034 0.4514438
0.21572074 0.44532585 0.6046037
0.19171165 0.49788463 0.55010235
0.10816347 0.73677 0.4717256
0.11766122 0.65694326 0.48845452
0.8429459 0.84662753 0.36079353
0.50754017 0.748111 0.35503197
0.5851906 0.7365854 0.30964038
0.56123805 0.7255292 0.22305161
0.87457865 0.8726924 0.3220233
0.83563346 0.8116777 0.2910169
-0.0021666922 0.0032051578 0.5337403
0.026037741 0.043182112 0.6076618
0.10998929 0.06982684 0.5938974
0.04049082 0.0041449144 0.60691404
-0.028032742 -0.01102072 0.5623109
0.0018773638 0.036568206 0.54163235
0.04324571 0.05333554 0.5275379
0.07344015 0.875582 0.21534154
0.08174018 0.746341 0.20791736
0.15266669 0.7290636 0.23794654
0.17271905 0.6825688 0.19673038
0.16532771 0.80923176 0.17881113
0.71244395 0.4391604 0.6003333
0.73286885 0.5009915 0.6713014
0.884157 0.54455143 0.6161055
0.76932234 0.5277314 0.640879
0.7656389 0.57279867 0.6381653
0.8179871 0.68365055 0.7302936
0.33602083 0.18529779 0.4616221
0.2980712 0.21123482 0.5060201
0.061139844 0.2608419 0.27482268
0.63853234 0.44352347 0.4065668
0.35257345 0.38006526 0.44098854
0.31098327 0.3956821 0.32397434
0.31480396 0.43266225 0.2929639
0.2371391 0.5497639 0.68749565
0.29159623 0.5563514 0.58098394
0.30291253 0.44434243 0.6847301
0.6939698 0.6899003 0.6207892
0.64659095 0.7071423 0.65530515
0.36282197 0.5034319 0.5777339
0.4238819 0.57051545 0.53542435
0.17437917 0.4338671 0.5039589
0.16174722 0.42645776 0.5110808
0.29949787 0.4747935 0.2964124
0.26533037 0.4544888 0.34268257
0.2995605 0.48742962 0.3493008
0.22151163 0.5999533 0.31040192
0.61427003 0.7311873 0.188126
0.798153 0.7522973 0.18521634
0.9541063 0.86904585 0.17014757
0.411605 0.70473707 0.5500988
0.27006215 0.5240585 0.58325076
0.22992717 0.06915042 0.60551625
0.18501708 0.05895748 0.5647472
0.22683819 0.054676652 0.57891047
0.22409712 0.08380285 0.6516597
0.11732302 0.024034712 0.81805897
-0.079689175 -0.02280423 0.659106
1.2987852 0.52771425 0.759523
-0.1893462 -0.14343557 0.47276193
0.82747394 0.2771091 0.660201
0.31275606 0.21909213 0.63050133
1.0999537 0.4460169 0.63308597
1.2521915 0.4589365 0.6100901
0.024539612 0.21569581 0.65529543
0.85229355 0.33777428 0.70001894
1.3274741 0.5195919 0.5906127
0.09399004 0.5537397 0.2827587
0.118909806 0.66803765 0.26216352
0.0679312 0.9893179 0.16676319
0.105078876 0.5757891 0.19267769
0.106114015 0.35365963 0.2765522
0.16027018 0.45598167 0.22494164
0.40724182 0.477588 0.5151011
0.63216203 0.5589219 0.5198319
0.5667164 0.5922612 0.49808764
0.58894473 0.60950077 0.51234037
0.68893665 0.52304524 0.5699974
1.0321463 0.5483704 0.54958296
0.16246614 0.2955363 0.5565299
0.62521523 0.22108033 0.48251405
0.26066327 0.061306722 0.47234654
-0.05354938 -0.08865331 0.40059406
0.3174414 0.09309381 0.5095651
0.71907717 0.2645012 0.48042616
0.24758746 0.069994584 0.4905161
0.13037205 0.06431409 0.4909104
0.8304284 0.3139729 0.4405104
0.7592619 0.28259325 0.6246533
-0.040531322 0.37405556 0.24844208
-0.022892527 0.3435889 0.22026652
0.7367733 0.3660856 0.19976974
0.04057326 0.25617695 0.2189886
0.13962074 0.33022648 0.19081831
0.13288738 0.26134843 0.20297603
0.012583077 0.61382806 0.21119466
0.19875205 0.15866983 0.11114913
0.007185966 0.5367697 0.18596673
0.083082944 0.2598731 0.23267269
0.31834581 0.19320509 0.47385454
0.106897816 0.28511924 0.61453485
-0.011391103 0.24668692 0.6074077
0.059160404 0.2558135 0.5603327
-0.06888071 -0.05364971 0.4971765
-0.1872659 -0.16278608 0.39169484
-0.15544212 -0.15465637 0.24346554
-0.108454585 -0.07738702 0.50446576
0.03520959 -0.009322323 0.62725145
-0.049341276 -0.03565876 0.45541072
0.15059108 0.049499497 0.6239101
0.07521097 0.0071912557 0.72853667
0.17305037 0.0411999 0.40693903
-0.07395953 -0.056297958 0.35831285
0.14922227 0.45291322 0.5947266
0.05256065 0.67320114 0.596938
0.3406717 0.4594949 0.6761927
0.16186938 0.3464535 0.64779246
0.17887403 0.4022541 0.62688386
0.2252379 0.2973262 0.631164
0.29196787 0.4425754 0.59247106
0.2018113 0.41852057 0.574569
0.40548894 0.5087865 0.6692677
1.0105531 0.5086925 0.62538606
0.41127205 0.45341718 0.6806577
0.3684376 0.47446847 0.6218696
0.50642794 0.5708418 0.584704
0.039757915 1.0567851 0.46616453
0.38207003 0.49874747 0.70873475
0.052956186 1.0069623 0.3069072
0.18863273 0.34768134 0.7418849
0.11877531 0.49107516 0.6649627
0.107113615 0.42593944 0.69819576
0.10098462 0.4416297 0.57634354
0.5146523 0.5430618 0.50541073
0.062818065 0.6493161 0.5807188
0.058155514 0.2658863 0.6430851
0.12576334 0.36469656 0.6098864
0.7428848 0.48304868 0.568103
0.14995068 0.6937294 0.37037998
0.044835433 0.3396548 0.4502601
0.40535557 0.47539133 0.5995403
0.31849623 0.39908075 0.51004404
0.22081235 0.3005584 0.49733824
1.1061282 0.42933458 0.49304572
1.0494057 0.42413563 0.46953136
0.9133968 0.36587322 0.44294068
1.1328602 0.42311072 0.49865708
1.1299853 0.43706638 0.49386573
1.056725 0.42007077 0.4480015
1.1701455 0.45393634 0.5051129
1.6316953 0.45393074 0.6251695
1.237845 0.50270027 0.5320219
0.00370913 0.5562219 0.81239265
0.0032883286 0.85072035 0.7998207
0.035006806 0.68170226 0.7984656
0.13617429 0.29419142 0.78371876
0.036852397 0.7093253 0.8450765
0.044178605 0.435138 0.8161694
-0.00974296 0.3060577 0.87280005
0.07863097 0.47813958 0.8766762
1.0571055 0.41606355 0.66567755
0.8466628 0.33280945 0.56334764
0.7196888 0.29487866 0.49303815
0.9427609 0.35052884 0.58565193
0.9156838 0.36179656 0.57111305
1.0414507 0.39325845 0.51664925
0.25013772 0.40481675 0.68447274
0.18420096 0.4120168 0.6789394
0.26196593 0.40602392 0.33965278
1.0224133 0.5365452 0.3540964
0.41358843 0.43245077 0.44707483
0.21827418 0.38549364 0.27855024
1.3117921 0.67188036 0.38436353
0.29634374 0.41550142 0.17638679
0.09330729 0.29655564 0.41297096
0.081792355 0.30806875 0.4568053
0.038511887 0.39874882 0.45382977
0.13867663 0.40398198 0.43479216
0.019699395 0.44207668 0.41845644
-0.010767952 0.4503954 0.3864032
-0.006907612 0.3088799 0.4808326
0.1050767 0.33177513 0.51865005
0.06016322 0.6018423 0.37437692
0.5261415 0.530117 0.5185908
0.02376746 0.3882259 0.5295414
0.0100714825 0.27268964 0.551325
0.0005488992 0.6655844 0.4804669
0.11115309 0.7706015 0.49741533
0.026586272 1.0335985 0.5114389
0.048278496 0.35695475 0.5515831
0.055821285 0.46926427 0.4895475
0.18517797 0.52936846 0.63557345
0.24022478 0.36616606 0.6538268
0.23127225 0.55934757 0.4002387
0.15202314 0.7085709 0.29271892
0.06839281 0.44876313 0.26125714
0.0641408 0.4582649 0.20385823
0.040889326 0.42250735 0.24656448
0.02630812 0.4319663 0.25588763
0.7391416 0.33025587 0.8396769
0.11964093 0.4962892 0.44320825
0.2984044 0.64678514 0.1919705
0.1943886 0.5611627 0.21470639
0.17647526 0.4954356 0.18824896
0.12506595 0.47372591 0.19428758
0.09872435 0.3984626 0.14259714
0.065839924 0.7574451 0.103591345
0.15150093 0.3043713 0.09392403
0.16844532 0.4848371 0.1455971
0.16829348 0.48755735 0.15016259
0.5399336 0.16759817 0.48858798
0.4353748 0.08873613 0.49787575
-0.49721915 -0.21168639 0.7884645
0.09225692 0.5337086 0.46768716
0.101221405 0.5571234 0.4849748
0.11028913 0.4592036 0.485133
0.1230829 0.41749793 0.48209867
0.15504268 0.5541678 0.5286353
0.16588187 0.61818236 0.5387321
0.49647543 0.2449458 0.68937176
-0.027425684 0.28946894 0.90513426
0.31151795 0.14146225 0.74650955
0.22024818 0.25721663 0.18206146
0.31100762 0.2949282 0.20984274
0.102434665 0.2549654 0.20260403
0.16242184 0.37683576 0.31532213
0.10164831 0.30526608 0.28421625
0.043902032 0.43016368 0.25891694
0.16173863 0.469804 0.39142767
0.2160441 0.5568489 0.34632093
0.18200642 0.541608 0.3511403
0.22826199 0.5759411 0.3856594
0.16760911 0.5844733 0.2968816
0.24982983 0.607782 0.33063346
0.21540657 0.43749624 0.55153906
0.18033335 0.495166 0.525534
0.11284842 0.5941558 0.3369839
0.18983844 0.65616536 0.39208642
0.09880872 0.5987023 0.39156845
0.25346017 0.27606097 0.5803945
-0.02332814 -0.0420527 0.5811971
-0.060803495 -0.077856615 0.626696
0.098734066 -0.014856845 0.6365927
0.06484711 -0.018718876 0.6893129
0.063564554 -0.008898057 0.6277781
-0.07243274 0.002897054 0.668665
0.14691317 0.0137179345 0.43897575
0.017042208 0.37538797 0.14359353
0.058733992 0.38462406 0.17036243
0.047262862 0.35830742 0.16610512
0.0397227 0.39364427 0.16845301
0.035375006 0.4186033 0.1815548
0.08520332 0.3287493 0.54228497
0.11296694 0.3884611 0.5982158
0.10962547 0.3933108 0.60264796
0.11759965 0.38451326 0.565394
0.09481986 0.41829336 0.53736675
0.13564721 0.35018367 0.5622483
0.107361585 0.52405834 0.32580665
0.08074288 0.65369034 0.32791027
0.093257144 0.42978066 0.3335405
0.0890453 0.40018445 0.366418
0.13036755 0.8373213 0.35253137
0.12170158 0.5051679 0.35910168
0.09557476 0.5439852 0.34643462
0.029886127 0.015106078 0.55905366
0.39346617 0.20792864 0.59621716
0.59387666 0.24580619 0.65181375
0.06804271 0.09044072 0.57000566
0.82708913 0.36941892 0.5967203
0.80907434 0.33946013 0.5743091
-0.02588731 -0.115235284 0.30665457
0.0027755648 -0.12332155 0.36216816
0.07502614 -0.035659812 0.3748877
