0.101240516 0.5083648 0.42540517
0.10831644 0.44369185 0.45700637
0.20703256 0.50395167 0.5226145
0.087222576 0.4724532 0.45515257
0.10398406 0.47141832 0.47522622
0.05586265 -0.0076413453 0.6370653
0.16804025 0.036041364 0.53178316
0.4302834 0.1380386 0.7388444
0.106837235 0.023424465 0.71170795
-0.1158979 -0.06846909 0.60171604
-0.04188303 0.6756504 0.19582906
-0.035877712 0.34383428 0.25158188
0.013793483 0.23007652 0.28264776
-0.061870925 0.8667554 0.26379213
-0.045471825 0.4703113 0.26719093
0.07734293 0.49471566 0.580391
0.13761108 0.53180504 0.5170465
0.10814276 0.37077093 0.49323654
0.025324356 0.010083888 0.5146379
0.7704887 0.28278354 0.61818147
0.10803191 0.05909416 0.5074487
-0.016744189 -0.07411322 0.5368764
-0.003352765 -0.012020536 0.670949
0.7988559 0.33568692 0.49093089
1.0348715 0.41563088 0.5847056
0.98655623 0.38003603 0.4205384
0.8066024 0.46822697 0.86078286
0.78830683 0.37860596 0.6509748
0.6173065 0.31782168 0.834633
0.8055484 0.39271957 0.72988725
0.35941568 0.42154062 0.58065224
0.20220476 0.5744643 0.27046135
0.20377952 0.5221463 0.30885786
0.17402226 0.6735984 0.28363383
0.66543233 0.48268533 0.44854608
0.79661673 0.52129173 0.4369303
0.04976602 0.43514866 0.57964265
0.10822828 0.38206947 0.5768067
0.20726499 0.5202058 0.44902253
0.19780943 0.52199435 0.4523007
0.19755524 0.44955605 0.57171565
0.17886153 0.49305272 0.5492996
0.09046671 0.7711669 0.5270952
0.10621311 0.6685877 0.48493993
0.80116963 0.85070145 0.36752087
0.41386312 0.75642943 0.38159597
0.5939132 0.7443131 0.31268513
0.60473794 0.76024926 0.21945313
0.83124757 0.83807385 0.28732643
0.8236562 0.82940996 0.19743535
0.07134371 0.033234164 0.50293
0.60796005 0.23018968 0.5663537
0.07682002 0.057586133 0.5171171
0.05845647 0.03613965 0.58706117
0.5438424 0.19369838 0.5769593
0.38352117 0.15074703 0.5156521
0.2182881 0.109047785 0.5139409
0.06641247 0.87941074 0.21322386
0.06846815 0.7593955 0.18328196
0.120232515 0.84963596 0.18833834
0.15993744 0.7053013 0.16488034
0.14927363 0.8471439 0.17271778
0.68768394 0.45272386 0.648599
0.73575467 0.53497845 0.6929342
0.89313775 0.5726119 0.6464485
0.7470218 0.55586064 0.6637258
0.76114166 0.587005 0.64812875
0.8171919 0.72935915 0.7546196
0.35642213 0.20691079 0.48313695
0.31239787 0.24657199 0.5486988
0.039296523 0.25659308 0.31040302
0.5327065 0.413997 0.41906106
0.2910916 0.41314244 0.43086478
0.30510756 0.36315137 0.31924796
0.30091915 0.40319356 0.3077732
0.24588409 0.5770823 0.6992502
0.37795419 0.5573297 0.5793586
0.37207654 0.49921992 0.6569897
0.56724447 0.6581794 0.62158287
0.5698789 0.7059114 0.6403822
0.7007761 0.69366515 0.46422356
0.4318737 0.5551084 0.5050543
0.18199584 0.47600204 0.50948197
0.16207346 0.44581693 0.45330867
0.30413872 0.48290607 0.32327965
0.27797997 0.48897657 0.34708315
0.32516834 0.5371692 0.35009697
0.84084266 0.8996487 0.3941747
0.70661384 0.76497865 0.17298473
0.8658163 0.8239255 0.18169512
1.0189304 0.96330595 0.12898241
0.41297996 0.67048407 0.51336807
0.3759558 0.60664636 0.5007831
0.21738896 0.086648844 0.69483876
0.19704118 0.045610324 0.5337674
0.21158487 0.013673756 0.5881833
0.11657731 0.008695923 0.6123975
0.057937343 -0.030693933 0.8057748
-0.0273346 0.0051143654 0.78028774
0.97454876 0.38073424 0.59074557
0.43293083 0.16359429 0.34708643
0.5237841 0.20687905 0.6268133
0.6179708 0.32062227 0.6239014
1.0070627 0.37808627 0.6155612
0.91822857 0.3591467 0.4917896
0.62982434 0.38426295 0.6109909
0.7787001 0.29518923 0.6923764
0.9012367 0.40019798 0.5483951
0.05436952 0.68319094 0.23597938
0.06964204 0.75247145 0.28178856
0.08806026 0.91577023 0.22132835
0.10638923 0.57061076 0.20391236
0.2804261 0.4890954 0.22983691
0.09857525 0.61898637 0.21991184
0.5179813 0.54177266 0.49564075
0.55774355 0.55425286 0.49311405
0.60965616 0.6078446 0.50784004
0.585578 0.6089966 0.5168231
0.803382 0.59020925 0.60610604
0.8266189 0.4889834 0.4730184
0.23188141 0.2712415 0.5059546
0.8169679 0.3006255 0.50365955
0.1605198 0.06763001 0.48179674
0.6886418 0.23804352 0.37493736
0.036506996 -0.032990307 0.4588923
0.5991476 0.2213177 0.5296813
0.1906308 0.08575255 0.4737304
0.7783698 0.28217453 0.51864505
0.9672666 0.3633102 0.4469357
0.9048695 0.31471246 0.5676613
0.28444424 0.3915404 0.20842513
0.61648506 0.47851676 0.19204056
0.8444099 0.50548327 0.21982762
0.67964834 0.441551 0.21232805
0.64261883 0.5052967 0.22950345
0.52836895 0.42991826 0.25602812
0.013946801 0.6232985 0.2365945
0.5083246 0.3412 0.18057379
-0.009173043 0.5087837 0.20455179
0.22351772 0.35036504 0.21106142
0.37646228 0.16256005 0.37150052
0.042443212 0.25045323 0.6326297
0.07765982 0.26442182 0.6396076
0.11750343 0.30902532 0.56793594
0.013588034 -0.031023607 0.5022439
-0.102215804 -0.09999986 0.21561861
-0.29349753 -0.12313366 0.32051748
0.009695254 0.0001802221 0.42318535
0.02983084 0.0034242198 0.6943776
-0.012608118 -0.0119228065 0.41950226
0.015644863 0.022757307 0.51694113
0.14651668 0.042232983 0.524997
0.44676074 0.18616864 0.4442973
0.20687538 0.07089934 0.6476087
0.13714388 0.4650628 0.6209739
0.09302567 0.58683896 0.6245027
0.27626365 0.45906773 0.65328634
0.15018128 0.35114038 0.61954904
0.18855658 0.435257 0.588051
0.28758568 0.4009696 0.5337867
0.35784253 0.52449065 0.5414633
0.27985486 0.45006627 0.525775
0.39592728 0.5048416 0.6120453
0.7724511 0.41916305 0.58345246
0.28880602 0.43321365 0.6438553
0.30171746 0.49074477 0.60089236
0.4357734 0.63345325 0.59429926
0.033778608 1.1718675 0.5430621
0.51036 0.60109055 0.7616432
0.13725683 0.9001984 0.30882967
0.17557028 0.4150946 0.7476391
0.43213475 0.49759102 0.57383287
0.16186641 0.46226275 0.6742198
0.2916823 0.45218545 0.53394824
0.85150295 0.604996 0.5606921
0.060587622 0.46316773 0.5401543
0.07399002 0.2745468 0.5902967
0.09906496 0.32870758 0.608714
0.9420695 0.5122138 0.5575814
0.37672016 0.48835552 0.34777334
0.81973034 0.58804953 0.35924476
0.3827522 0.45342165 0.53988636
0.2924891 0.4261371 0.517451
0.12225204 0.28593963 0.41204852
0.84723103 0.38244414 0.47341347
0.9475948 0.3847453 0.46284556
0.96297485 0.37649828 0.43288448
0.8509585 0.37838435 0.47976464
0.85525197 0.3891999 0.4804782
0.961572 0.39299113 0.45977822
0.83757275 0.37949258 0.49081135
0.7647351 0.30627012 0.27403688
1.002933 0.43266696 0.46213382
0.03865864 0.51677 0.7827207
0.008555219 0.889705 0.77496517
0.04603998 0.6699559 0.73973936
0.13020533 0.3078089 0.7763671
0.05670131 0.8606882 0.7844696
0.0712499 0.49449322 0.7059257
0.025794543 0.30385432 0.78602684
0.07614013 0.54462266 0.7830057
0.90155447 0.37483 0.6648717
0.91690373 0.3794743 0.588544
0.80949074 0.3337857 0.54844
0.8687486 0.34164464 0.65621275
0.87592435 0.355968 0.6616018
0.7084138 0.3501374 0.48560548
0.25710684 0.4690725 0.6874671
0.17866525 0.4358179 0.6754883
0.41091833 0.570789 0.31763646
0.5099526 0.5954836 0.32096574
0.55016863 0.6521323 0.4453615
0.13691887 0.6437292 0.24675575
0.71855444 0.5827442 0.38437414
0.12516958 0.429083 0.27376688
0.15013847 0.32640544 0.4024076
0.118848965 0.3261255 0.4124021
0.15242857 0.39636052 0.4154519
0.1906291 0.38649845 0.42507747
0.027452918 0.44660926 0.4121016
0.007900372 0.50112903 0.40068632
0.18088737 0.3641354 0.4380679
0.11694704 0.3920871 0.4985465
0.24955395 0.5509027 0.3112845
1.7339095 0.81196785 0.45101607
0.038116597 0.3685532 0.50343436
0.0006378591 0.29755098 0.5206601
0.0014136322 0.6989149 0.4692879
0.085138895 0.847494 0.5486907
0.044863325 1.1401362 0.56438804
0.2813094 0.37599063 0.46313316
0.19611391 0.42138416 0.47021306
0.12337851 0.54361415 0.57753366
0.18009344 0.43250343 0.667077
0.22755957 0.6051997 0.40432775
0.12281816 0.75507057 0.28251046
0.20463249 0.5110817 0.26128247
0.04308039 0.4723232 0.21981603
0.04244037 0.45834324 0.24507642
0.04168493 0.43878415 0.2663321
0.87108856 0.6107043 0.8488848
0.10549656 0.44157395 0.42865282
0.34901187 0.64761025 0.20683113
0.16262633 0.66028726 0.20503688
0.15030935 0.5630237 0.20499349
0.09955773 0.52716637 0.16988266
0.021999687 0.45300084 0.15209922
0.08465898 0.6653755 0.09973145
0.3169908 0.4329849 0.12499963
0.15248898 0.50895447 0.15161803
0.13509664 0.5208657 0.14392777
0.73547786 0.27249283 0.4706748
0.573104 0.19227785 0.3916601
0.27887356 -0.02967599 1.1172376
0.07716547 0.5028748 0.449278
0.08963636 0.47075972 0.457256
0.10645157 0.41148242 0.48044515
0.111287504 0.4043969 0.48662615
0.11071868 0.42875165 0.49062777
0.1637029 0.60177326 0.5123026
0.4688764 0.23617578 0.6879891
-0.02072575 0.34641165 0.8421266
0.30837688 0.09371391 0.70854545
0.8756638 0.5140572 0.14903024
0.7297892 0.46347514 0.20009184
0.83110654 0.4683444 0.1424234
0.18167055 0.36663204 0.2997544
0.085412055 0.31400838 0.26279008
0.14966041 0.3616873 0.27749565
0.15703723 0.50438255 0.34377506
0.24044746 0.5837358 0.33024806
0.1712575 0.6203835 0.3612218
0.22160414 0.66108954 0.3970614
0.13069299 0.63141036 0.2553284
0.23865089 0.65916324 0.32499367
0.20244032 0.50426245 0.5879976
0.14487706 0.5814421 0.5118459
0.084503174 0.5791986 0.3052464
0.14935233 0.6085882 0.34895903
0.06599883 0.5455204 0.34607208
0.44108203 0.33509666 0.5426164
-0.12149795 -0.054672062 0.5365536
-0.09080999 -0.054056935 0.5511645
0.032868765 -0.05396773 0.6226017
0.051174372 -0.028327376 0.5912503
-0.0067283437 -0.036369912 0.5746592
0.25390694 0.08612641 0.73926073
-0.08205678 -0.061947376 0.3704352
0.047363438 0.42336056 0.14973097
0.043645475 0.39913183 0.17961304
0.060236257 0.4170273 0.21877658
0.045213997 0.4301935 0.18117413
0.03873376 0.4926519 0.18526945
0.050449207 0.29750264 0.5270448
0.119106516 0.3603769 0.6011954
0.08423162 0.3701757 0.5456682
0.10732269 0.31810313 0.56947887
0.074611954 0.39161104 0.50580925
0.18177532 0.39538634 0.57883924
0.26823083 0.51617587 0.27559218
0.07314298 0.63716406 0.2838472
0.07097758 0.452204 0.323671
0.10703861 0.48366308 0.3339269
0.1380978 0.7927687 0.3191563
0.12183181 0.5418909 0.3212527
0.103552714 0.5809123 0.31308693
-0.09900897 -0.03989709 0.57960993
0.4575566 0.23965591 0.58517003
0.47047788 0.23734629 0.6150254
0.34190062 0.20094328 0.5595678
0.80571383 0.3277973 0.58020604
0.68831694 0.29709017 0.57788914
-0.018068 -0.11047667 0.32900017
-0.04485119 -0.13006352 0.3320994
0.021203615 -0.070143566 0.38914648
