0.031403705 0.49387553 0.44288233
0.15929055 0.46976367 0.46520483
0.20884895 0.51491445 0.50279343
0.08825642 0.48324338 0.46933746
0.08846658 0.4935849 0.5066104
-0.032431416 0.62505394 0.22859336
-0.0050270334 0.25400516 0.34521955
0.09106988 0.22324231 0.33225963
-0.03104069 0.8200958 0.19256401
-0.04561346 0.42883953 0.23462498
0.036721267 0.6409598 0.5340102
0.15176359 0.54012156 0.5296463
0.06260617 0.38777423 0.51519436
0.7528825 0.4413015 0.84479254
0.62273693 0.34838286 0.5384418
0.51040953 0.3555781 0.78666955
0.8729719 0.3934644 0.7163037
0.066585094 0.37079445 0.6404018
0.15913719 0.57842845 0.28746957
0.20875463 0.5367982 0.3059316
0.15889433 0.6525904 0.28239253
0.039169855 0.34920958 0.45590895
1.0821645 0.5199597 0.53457326
0.091052 0.46045044 0.5956967
0.16378547 0.40119973 0.5906842
0.1916726 0.50013745 0.42812234
0.181422 0.5219966 0.42891026
0.18907535 0.4526878 0.5819547
0.18628666 0.5471813 0.5853685
0.078042164 0.7775712 0.4944985
0.10350458 0.6675436 0.49891388
0.74271643 0.81824934 0.36973774
0.43402368 0.7737574 0.38519675
0.5716621 0.7220317 0.33494774
0.5413799 0.7030531 0.2648889
0.804266 0.8235496 0.31362388
0.7485097 0.7785517 0.2694528
0.0683174 0.8392064 0.23205185
0.0634718 0.79302686 0.20262465
0.1199063 0.7698509 0.2253969
0.121090144 0.7732044 0.16785416
0.12982145 0.852171 0.17394239
0.6541646 0.42139676 0.633247
0.7154489 0.5109673 0.7041402
0.89922607 0.5592184 0.64456385
0.7490756 0.55595434 0.6898652
0.75305676 0.5681753 0.6280927
0.8093695 0.6879606 0.74548864
0.3688123 0.1915822 0.48459676
0.27165598 0.21202275 0.57014
0.068704024 0.2798787 0.30298275
0.40857258 0.3794373 0.3804307
0.43320593 0.44737348 0.4561162
0.311918 0.35660183 0.32525223
0.3235444 0.43241024 0.31910074
0.22117051 0.5604221 0.68134594
0.47080192 0.59128183 0.57478607
0.42885798 0.48706678 0.6537434
0.5769251 0.594691 0.58674526
0.6052547 0.6533456 0.623992
0.8971894 0.720282 0.52799237
0.44830185 0.553825 0.5348534
0.19596672 0.48090565 0.498179
0.14687628 0.46764705 0.4631492
0.28163695 0.46688217 0.35165125
0.2496607 0.45945737 0.3564382
0.2981433 0.49965602 0.3665785
0.4249644 0.6415208 0.5385927
0.40668532 0.57234323 0.52189195
0.6656173 0.2653652 0.5358459
0.50916654 0.28321645 0.644648
1.1332431 0.43326345 0.63051957
1.2106855 0.4678504 0.6223237
0.20720229 0.29579014 0.6501278
0.5804194 0.20816284 0.8102484
1.0358889 0.4657251 0.5936968
0.08294785 0.54828596 0.272155
0.07951087 0.7650469 0.25735214
0.09534085 0.9009732 0.18629451
0.10693579 0.54082346 0.20939027
0.11165938 0.3759949 0.3269393
0.19705182 0.53961813 0.27055347
0.62344277 0.55220205 0.5193665
0.80103874 0.6120488 0.5089905
0.62582564 0.5977912 0.50112957
0.62070173 0.6037203 0.5188818
0.6912525 0.5243721 0.5565485
0.9724799 0.5890191 0.54392636
0.2963343 0.35279068 0.58293146
-0.0495696 0.3291874 0.21448946
0.16930345 0.3678354 0.19026178
0.6192267 0.3900431 0.21923828
0.16893262 0.32049787 0.20836788
0.1324502 0.37285367 0.1527967
0.17488965 0.34735337 0.17640126
-0.017088495 0.7078462 0.19841531
0.6340543 0.26634458 0.3470459
-0.031556085 0.60800856 0.16250995
0.07127533 0.32251826 0.21810699
0.12287388 0.4874786 0.6311762
0.037847318 0.6668168 0.61098653
0.2568207 0.4544094 0.66713184
0.028967664 0.45068365 0.6772132
0.10678691 0.52640194 0.676608
0.5947535 0.5989361 0.6578986
0.46035147 0.6532729 0.6332779
0.26668677 0.5629668 0.5752218
0.36541647 0.44122848 0.60941905
0.92682564 0.50721174 0.6164934
0.29655924 0.4034218 0.60894054
0.30145 0.47552165 0.6399302
0.50149286 0.5678753 0.54351443
0.047405697 1.159956 0.5306215
0.48391813 0.5535719 0.75628036
0.18254027 0.7974432 0.25846237
0.085786104 0.49165606 0.76959205
0.12950322 0.53192866 0.6187849
0.0058848113 0.47811458 0.6758209
0.37535673 0.51469564 0.54385245
0.90388906 0.6033601 0.5080271
-0.037008278 0.4912184 0.586724
0.016549297 0.35216233 0.6438071
0.09873994 0.40989095 0.63818043
0.9909821 0.5339229 0.5815796
0.63630843 0.60696185 0.29314405
0.8807405 0.47609296 0.431975
0.3548949 0.4298222 0.55841684
0.24087077 0.40241227 0.51597583
0.20604357 0.2884684 0.48879504
-0.030126534 0.45904657 0.8171496
-0.0339 0.85494214 0.78938085
-0.014124975 0.6779865 0.800724
0.05363858 0.4216077 0.80761915
-0.0142392665 0.7799813 0.82524896
-0.04755961 0.43454808 0.7509516
-0.12585968 0.2722894 0.86745083
-0.016041234 0.5040238 0.85638076
0.18780157 0.4717128 0.68945926
0.17480287 0.46721768 0.6833144
0.37156245 0.511636 0.30817044
0.76369786 0.44579035 0.3299145
0.6678185 0.5435013 0.34668258
0.78377986 0.6672799 0.3375312
1.0225484 0.55665314 0.37310475
0.09979084 0.34555602 0.21291283
0.10510655 0.3004279 0.42329204
0.07919073 0.32584223 0.44252688
0.22274417 0.4085917 0.3733335
-0.001467511 0.49712047 0.36894637
0.029572107 0.45979777 0.40022832
-0.018575296 0.4441001 0.36237878
0.03375965 0.32895595 0.4439969
0.05692682 0.43624765 0.5457422
0.0067106932 0.41046777 0.4401667
1.2620876 0.64323944 0.46380645
-0.029750697 0.3658465 0.46739542
-0.01320193 0.31154218 0.5548047
0.030725341 0.6176391 0.47915673
0.10172404 0.7906867 0.5468533
0.026292454 1.1414547 0.46614054
-0.059251323 0.3253728 0.597475
-0.048058324 0.41419438 0.44226772
0.07708171 0.5694535 0.6177449
0.123219945 0.53679645 0.69871557
0.20214778 0.6587895 0.41958475
0.14509973 0.61954445 0.29859903
0.037664063 0.424502 0.21438995
0.10461223 0.42384833 0.22336593
-0.017123424 0.42458203 0.20860496
-0.001935102 0.38431138 0.23193732
1.2760776 0.6339298 1.1098471
-0.063172854 0.4513874 0.437096
0.34838316 0.6422158 0.18693532
0.14121056 0.6050796 0.18556464
0.13868167 0.57815045 0.17414454
0.14655483 0.49592626 0.1908432
0.0068078004 0.3426816 0.06531199
0.06602001 0.71646214 0.05337586
0.3080514 0.47802165 0.08602584
0.16715547 0.50256604 0.15734881
0.17451376 0.4931966 0.13770665
0.016157035 0.611694 0.43460512
-0.0221961 0.5480222 0.43079168
0.050145738 0.48779002 0.48447365
0.053218395 0.48174086 0.5063682
-0.008227654 0.58503884 0.47402555
0.03340181 0.6181806 0.4924451
0.48194697 0.24114579 0.6970214
-0.0735609 0.29573473 0.8828241
0.27761298 0.10981911 0.6730096
0.23990953 0.3698687 0.29676682
0.12975195 0.29517823 0.2828008
0.13827837 0.33416742 0.26866373
0.071728036 0.5194237 0.33142078
0.16471422 0.5702887 0.33479986
0.03813488 0.5569125 0.3083201
0.18719554 0.62676495 0.3797632
0.12989482 0.6533955 0.29363737
0.18640056 0.6327575 0.32489902
0.13240394 0.55978125 0.595537
0.13156013 0.58033687 0.5470911
0.058804825 0.45144126 0.31103978
0.034033835 0.50961584 0.2847923
0.010345928 0.4436994 0.29965502
0.15954897 0.2428652 0.60310346
0.0074575692 0.38999358 0.14479344
0.040394545 0.38358995 0.1622931
0.04610948 0.37071782 0.17227371
0.0007916391 0.4286924 0.1654855
0.004113272 0.4145805 0.16323897
-0.07352909 0.42552176 0.5594191
0.044391148 0.43840793 0.62562
0.04345779 0.43645045 0.62101275
0.016571999 0.44166064 0.6014702
-0.026238114 0.45105004 0.5427815
0.13262719 0.44400176 0.5785965
0.027753383 0.4912888 0.2634238
0.077360384 0.6162235 0.28913742
0.0702351 0.46268928 0.32923767
0.07335003 0.4490987 0.2931169
0.13299842 0.7492713 0.31474003
0.044657394 0.4731709 0.29736698
0.06451774 0.4940112 0.3040227
0.5017091 0.19604522 0.57522196
0.42702094 0.21740463 0.5694202
0.4598877 0.22480536 0.6241407
0.56090796 0.2604905 0.5544596
0.83405733 0.3924587 0.6390169
0.7457212 0.3398861 0.60785043
