0.048394904 0.5019816 0.44834584
0.0726223 0.4211974 0.4709982
0.19889882 0.5397023 0.4958538
0.08535462 0.507401 0.46436578
0.10132405 0.4825145 0.47518024
-0.034829833 0.6314644 0.20071658
0.028489742 0.22236648 0.34450328
0.06641643 0.19914111 0.31867635
-0.046428256 0.9690956 0.2712802
0.01935089 0.40934744 0.2765188
0.06315483 0.64412946 0.56052107
0.13551405 0.4933035 0.54970115
0.07068852 0.4342357 0.49137616
0.8556068 0.43799472 0.88670564
0.8112761 0.35660726 0.6130597
0.619719 0.3568543 0.81655455
0.8169266 0.36992517 0.7426587
0.26895225 0.43183059 0.6437267
0.2595063 0.49339688 0.31314293
0.18126877 0.5318395 0.29114205
0.175317 0.62306994 0.31250226
0.2622896 0.39647025 0.39746013
0.5456094 0.43298787 0.3891006
0.04815842 0.47646952 0.6047613
0.113937184 0.4203878 0.5864871
0.19881535 0.5182165 0.4408356
0.18907589 0.5144742 0.45604312
0.20509401 0.47241527 0.5711047
0.19588602 0.53826237 0.5434272
0.08764369 0.8310165 0.50335586
0.09635101 0.7152644 0.5082218
0.8354112 0.83881587 0.3597644
0.43188593 0.74445075 0.3420623
0.59013426 0.77393717 0.30346715
0.5807066 0.7036376 0.22986671
0.82013917 0.8380819 0.30595696
0.76290214 0.7874642 0.23368186
0.06332199 0.8625174 0.21544929
0.08091067 0.70279366 0.23485118
0.12742472 0.76918954 0.22024578
0.17286295 0.69824284 0.19336528
0.16414198 0.8042848 0.19477034
0.6738453 0.43875372 0.61424774
0.7029511 0.5165627 0.70497507
0.9466721 0.5464921 0.65811956
0.7318822 0.54889715 0.684022
0.7022481 0.5551865 0.63838905
0.7938627 0.70536023 0.72823405
0.36174938 0.17793337 0.4447732
0.31582573 0.24701665 0.53857
0.055518292 0.23444141 0.2941121
0.48940662 0.4000342 0.38367707
0.3654921 0.4131503 0.40566558
0.31641358 0.38721108 0.29527295
0.33361664 0.40897802 0.3304816
0.27454072 0.54275393 0.7016253
0.3641983 0.57263917 0.5691276
0.38697335 0.47381327 0.66524035
0.6535295 0.6733014 0.62182873
0.67292607 0.7146161 0.645005
0.6814896 0.6249674 0.5176444
0.46958014 0.5559156 0.53257984
0.18181977 0.49644744 0.51187944
0.117449924 0.4698127 0.4990371
0.29385716 0.495435 0.27911964
0.2821612 0.5025797 0.29619104
0.30260572 0.5144861 0.30056745
0.39969602 0.68542105 0.50206095
0.382134 0.6339282 0.5139718
0.6314876 0.22850041 0.5364013
0.40960875 0.23191965 0.5879618
1.197881 0.49083638 0.63231796
1.1425203 0.4255255 0.5783295
0.09469997 0.3057625 0.5788026
0.70825267 0.30261326 0.6499486
1.1851349 0.51850617 0.6243903
0.08559158 0.6034654 0.23651636
0.10979904 0.6491723 0.31044972
0.0652048 0.9713406 0.17516464
0.103058755 0.56003284 0.23224244
0.07387712 0.5098121 0.2587747
0.18474455 0.45459637 0.24978402
0.5348 0.52562195 0.5313438
0.6647836 0.5829526 0.49097878
0.57621753 0.5696104 0.5149429
0.60792243 0.5952387 0.5208755
0.86546206 0.5874208 0.5799137
0.65097797 0.4352827 0.57605636
0.2556147 0.31864753 0.56767917
-0.0032282174 0.36145222 0.24508342
0.12550953 0.37704512 0.2393896
0.88821864 0.5096998 0.23282635
0.3307487 0.40287495 0.25050583
0.26065642 0.39561632 0.21075407
0.2310233 0.34652978 0.23636553
-0.0030866265 0.6609838 0.20474802
-0.059433177 0.024262555 0.25872815
0.015224814 0.49571973 0.22254103
0.006593231 0.41150028 0.20832983
0.12975678 0.5099194 0.6172376
0.062324017 0.6391749 0.63014895
0.30797032 0.4633729 0.66116333
0.18611094 0.45184094 0.70655584
0.12842365 0.48486435 0.686856
0.3222316 0.4002536 0.6450835
0.47263372 0.501274 0.6863219
0.35759893 0.4431734 0.63089186
0.41836566 0.52254575 0.6360066
0.7382475 0.4615258 0.6942914
0.37191385 0.5094615 0.6402429
0.31414577 0.4995156 0.65319955
0.49616745 0.6471802 0.5680812
0.04969478 1.1723189 0.45613456
0.55602074 0.6573835 0.7334429
0.096937604 0.93395907 0.3068344
0.21154672 0.49755216 0.74717396
0.29275557 0.41181916 0.7437494
0.18667814 0.43333384 0.78228676
0.29082477 0.39423767 0.60550475
0.57026553 0.5238067 0.5511051
0.04862359 0.44505072 0.5985257
0.04819724 0.37137687 0.6262465
0.15686923 0.3993832 0.6381555
0.64602697 0.43071213 0.5747547
0.29319662 0.58089846 0.44129434
0.79437256 0.57809883 0.39634156
0.3793693 0.47524175 0.57853645
0.28807598 0.4414791 0.51672864
0.21242854 0.30627787 0.4874509
0.044653676 0.54145133 0.80759895
0.013442151 0.88350505 0.75023144
0.059750564 0.7342867 0.793315
0.18106914 0.36758915 0.7948578
0.07400466 0.8706974 0.7974022
0.06795768 0.70549697 0.7543729
0.057225898 0.33137482 0.90375334
0.10917679 0.57101977 0.8190667
0.25851887 0.4487769 0.7070167
0.19022332 0.44210258 0.70803833
0.16482851 0.50561965 0.3643685
0.44808266 0.40303957 0.27557313
0.39253813 0.57447517 0.40242827
0.14404057 0.51784956 0.30772448
0.23700783 0.45397633 0.1874185
0.24805479 0.40725645 0.31979945
0.09271929 0.31787202 0.39233473
-0.003362693 0.37133825 0.41571343
0.042604685 0.3567203 0.4250899
0.06760786 0.3781134 0.3964029
0.03515209 0.41306254 0.42281663
0.0021383688 0.43606475 0.38172305
0.14968196 0.31267187 0.44315922
0.0950021 0.46447363 0.5226076
0.21592908 0.5655723 0.4087617
1.1559701 0.665488 0.48364407
0.07479054 0.3353668 0.50446373
-0.000829041 0.3217073 0.5564042
0.0077127293 0.62433964 0.44970876
0.05326027 0.930188 0.5363739
0.02698113 1.1836519 0.5090134
0.1710295 0.3513363 0.55543053
0.13263845 0.3578704 0.49885812
0.17221028 0.6216066 0.65476847
0.2268818 0.52059335 0.66972977
0.21236993 0.6287437 0.37423712
0.13662657 0.67563576 0.29935324
0.051894188 0.50217336 0.24715495
0.025583059 0.507409 0.19365002
0.020317893 0.50397676 0.23534739
0.034381285 0.47171167 0.2572402
0.49530712 0.2680081 0.43590665
0.11919814 0.51324844 0.441392
0.34995535 0.6469376 0.19020402
0.17512399 0.6400835 0.20217675
0.13112949 0.5920381 0.20502932
0.092430785 0.54576564 0.18295532
-0.025504425 0.40902704 0.14433676
0.07092138 0.7402187 0.10451384
0.09415416 0.4185809 0.095179185
0.15517724 0.51226085 0.14418907
0.14888449 0.53345454 0.12707932
0.09576879 0.51474804 0.4811586
0.06332449 0.5198563 0.46551633
0.0957973 0.4716656 0.49708563
0.11668714 0.47952908 0.50721794
0.11417557 0.5318239 0.53801805
0.1130224 0.59843796 0.536478
0.40052813 0.21601889 0.7453762
0.003221348 0.30061662 0.88993585
0.28260967 0.08514022 0.71139497
0.20889245 0.36431155 0.31901136
0.14346585 0.2944403 0.27721295
0.10028443 0.39155373 0.27402693
0.04311421 0.53267133 0.34394747
0.13404734 0.58482057 0.3246178
0.102741 0.62688655 0.3403436
0.19658317 0.626874 0.38696465
0.15163258 0.62137973 0.3114387
0.17628802 0.63172096 0.33039087
0.21728122 0.5208174 0.60425
0.18024194 0.5468914 0.52219003
0.093213476 0.59454596 0.33871928
0.12943606 0.63553137 0.3674885
0.04555019 0.539405 0.36992082
0.23702432 0.2713698 0.58399665
0.01894068 0.4559564 0.16324282
0.035204396 0.39649248 0.1652283
0.0007632375 0.4031467 0.17943802
0.034883395 0.44161415 0.16681528
0.046978347 0.46667147 0.16517669
0.099720486 0.3587283 0.5995187
0.12013716 0.42702094 0.6399558
0.108283974 0.4506446 0.61202806
0.117135435 0.4265524 0.5984073
0.08156138 0.46070603 0.57269716
0.20164648 0.43303153 0.6016353
0.06648115 0.52010804 0.32392836
0.08206181 0.5660693 0.32467195
0.061322987 0.5083022 0.33658886
0.01903246 0.47640207 0.3514144
0.12003524 0.73729724 0.34870082
0.03109014 0.5526005 0.3483783
0.075777404 0.57397705 0.3144513
0.11621328 0.038049873 0.55762005
0.5531118 0.26706767 0.56695485
0.71124685 0.31745267 0.5678183
0.049926277 0.079323545 0.55581415
0.7627615 0.3587214 0.64344233
0.54834354 0.23531651 0.6893448
