0.08798154 0.6120347 0.43406403
0.18664935 0.45011747 0.47996584
0.18808651 0.52534825 0.47467455
0.06693129 0.4890032 0.45699584
0.07879189 0.47123405 0.46898603
-0.030304577 0.52052015 0.25701743
-0.03076915 0.3858118 0.26876372
0.06334062 0.2736023 0.2429663
-0.0045351945 0.7362653 0.2740072
-0.042739343 0.38062117 0.29727095
0.010854442 0.61766297 0.5081325
0.18663707 0.52387404 0.57234824
0.090237595 0.36898598 0.50058514
0.4564976 0.33451465 0.7976872
0.6422042 0.35642678 0.5823071
0.38837567 0.2580953 0.7113967
0.83482116 0.4089943 0.7078832
0.11412518 0.4335911 0.62608695
0.22746463 0.5074497 0.30105188
0.19140512 0.53362197 0.2796786
0.15173769 0.69877946 0.2762165
0.26033515 0.46667555 0.37459671
0.78001493 0.41784835 0.41084683
0.047307305 0.51262534 0.62155724
0.07039099 0.36577383 0.5706963
0.21533135 0.51351786 0.43198338
0.18923008 0.49866548 0.43961164
0.17179357 0.44608203 0.5952663
0.16045488 0.65084636 0.5311966
0.11640741 0.83266544 0.5108561
0.07026823 0.7813448 0.46871394
0.85043216 0.8427227 0.37295872
0.34251836 0.73732936 0.38119525
0.54148716 0.68786824 0.30666074
0.54067725 0.67274773 0.2686586
0.8935384 0.8675253 0.30857074
0.72744876 0.77737033 0.32481244
0.07819949 0.83142567 0.2204876
0.07525772 0.7636928 0.19021821
0.12993822 0.7468264 0.21100935
0.17617118 0.7029655 0.18585661
0.15514134 0.80888534 0.20892239
0.6708913 0.45025873 0.6576624
0.7228308 0.51067793 0.6840437
0.85759926 0.54813176 0.64268696
0.7470352 0.55613285 0.6733509
0.77319366 0.58199584 0.6303601
0.8573016 0.7139259 0.7579913
0.43115732 0.22357595 0.5066857
0.36198166 0.27078846 0.5367866
0.048933513 0.2979848 0.26492715
0.33366936 0.34789687 0.36364162
0.38802612 0.4630049 0.43162715
0.29122773 0.3701596 0.29803932
0.3445954 0.37305814 0.32285732
0.24614492 0.56525147 0.7019866
0.37550366 0.58901465 0.6285286
0.36611158 0.5180876 0.7038902
0.71059924 0.6873968 0.6210011
0.62662596 0.6819279 0.63370794
0.56835145 0.6139192 0.44374913
0.4648174 0.5923996 0.5159154
0.19347751 0.47150972 0.48080695
0.18442838 0.4677121 0.4701752
0.28803045 0.44483396 0.29124635
0.25240418 0.43061525 0.32818148
0.28262305 0.47295526 0.34865215
0.37809935 0.7214318 0.5106289
0.35484165 0.6427039 0.50701284
0.5347817 0.29098985 0.5104737
0.6482646 0.35265487 0.6504359
1.0049222 0.43944418 0.5889298
0.868908 0.3953089 0.59265494
0.6924153 0.455723 0.6096941
0.8342226 0.35158196 0.75893044
0.56900454 0.34250647 0.5781817
0.074846596 0.6027659 0.24187085
0.09493769 0.687235 0.2635684
0.0964444 0.89497507 0.19466296
0.10016354 0.57127684 0.18541571
0.21583961 0.55665404 0.31362256
0.13176252 0.44720295 0.25058886
0.56280476 0.5525096 0.5235801
0.6556086 0.58256483 0.49821356
0.6281769 0.61366296 0.50291437
0.611817 0.61679626 0.5036636
0.7283825 0.5370196 0.5811174
0.84191126 0.48777026 0.5371682
0.1984462 0.23222774 0.5909422
0.029131494 0.35426196 0.2091249
0.48320556 0.4256642 0.19631295
0.96948737 0.47801286 0.23559725
0.75693077 0.43485853 0.23655826
0.5408894 0.49096504 0.18716663
0.46077245 0.3931376 0.22260359
0.0069865994 0.6496545 0.21736272
0.67750686 0.3060821 0.16600034
0.039416928 0.50192165 0.21438478
0.21982154 0.42252266 0.22320506
0.10348719 0.47843865 0.61224914
0.021127064 0.7225499 0.60998875
0.2599985 0.4644315 0.67697513
0.069110155 0.45854345 0.6061069
0.13093944 0.52496934 0.63310957
0.27354908 0.53624696 0.6174431
0.24514395 0.5590167 0.6274333
0.20135552 0.49406084 0.60042036
0.3822136 0.5360828 0.66094315
0.97093457 0.49864218 0.648749
0.37594616 0.5146442 0.69393325
0.2789371 0.45289674 0.61842084
0.48076048 0.60781616 0.60544765
0.031563856 1.0950252 0.51319367
0.44929445 0.52003556 0.76919806
0.09109028 0.9903795 0.28984854
0.20358372 0.4931612 0.7476976
0.13169509 0.51284105 0.62893665
0.11450663 0.51761526 0.6782234
0.16368663 0.42433962 0.60547733
0.61065924 0.5358672 0.5512195
0.06322114 0.50759023 0.5631866
0.037286144 0.31262705 0.60195553
0.0777046 0.34629157 0.5996833
0.6829049 0.45147407 0.6051065
0.32349658 0.48874244 0.35336527
0.7797895 0.4485496 0.40267158
0.40351224 0.47204387 0.52384925
0.23857199 0.40526086 0.51767933
0.18554325 0.3934183 0.4718001
0.027054105 0.5267715 0.81738967
0.03230036 0.84532666 0.7937377
0.0622123 0.7263649 0.79698783
0.11443566 0.45016047 0.76271546
0.06084302 0.87095237 0.8062273
0.056822058 0.5327629 0.77921027
-0.005897749 0.35002527 0.78392494
0.07254523 0.50641453 0.82780963
0.22014171 0.47720987 0.72145975
0.18373877 0.45759037 0.6885319
0.19568098 0.4849881 0.32069623
0.5282662 0.41264418 0.32696563
0.51916325 0.5204908 0.38690692
0.46961206 0.4888177 0.30829898
0.78025454 0.5517706 0.26929665
-0.24522126 0.17722955 0.21347055
0.10192521 0.27080187 0.3685938
0.048054285 0.31458238 0.42157984
0.14837328 0.4318529 0.44402194
0.02719098 0.44874427 0.38786203
0.003050007 0.5215428 0.38383406
0.006114099 0.49211717 0.36831805
0.17112185 0.3670222 0.47455347
0.12114754 0.37718263 0.4786749
0.09967214 0.56481636 0.41063792
0.5927975 0.472731 0.43951917
0.030295264 0.3523518 0.47148257
0.008837104 0.26960382 0.55458415
-0.010202382 0.7979565 0.45288402
0.080389634 0.8478108 0.57986146
0.072764024 1.058442 0.5534102
-0.014481198 0.33107933 0.5045804
0.043301065 0.38177982 0.46514806
0.17047605 0.7135812 0.59760344
0.23625998 0.51987714 0.65917677
0.20743352 0.63177246 0.3998816
0.14553474 0.7100035 0.3006818
0.079005525 0.52247113 0.20260414
0.031067003 0.49641153 0.17586619
0.051198356 0.52653044 0.20838624
0.030413846 0.45642978 0.22717479
0.23629987 0.33491078 0.7334739
0.052135877 0.5063082 0.40899706
0.293956 0.61790943 0.19983491
0.15931457 0.57906115 0.20295471
0.1732369 0.48087206 0.18795002
0.09152557 0.5329448 0.15132137
0.028511856 0.4372373 0.03488061
0.06615773 0.84166986 0.07539894
0.22956757 0.36243236 0.1214145
0.18808857 0.50224006 0.14225635
0.15570506 0.52064484 0.11602793
0.08628073 0.50477815 0.4805327
0.10680498 0.5501871 0.45267135
0.09094566 0.475633 0.48786467
0.097256094 0.44098 0.4936345
0.1129345 0.5444579 0.50210255
0.18989941 0.70016736 0.5194581
0.44392005 0.21050993 0.7213692
-0.0032363273 0.38465944 0.8865546
0.48672047 0.19535097 0.73981786
0.14459993 0.3502479 0.3122779
0.06377826 0.28244156 0.2726915
0.11358042 0.37056807 0.26598677
0.17793141 0.44295582 0.36842534
0.2296365 0.47719988 0.33837417
0.19896054 0.70279443 0.31562656
0.23733388 0.59266657 0.38474417
0.114969835 0.63351965 0.2644836
0.23934516 0.59975684 0.32785422
0.21981895 0.5090221 0.57377124
0.15945692 0.5410495 0.49875098
0.09566321 0.63088334 0.27885216
0.1844679 0.7733607 0.3146079
0.0816447 0.596156 0.31544805
0.39411575 0.3078122 0.5486562
0.026336184 0.4595254 0.113356695
0.03671263 0.44722888 0.14323929
0.05585129 0.3855899 0.17832702
0.044620838 0.47548684 0.14602835
0.028751343 0.5067185 0.15300047
0.037446093 0.36189047 0.56743866
0.040823776 0.40159824 0.59030706
0.045706756 0.4344917 0.56218344
0.03778727 0.35520926 0.5705716
0.042642284 0.49797073 0.4900533
0.120975316 0.4242405 0.5817952
0.08740646 0.61352277 0.28301802
0.077812925 0.64499724 0.27964363
0.09161368 0.49610537 0.3084596
0.10985574 0.5059936 0.30438903
0.16201937 0.60451365 0.35066164
0.12586199 0.6134943 0.29311556
0.09895502 0.6077309 0.2930372
0.2321272 0.0803878 0.63800013
0.5191455 0.24695247 0.6116018
0.41184026 0.17958073 0.6145571
0.16810763 0.124446906 0.55141425
0.84138465 0.36731914 0.671799
0.78875124 0.34662044 0.671508
