0.11778849 0.5390575 0.43638402
0.109362766 0.39580792 0.48686838
0.22081086 0.5170063 0.49640942
0.12255281 0.44452325 0.4700809
0.11590807 0.41726196 0.48317003
0.030306052 0.013806302 0.62316066
0.17146158 0.046623986 0.5432132
0.047946163 -0.0076727793 0.6203255
0.04210359 -0.0047076717 0.70649886
0.0015776195 -0.028290749 0.5956609
-0.03167003 0.7152169 0.17636898
-0.041975226 0.53377223 0.23972505
0.021435063 0.40794587 0.26401344
-0.008897822 0.859735 0.26690844
0.021160055 0.45869932 0.24241608
0.06788183 0.46817395 0.61158776
0.18288502 0.5265043 0.52118695
0.09354316 0.353363 0.46622676
0.13949306 0.06337519 0.5996395
0.09223483 0.060999595 0.63316613
0.19581756 0.09207959 0.58275247
0.09967652 0.010352541 0.7068237
-0.029579405 0.012504861 0.6111001
0.5278073 0.21494427 0.48010468
0.72922814 0.37508103 0.5415289
0.95407057 0.33762166 0.5121724
0.8123678 0.4259486 0.79630035
0.82428277 0.3954639 0.6009793
0.41031587 0.2768311 0.7712257
0.7719642 0.41478914 0.73285353
0.13395438 0.3826335 0.5924212
0.24712166 0.56127715 0.27614903
0.22338171 0.52623 0.29579237
0.1883934 0.6314086 0.2983068
0.38183674 0.2859264 0.3811942
0.35074374 0.21283281 0.3143338
0.044591222 0.5757092 0.5401647
0.03616185 0.40598357 0.5791159
0.18853334 0.49429277 0.42824492
0.17882839 0.4800758 0.44263354
0.14926086 0.44059727 0.59176654
0.18778646 0.55343986 0.58292085
0.104482606 0.87471557 0.4662286
0.117730975 0.7451492 0.49217963
0.78339064 0.8153032 0.3527823
0.3918378 0.7588093 0.32115573
0.5964255 0.7157806 0.28399512
0.59314346 0.68157023 0.28506082
0.77620006 0.83524 0.2905987
0.72982883 0.76410896 0.27655476
0.008547358 0.024591606 0.5640557
-0.030828673 0.010399073 0.619705
0.054711588 0.051586755 0.510425
0.041141562 0.026532277 0.590594
0.053436443 0.02244272 0.5404757
0.13977398 0.09597726 0.5099529
-0.039471943 0.0077738613 0.5652215
0.08000906 0.83971274 0.22439972
0.09207557 0.74608696 0.193605
0.12953351 0.7628542 0.21773136
0.17595142 0.67628133 0.18884516
0.1505339 0.84802365 0.17595139
0.6249021 0.40949175 0.62291646
0.6798419 0.5057324 0.71835864
0.8203571 0.51442003 0.6750717
0.6927551 0.54008573 0.6694827
0.7082464 0.5576341 0.6257732
0.76147836 0.697113 0.71940845
0.37208816 0.19654444 0.4493692
0.34809723 0.2453489 0.5069926
0.017818939 0.39767042 0.27018136
0.33495578 0.3674684 0.33945963
0.35750732 0.3676438 0.43086427
0.25202805 0.46338162 0.29090008
0.29337418 0.4528881 0.28764135
0.23607527 0.56861585 0.70037526
0.36711624 0.59501415 0.5989977
0.38274446 0.5164447 0.67287433
0.57241464 0.6709471 0.6223618
0.58159244 0.69211185 0.6496583
0.4767867 0.4858645 0.49525058
0.43619743 0.5647945 0.5243777
0.19231874 0.46348622 0.524458
0.1670525 0.47066674 0.5033251
0.27660596 0.4630727 0.3111544
0.25264305 0.4990668 0.32205033
0.28454944 0.51572084 0.34231076
0.38113576 0.38373658 0.24720341
0.61287916 0.7744864 0.24039227
0.8262062 0.8141957 0.22375175
0.91402984 0.9348868 0.1899865
0.3773205 0.6730859 0.5261857
0.32812008 0.54475063 0.5492442
0.19375664 0.056626596 0.68163216
0.13473764 0.037642602 0.629908
0.18357734 0.024464939 0.69382215
0.2754362 0.09699026 0.7099334
0.061236475 0.031978756 0.9121969
-0.031889845 0.02457562 0.74916685
1.0163555 0.37908503 0.6403668
0.20366167 0.076646 0.32238567
0.71948147 0.25333065 0.56075126
0.1742585 0.19942585 0.6015387
0.9966775 0.38750982 0.50127375
1.0419842 0.3631351 0.5449268
0.15026389 0.26857704 0.61747396
0.83947325 0.34154853 0.77099717
1.1400336 0.40986738 0.5298973
0.11180766 0.53513134 0.2662614
0.10116133 0.73023677 0.23896164
0.0806282 0.9318068 0.17630643
0.116046846 0.5054669 0.22275627
0.06394082 0.38973904 0.20508434
0.11881752 0.4849533 0.21606958
0.47692022 0.51137084 0.5243409
0.4953309 0.53988487 0.48101014
0.59999585 0.5982697 0.5165431
0.6077904 0.62157726 0.5232505
0.7019415 0.52546734 0.584722
0.74044096 0.45708835 0.5488258
0.19060868 0.28226697 0.5349952
0.794111 0.30030292 0.48400408
0.20338705 0.077465296 0.4820215
0.3016314 0.11312813 0.42045933
0.22874352 0.0871549 0.4747513
0.8300056 0.31461334 0.45896667
0.27494985 0.12370382 0.4412473
0.6212349 0.2430878 0.5144536
0.8710376 0.3414009 0.46928453
0.6938212 0.2566846 0.58726317
0.10352951 0.35573846 0.21657623
0.11229616 0.395473 0.19370604
0.44453475 0.30692458 0.20629044
0.15296727 0.2997679 0.20120257
0.15305746 0.37865102 0.15073758
0.13043427 0.32664827 0.19292772
-0.018050972 0.6411017 0.20872131
0.5853723 0.35763323 0.105760254
-0.02153549 0.50159514 0.17754754
0.07339258 0.3571405 0.21549156
0.35475126 0.17883644 0.4299551
0.06411358 0.31215277 0.603036
0.038509022 0.30241394 0.6225881
0.036663257 0.25638583 0.54977125
0.00017520785 -0.027909718 0.587804
0.028376061 -0.022831015 0.36758685
-0.1289582 -0.043251656 0.3502903
-0.12472883 -0.0434955 0.44400656
-0.03343493 -0.03705684 0.6553569
0.008231688 0.0050958022 0.5512177
0.07686133 0.029762473 0.49694926
0.13442537 0.032994013 0.677703
-0.14392851 -0.057700805 0.54248214
-0.14205909 -0.09130622 0.6285748
0.14330028 0.49000937 0.6139456
0.08932406 0.579796 0.6182668
0.2730448 0.45178398 0.6681213
0.22787158 0.4477743 0.670488
0.22138979 0.55405235 0.6358514
0.2839388 0.50382 0.6243125
0.3362705 0.5471275 0.6409164
0.23511487 0.52266073 0.5356744
0.30630153 0.48137277 0.6386779
0.9082094 0.49909246 0.6683837
0.32489416 0.4581366 0.68040395
0.29478332 0.4624863 0.61513865
0.42674175 0.6437261 0.58317965
0.012657829 1.158843 0.41741815
0.44452062 0.60501593 0.75847656
0.0706163 1.0439733 0.3213708
0.1412807 0.4648653 0.714926
0.15716279 0.5530952 0.61232954
0.14927725 0.56704193 0.64671814
0.16206188 0.4430877 0.5532343
0.4743582 0.5434853 0.5055557
0.06908339 0.4669538 0.5801037
0.050435323 0.3370081 0.60613894
0.09001938 0.36262593 0.6519921
0.9121039 0.49765307 0.6093915
0.17937854 0.50271845 0.2985912
0.49783012 0.19073883 0.28766653
0.3406031 0.44991133 0.5822377
0.25781924 0.46073672 0.5161633
0.15276594 0.30480784 0.43687755
0.93854713 0.35291862 0.4733321
0.93851006 0.37747052 0.44093543
0.87079704 0.34367195 0.41390988
0.9456311 0.34845927 0.46765938
0.9182153 0.3510069 0.4655684
0.8824533 0.3312015 0.4164173
0.969615 0.36592934 0.5005908
0.7757395 0.24587673 0.30951336
0.9887564 0.38296342 0.43158805
0.016331516 0.59941626 0.8215975
0.019675586 0.9468206 0.79179955
0.04768939 0.720749 0.817013
0.19427876 0.4580447 0.7932262
0.054611992 0.8000359 0.8168582
0.07202022 0.5079852 0.79802555
0.040545367 0.3850805 0.83799094
0.077412546 0.59800726 0.8571604
1.0237484 0.42887452 0.676018
0.43126497 0.18583037 0.5221207
0.28098345 0.1233339 0.51150215
0.83590055 0.33132932 0.4853542
0.8156514 0.32922742 0.535691
0.8645811 0.3514816 0.52156883
0.2246982 0.52594733 0.6727098
0.18276696 0.48055646 0.6968047
0.24686888 0.4429674 0.24967301
0.37344968 0.44204158 0.2057266
0.5249321 0.46409675 0.29083398
0.098041534 0.35958675 0.24506524
0.46656752 0.3948514 0.23356837
-0.03011376 0.32248303 0.13861436
0.12590162 0.2821742 0.42677554
0.08153942 0.29181698 0.46169057
0.1704086 0.3438637 0.36036122
-0.010208543 0.5576101 0.38086534
0.02903704 0.4870366 0.41593406
0.019102529 0.5151352 0.392914
0.09931357 0.29619345 0.45459735
0.1650162 0.34839392 0.46975654
0.16607688 0.57538223 0.327308
1.1583607 0.5372572 0.42270774
0.043024864 0.38817284 0.51329315
-0.007837344 0.3154383 0.54973936
-0.008976508 0.73553044 0.4543267
0.03413567 0.87014025 0.51145214
0.026761305 1.1861107 0.43703842
0.16724108 0.3265225 0.47891676
0.121262684 0.37803018 0.51063734
0.2129323 0.6007744 0.5862172
0.23051235 0.5477492 0.6526265
0.21032014 0.6014143 0.3603506
0.1709806 0.6052793 0.27925617
0.14225224 0.41632572 0.23768443
0.080987915 0.42216057 0.20611015
0.09333852 0.44526136 0.22284514
0.074167654 0.41961852 0.24065143
0.9350802 0.47313687 1.2717962
0.24703445 0.41164067 0.40724117
0.33513197 0.61930776 0.1859934
0.20231426 0.59168714 0.18954359
0.1955724 0.5219861 0.17059575
0.11585592 0.48446545 0.21523961
0.07905005 0.47351998 0.12075766
0.08423212 0.69263697 0.08619417
0.16293408 0.41256782 0.0981316
0.18202741 0.48795885 0.15168253
0.18422517 0.48050654 0.14011274
0.6459712 0.22908223 0.51740175
0.7929079 0.29728675 0.3853156
0.38094023 0.15239894 0.3532377
0.1470096 0.51501054 0.49024704
0.1476022 0.5256197 0.46559286
0.16419432 0.40975037 0.48333758
0.16673908 0.41870382 0.48777556
0.21329534 0.49536526 0.50459284
0.22916254 0.6320768 0.5171081
0.47154313 0.22533879 0.67101157
-0.013066653 0.32877174 0.9021213
0.38690576 0.13034055 0.66109407
0.24641404 0.2584254 0.1261122
0.63363194 0.3124308 0.2565685
0.34932145 0.22050878 0.2206693
0.2068588 0.32414922 0.29814917
0.11056624 0.24585915 0.29471064
0.13163152 0.28892025 0.27707347
0.2260024 0.50182474 0.33868417
0.24929518 0.54493195 0.347206
0.22805417 0.50013685 0.29186383
0.2498783 0.5754395 0.3704382
0.1618222 0.5429054 0.30228776
0.24317111 0.6176326 0.32549667
0.22902346 0.5472293 0.5560402
0.18335016 0.5409816 0.5334171
0.12242788 0.43557093 0.35038465
0.24617279 0.4367025 0.33405256
0.144761 0.480333 0.3577646
0.24249901 0.26379585 0.5402288
0.03494757 0.022188228 0.5744176
0.00888874 -0.0049097314 0.612622
0.07929525 0.016449623 0.6283346
0.07013179 0.020990882 0.6717309
-0.013751913 -0.0016735047 0.67262053
-0.074128 -0.0032392368 0.72178835
0.08793679 0.0019497275 0.4893921
0.04110516 0.43412504 0.14791605
0.05594833 0.40994313 0.17178053
0.06844838 0.40559474 0.17735092
0.039716445 0.4651223 0.17137161
0.060412776 0.47030872 0.17533374
0.15073083 0.34020662 0.5654107
0.1300511 0.40113103 0.6162358
0.09970054 0.40163746 0.5861047
0.112071946 0.38881406 0.57422125
0.12734611 0.38974774 0.5488268
0.12020303 0.43052575 0.5858525
0.19533063 0.43218985 0.24658635
0.108492784 0.5020083 0.3109798
0.13039346 0.43847165 0.3259983
0.1404512 0.42841932 0.33756548
0.20030087 0.54248506 0.38505262
0.19284011 0.44932187 0.31725225
0.134569 0.49995762 0.33276594
0.10603346 0.081199236 0.5689453
0.1314134 0.109267294 0.56959116
0.53620434 0.24665391 0.60471284
0.05213292 0.09503544 0.55347365
0.9308748 0.41462266 0.57469
0.7541977 0.31557184 0.6435286
0.2687114 -0.03526605 0.4742953
0.24088961 -0.06224642 0.55657274
0.31284884 0.01183923 0.5515241
