0.06551454 0.6582855 0.41574976
0.1507545 0.43330333 0.44135776
0.22620185 0.5082583 0.5003176
0.12291301 0.4968598 0.4724563
0.109767005 0.47451857 0.48999438
0.04102094 -0.0089950785 0.6622
0.16681534 0.05768609 0.5430662
0.29528737 0.124459356 0.7428807
-0.026329666 -0.052886456 0.615319
-0.0052398816 -0.010661863 0.6361244
-0.023967281 0.6603055 0.17841667
0.017578464 0.27874482 0.29266852
0.06147916 0.27053007 0.2991646
0.056342274 0.72375476 0.23266387
0.020968221 0.43082678 0.29531157
0.031287014 0.6680798 0.57628614
0.12472015 0.55368644 0.54295945
0.08903425 0.42018783 0.5053144
0.056218334 0.023217708 0.5323476
0.49091417 0.2063157 0.5667223
0.093464315 0.029158156 0.5467226
0.16354313 -0.001105547 0.62771785
0.062265277 0.043953046 0.6364064
0.60249496 0.26876456 0.5044705
0.5042683 0.3145213 0.51803917
0.75722694 0.3076459 0.52623963
0.25564682 0.27042457 0.77086234
0.73861486 0.3487654 0.56669855
0.37054032 0.23225754 0.6989767
0.79833686 0.3917513 0.74727947
0.070537604 0.45148546 0.63374996
0.1642858 0.5862701 0.2907429
0.21993063 0.5557247 0.3032162
0.17980309 0.66506255 0.31082332
0.24342553 0.44894835 0.4060243
0.60310745 0.43993774 0.37456706
0.047397822 0.56040955 0.5278873
0.10888715 0.38877147 0.59887177
0.20779894 0.5157728 0.43134108
0.18917738 0.5162144 0.44473705
0.19940889 0.45879203 0.5665237
0.18495089 0.6244395 0.5338115
0.077509746 0.9187974 0.47482777
0.14743395 0.6302226 0.48842046
0.7806225 0.8014396 0.37502232
0.44909215 0.7784729 0.39143637
0.60675836 0.75231475 0.33098212
0.51931125 0.7223091 0.28040037
0.7927612 0.83081466 0.29448006
0.6832862 0.78578234 0.279235
0.030237455 0.024058677 0.54053175
0.16171008 0.12870368 0.6404014
0.123053156 0.0891387 0.5828459
0.015879564 0.0044615455 0.56941706
0.20485915 0.072164655 0.54329795
0.24030888 0.15633525 0.4992196
0.10659361 0.12350699 0.55713266
0.06369455 0.8846773 0.21849453
0.09140333 0.75701106 0.19359261
0.122946575 0.759434 0.23046812
0.15371859 0.76163673 0.18927431
0.14155859 0.8493167 0.17354542
0.6455816 0.4541471 0.68225664
0.6702167 0.4889125 0.6906439
0.9817884 0.59896755 0.69407475
0.713763 0.5507666 0.6646435
0.7106745 0.54822534 0.6440915
0.7915312 0.68390965 0.76213336
0.37997127 0.20964968 0.52489775
0.28309032 0.2235617 0.551123
0.07962991 0.31474793 0.29351762
0.97962576 0.552303 0.37607107
0.30414715 0.39580652 0.42752355
0.33564407 0.38315907 0.32356822
0.28037706 0.44283167 0.31623426
0.23937698 0.58092755 0.68552065
0.27016366 0.6194309 0.5830895
0.34354562 0.5076447 0.66190135
0.5392517 0.64608526 0.60336304
0.54456943 0.6835921 0.644169
0.7438761 0.6698234 0.43985674
0.4104519 0.5690539 0.5043791
0.16742656 0.4597748 0.494158
0.13987806 0.45094576 0.4631854
0.22501682 0.44223174 0.31016624
0.23069791 0.51266557 0.3229402
0.24545766 0.5077802 0.3405809
0.16787116 0.55102575 0.26945275
0.63948375 0.8097161 0.24396148
0.7696778 0.84030116 0.20834866
0.84162784 0.9036375 0.18097642
0.3375407 0.64796114 0.49995402
0.244974 0.5200789 0.49501202
0.1725247 0.09239589 0.66612667
0.20021938 0.100951985 0.56779885
0.25819108 0.07289468 0.5165565
0.27331996 0.099592745 0.789935
0.053198166 0.08877679 0.77141035
0.0795782 0.07692118 0.6925792
0.89189416 0.34134755 0.6308905
0.5108534 0.22068256 0.37736407
0.55644387 0.21138504 0.6135462
0.17426696 0.20054436 0.6459076
0.922854 0.3526025 0.61994714
0.9655718 0.35199496 0.59158236
0.5231656 0.3801608 0.61304945
0.47797048 0.2788339 0.6145986
0.6750047 0.35571572 0.4696783
0.06847586 0.5609771 0.2678827
0.10521202 0.6962902 0.27313033
0.062759236 0.95095146 0.21163619
0.1056221 0.5784811 0.19608995
0.100616224 0.47886202 0.30194116
0.15847895 0.52542514 0.21451518
0.6243395 0.57686913 0.5056825
0.6305208 0.57123816 0.46161976
0.5950328 0.6024498 0.52847964
0.62358266 0.6104822 0.5340821
0.9051943 0.63291925 0.60976577
0.69498837 0.4548231 0.5053238
0.25202578 0.31892592 0.5554516
0.75849617 0.27424708 0.48891562
0.058537364 0.0012467131 0.49871555
0.8517319 0.2933254 0.4283256
0.45284063 0.18155894 0.4822556
0.46605092 0.15685534 0.4773403
0.121959835 0.07015012 0.47674915
0.08808381 0.05206617 0.53054225
0.9821969 0.38137448 0.46629933
0.80840385 0.32468018 0.5467904
0.12048721 0.33483937 0.23501122
0.21743834 0.38488618 0.20971125
0.75110483 0.42531705 0.21313483
0.43419534 0.3710729 0.20116243
0.3393733 0.41399324 0.20800942
0.21554057 0.34204647 0.21055193
0.019278668 0.6134062 0.1869758
0.4383049 0.19098091 0.16911486
0.08273715 0.51326567 0.21592867
0.31750208 0.39213338 0.23121497
0.30527925 0.19366837 0.5115637
0.067354 0.26076886 0.6333804
0.050204977 0.3046046 0.63175756
0.05382828 0.30599165 0.5176597
0.09309217 0.017648432 0.6370505
0.012468591 -0.06944809 0.5025825
-0.17412488 -0.1088867 0.39028785
0.18781921 0.08039564 0.52575564
-0.085847944 -0.07389208 0.751611
0.020997271 -0.014084689 0.5774372
0.083058804 0.037284873 0.49406317
0.05433944 0.0033013038 0.50275046
0.055676416 -0.011957496 0.50067836
-0.112571165 -0.11677874 0.5303021
0.12892738 0.48798624 0.6023335
0.033563703 0.77414155 0.5983388
0.3146239 0.48155013 0.6646031
0.10959751 0.48217112 0.63759494
0.14916229 0.52786833 0.61044836
0.1665156 0.50773746 0.48604563
0.23764722 0.61093473 0.5468273
0.1377196 0.52852947 0.50482315
0.29391804 0.49890116 0.6184397
0.78677976 0.50440335 0.62327474
0.28902066 0.48345917 0.6365554
0.31648737 0.46240944 0.604397
0.41599703 0.6666415 0.5616046
0.0256802 1.132871 0.47411484
0.4274931 0.602783 0.6952001
0.033899054 0.9809338 0.33550635
0.09924549 0.5227154 0.72429276
0.0764485 0.674001 0.60054755
0.03950692 0.64429843 0.6458154
0.06961082 0.5666528 0.5123341
0.51677096 0.5807854 0.55240214
0.06824678 0.6123978 0.5231856
0.04159785 0.33401003 0.61348355
0.09281992 0.3616673 0.58667535
0.62079394 0.4634226 0.6059073
0.111637376 0.5623908 0.31260246
0.037610464 0.45006964 0.33949354
0.34591073 0.49354225 0.5381017
0.252562 0.45630148 0.50642765
0.15979242 0.3433312 0.4778944
0.8956791 0.34607887 0.48651895
0.99599177 0.38007346 0.46642286
0.9303801 0.3687345 0.43652952
0.8963804 0.33002046 0.46668118
0.89880294 0.34367216 0.45182317
0.971807 0.36720198 0.42043707
0.9245423 0.35460085 0.48243362
0.907125 0.2545103 0.16247126
1.0908152 0.45876765 0.50020903
0.01356978 0.5763819 0.79762024
0.026399232 0.90761536 0.7935842
0.028003976 0.80189526 0.8183543
0.08850388 0.44421324 0.7917863
0.05085008 0.946699 0.8094409
0.017808478 0.5718966 0.8072091
-0.027926914 0.2878933 0.8513335
0.009203866 0.6148382 0.8591642
0.8857993 0.3454117 0.6491883
0.981197 0.39214233 0.5624556
0.75161994 0.2907481 0.5354731
0.8530608 0.30810994 0.56963843
0.9375738 0.36942178 0.53474766
0.8633594 0.33227587 0.50556785
0.21168838 0.5107113 0.6782907
0.17077127 0.45602608 0.68306154
0.1604525 0.5476719 0.26538837
0.2375054 0.42753518 0.21104345
0.104548484 0.5032225 0.338949
0.11498213 0.5581322 0.1721669
0.43142837 0.52291936 0.17026544
-0.23921736 0.37666258 -0.06730776
0.04422682 0.28901482 0.407718
0.0041095577 0.33099136 0.43998602
0.0135317445 0.49610457 0.3576676
0.32499057 0.43939194 0.45724067
0.01311449 0.5317472 0.38167992
0.03692507 0.4085684 0.36545786
0.008495092 0.33784375 0.4016451
0.045803126 0.48275304 0.48204547
0.04452552 0.61763656 0.36476782
0.83835477 0.5458314 0.4680225
0.0057126507 0.44275716 0.4337426
-0.009282909 0.27234358 0.5200433
-0.0056857616 0.7663532 0.48034477
0.10206634 0.84389836 0.52868396
0.017640248 1.188943 0.5382093
0.018453296 0.37526733 0.58506864
0.04222215 0.49044672 0.42022672
0.11282334 0.92313945 0.5820525
0.1585163 0.53559107 0.65503246
0.22415929 0.6631703 0.39933708
0.13040128 0.7256384 0.27583882
0.025613006 0.51777166 0.27013567
0.053640492 0.5431945 0.2486113
0.04184268 0.4664079 0.24148193
0.024353322 0.4748552 0.2660898
1.4259238 0.53184754 1.5877796
0.067452565 0.51034164 0.42138922
0.29129985 0.6355858 0.19961828
0.15796 0.6478021 0.16844732
0.14264098 0.57450265 0.19044816
0.12665324 0.5838886 0.1667664
0.051244166 0.47905228 0.09349817
0.085113525 0.74875915 0.066871464
0.15082526 0.30125615 0.055711433
0.16005987 0.49310574 0.13938336
0.14312135 0.5136737 0.11125225
0.72767764 0.25262973 0.5264575
0.86111647 0.30807272 0.4350293
0.5962681 0.15577182 0.56606716
0.079014435 0.6233012 0.47556803
0.071526185 0.57797307 0.44689927
0.11798199 0.49374557 0.48043084
0.12792479 0.5061103 0.48165324
0.098104134 0.6059798 0.4870464
0.092729926 0.74716914 0.48367944
0.4033625 0.22422877 0.759752
-0.060902163 0.37622863 0.90109444
0.4483143 0.22210154 0.7116746
0.49313742 0.37116992 0.21593648
0.5391453 0.32524118 0.24809629
0.47309005 0.39575264 0.21256465
0.20778146 0.37255743 0.32545277
0.116970725 0.2930457 0.2931146
0.13761519 0.4205183 0.26769203
0.1384365 0.52273273 0.34887218
0.19937125 0.5502134 0.34554276
0.11986956 0.6675912 0.29044616
0.18148148 0.63727486 0.3933241
0.15221412 0.6722737 0.30777782
0.2163034 0.6270083 0.3474099
0.15205687 0.5818381 0.5425618
0.14675397 0.6142378 0.5032677
0.052209675 0.5669889 0.33438155
0.11187336 0.6828184 0.3507379
0.058125466 0.5246183 0.3554469
0.121367544 0.25607273 0.63650155
-0.007711366 -0.013188563 0.5535413
-0.036841825 -0.023225054 0.53407073
0.072892055 -0.045521423 0.5683688
0.076713026 -0.013795778 0.6961936
0.06549984 0.024575047 0.6284288
0.10181813 0.098851286 0.73593307
0.19971839 0.0050856024 0.50503945
0.025976688 0.47382912 0.16094184
0.019424766 0.4400306 0.1756317
0.050067555 0.37224352 0.17815903
0.03292969 0.46290842 0.1758962
0.035315737 0.46100488 0.17783499
0.036445215 0.41337475 0.49158162
0.094511956 0.40863234 0.56822
0.07695569 0.41558364 0.57974833
0.0863048 0.4006854 0.5500302
0.07888829 0.50190884 0.5060958
0.15036666 0.42065606 0.5304062
0.07476497 0.60315275 0.27541667
0.075247094 0.63395965 0.28394634
0.09232181 0.50773335 0.3072707
0.06857683 0.49349537 0.33236858
0.14063841 0.7132208 0.35950089
0.058835253 0.5789549 0.32644272
0.072286665 0.57471895 0.31442928
0.21121289 0.10142945 0.546767
0.2547804 0.19330657 0.57188714
0.5464899 0.27132148 0.5482712
0.08507456 0.09062816 0.5759979
0.7950462 0.39514866 0.575747
0.65375465 0.2973158 0.6001243
0.3827933 0.03949493 0.33629286
0.3583756 0.024612546 0.33763072
0.41872746 0.0623196 0.3914136
