0.13286184 0.5817834 0.43012336
0.12057823 0.37485075 0.43851984
0.24880421 0.5389905 0.5295424
0.12656897 0.54060906 0.45121035
0.13436061 0.51916254 0.4501476
0.08989752 0.012760624 0.58273053
0.1601555 0.053413473 0.47303894
0.19311869 0.051538903 0.7373144
0.021594655 -0.012139685 0.64335287
-0.063752964 -0.055729277 0.62628746
-0.016058609 0.5745691 0.18380934
-0.008030303 0.32084817 0.30367503
0.07928082 0.22393025 0.32181802
-0.009223416 0.7589245 0.23530322
-0.023299336 0.37783846 0.24911657
0.06147715 0.55968416 0.5483852
0.14322986 0.5325388 0.5400525
0.11679064 0.37094188 0.48093042
0.048212748 0.03202861 0.5258033
0.7752601 0.3104045 0.5851815
0.067476645 0.08126902 0.46731952
0.017193254 -0.01697065 0.5860866
0.034762353 0.08591685 0.57770556
0.5263128 0.23068066 0.5306765
0.8835881 0.40149832 0.58564985
0.95400035 0.35482576 0.55934113
0.52343047 0.36762682 0.7658705
0.7685431 0.34484017 0.561379
0.5467737 0.30997413 0.81717974
0.87725735 0.41659677 0.7352691
0.15840328 0.38555384 0.64324194
0.22890984 0.48187816 0.30370042
0.19281806 0.53769314 0.30743307
0.15959989 0.61107194 0.28262308
0.20385264 0.294409 0.44493678
0.5042237 0.34282875 0.40429232
0.11334288 0.43366346 0.5593024
0.09341413 0.396096 0.5992772
0.20450343 0.512174 0.43094477
0.18835746 0.51380414 0.44301194
0.17435989 0.44104165 0.57833475
0.19586235 0.58770347 0.582043
0.14682767 0.8281039 0.49903002
0.11624186 0.62673223 0.5033881
0.8251811 0.8502338 0.36357567
0.4697049 0.81285536 0.37618312
0.62252295 0.77268314 0.31896338
0.59149706 0.7164342 0.26992097
0.8714533 0.8789058 0.29846683
0.8067752 0.7685512 0.2732755
0.0933881 0.06364044 0.5404649
0.074429035 0.07691137 0.6280564
0.103989266 0.08817174 0.5417328
0.0063863546 0.0024043769 0.55267054
0.7234695 0.29617614 0.55868
0.053713046 0.05847723 0.55925786
0.051391684 0.07834263 0.5131649
0.06137248 0.81751406 0.22465813
0.07984105 0.79660463 0.19863792
0.124311246 0.74074733 0.21526664
0.11371031 0.75584304 0.16596368
0.13825876 0.80438197 0.18445791
0.63351023 0.4545157 0.66154003
0.6933601 0.5323602 0.7129602
0.8880323 0.55402833 0.6879934
0.72520745 0.56463856 0.6768587
0.72057986 0.57154727 0.62515503
0.8254421 0.72079736 0.74407107
0.352263 0.18745734 0.49560004
0.44730735 0.24863109 0.56862336
0.057294145 0.31383413 0.2952157
0.2985584 0.32597744 0.33867878
0.385147 0.39770168 0.4003731
0.31703302 0.41452593 0.3025723
0.31177548 0.43950424 0.30250886
0.23575312 0.5659757 0.69691
0.35129878 0.5690559 0.588324
0.2697861 0.48671356 0.65838975
0.5859643 0.65791774 0.61892885
0.6359869 0.7017051 0.65618885
0.7672703 0.66860855 0.4774857
0.48798606 0.5722159 0.52434224
0.17646375 0.49868262 0.52235115
0.1855981 0.48913807 0.4543464
0.27399245 0.45745358 0.30785626
0.25912115 0.50301373 0.33417183
0.27271456 0.51096606 0.32943997
0.24259992 0.5254034 0.20231102
0.7166313 0.7935314 0.22102761
0.81795144 0.8187672 0.20294625
0.8568611 0.8887627 0.16669214
0.42712316 0.69532114 0.49408975
0.41285405 0.5817976 0.46387568
0.1974838 0.05451695 0.61762947
0.19953553 0.09608412 0.51887447
0.2858746 0.0663923 0.55946255
0.3315684 0.07280651 0.6731042
0.03417783 0.025228724 0.76796216
0.60111856 0.25790548 0.6934394
0.8919083 0.3496159 0.6239541
0.6548779 0.22275802 0.40815356
0.6820754 0.2867511 0.505528
0.4506753 0.26755914 0.6221089
0.956946 0.38037837 0.58927494
0.89507043 0.33999616 0.5938515
0.76357365 0.41349724 0.5988447
0.8829098 0.34700108 0.76146954
0.73136044 0.33046934 0.5953837
0.10536206 0.5487413 0.29552796
0.09715158 0.7095243 0.25624672
0.079815045 0.9176552 0.19657648
0.093255594 0.5125865 0.20279574
0.07830392 0.40257722 0.31436378
0.24444741 0.43340218 0.25480816
0.60204804 0.5478223 0.48168388
0.79110765 0.6252036 0.49975985
0.621552 0.6106154 0.49307427
0.6252228 0.62460625 0.5117786
0.7690419 0.54380596 0.61649805
0.7468424 0.45689026 0.55215925
0.5560471 0.40321437 0.5646588
0.4622241 0.19070813 0.4919671
0.09139771 0.032802187 0.4709158
0.7419133 0.26497874 0.4588224
0.54764634 0.24490483 0.4777182
0.81777763 0.31099164 0.48477098
0.14125623 0.049350604 0.46032512
0.17914526 0.09666085 0.49902686
0.98409724 0.39763612 0.50579005
0.91626835 0.37286788 0.5755268
-0.0499954 0.3417866 0.21693319
0.02604109 0.31468084 0.2313123
0.46886396 0.3438085 0.22121468
0.102147214 0.22563213 0.25245366
0.070579916 0.2911235 0.20755255
0.017832726 0.25477844 0.23033279
0.018021118 0.6027173 0.1977966
0.45733777 0.3019079 0.09781497
0.035058454 0.5311456 0.22371083
0.04534041 0.28070104 0.22827089
0.47028527 0.22541907 0.50649863
0.14654347 0.28382993 0.62047756
0.030556228 0.269061 0.55455655
0.08898866 0.29286355 0.5760381
0.022020295 -0.021975227 0.5027435
0.064448535 -0.017956264 0.31092578
0.023791298 -0.08543369 0.31837696
0.007125668 -0.037220582 0.54708844
-0.16943824 -0.1079908 0.68256944
-0.067319 -0.07183081 0.50170463
-0.061831027 -0.04233028 0.5812412
0.1400926 0.051402792 0.5861866
0.3985399 0.15637352 0.5097011
-0.24791431 -0.14904547 0.59855765
0.15164581 0.52601904 0.61225516
0.085187554 0.5889951 0.6388648
0.27674884 0.46449703 0.6688178
0.16271973 0.37689978 0.610838
0.18154688 0.4715052 0.6498249
0.36127147 0.42526498 0.5898453
0.3576353 0.47217652 0.57330334
0.32558107 0.45865804 0.479962
0.43204042 0.49787402 0.6225216
0.83806825 0.4670782 0.62924975
0.25646716 0.45801818 0.63277394
0.38521665 0.50993234 0.61298585
0.4827567 0.64508426 0.6403033
0.055712 1.0625775 0.51006216
0.5268271 0.59632945 0.7670127
0.105089955 0.9071138 0.2893712
0.18882167 0.512045 0.736527
0.20134322 0.4524746 0.5995689
0.16546029 0.45287725 0.68166476
0.1991325 0.4479494 0.50771624
0.8360983 0.6397132 0.4881176
0.10825813 0.46143425 0.52478564
0.057222463 0.30682608 0.5925066
0.052681386 0.32252905 0.56826
0.7871398 0.46494925 0.5464598
0.28105986 0.47726542 0.31389788
0.14088947 0.42379358 0.28211278
0.4474546 0.47437268 0.5389189
0.25697744 0.46029633 0.47838345
0.17707214 0.3005255 0.42944103
0.95561564 0.37733257 0.4703026
0.98433554 0.4113261 0.49963525
0.98510575 0.40296465 0.46356985
0.89894044 0.34588316 0.45353863
0.956524 0.3743733 0.46121973
0.9818785 0.3792224 0.41165987
0.9765488 0.38818607 0.5050441
1.3197773 0.49909255 0.32022363
0.7830862 0.35551032 0.46661112
0.029161617 0.541231 0.79872733
0.036586 0.92068666 0.7785596
0.0713508 0.820802 0.8063883
0.18873352 0.38887888 0.8324862
0.09119142 0.88713866 0.8024077
0.09596252 0.61077714 0.7804218
0.014250889 0.32856834 0.8424087
0.098638564 0.6389536 0.83864444
0.9409405 0.39798275 0.7001037
0.6457503 0.30167827 0.56092787
0.81399333 0.29206762 0.5354161
0.8035588 0.3165193 0.570359
0.79410267 0.3255965 0.5644851
0.91833436 0.37934354 0.5461705
0.25595558 0.47222668 0.7125724
0.19594744 0.44576675 0.7054204
0.20778576 0.4005564 0.2944482
0.05414267 0.25355634 0.25888234
0.26978803 0.38764727 0.34166738
0.18758795 0.5454619 0.2901722
0.73272836 0.5175152 0.22084948
-0.25927332 0.3177693 0.25947052
0.1000735 0.30961865 0.40580076
0.041745566 0.28676963 0.3987597
0.12260847 0.33877456 0.37757143
0.09605488 0.38915557 0.3922623
0.028261067 0.49338695 0.3987988
0.002716124 0.44724816 0.38312647
0.035622776 0.31773165 0.4233768
0.13666573 0.40871328 0.46981212
0.117834434 0.54548526 0.37415358
0.7710656 0.5481163 0.46128342
0.05641876 0.3759091 0.468159
-0.0014266707 0.29466707 0.52521
0.018502701 0.70833236 0.4693217
0.08398146 0.8404038 0.5415573
0.083698794 1.1264077 0.49474183
0.052424137 0.35846424 0.5447322
0.06504899 0.44392142 0.45083782
0.23754567 0.77351236 0.6126427
0.1902966 0.55489826 0.6607563
0.20520595 0.6110674 0.40150425
0.14857817 0.635388 0.29912478
0.08740729 0.47360677 0.22842175
0.073501065 0.44956428 0.2021867
0.020744402 0.46732128 0.24367273
0.038190156 0.4289818 0.2570245
0.67665493 0.5047433 0.8149348
0.15360853 0.4461026 0.40792325
0.30766985 0.6167604 0.18500225
0.172779 0.55950695 0.21713638
0.1418281 0.5022331 0.20010251
0.09687637 0.5068897 0.18280363
0.09209605 0.43958968 0.11055555
0.13248827 0.77784324 0.07408497
0.074457556 0.3151946 0.11973679
0.16331702 0.48481345 0.14139089
0.13361625 0.4791525 0.15726085
0.8084891 0.27411714 0.54162496
0.8522271 0.28967816 0.5206089
0.4939043 0.1544716 0.52991056
0.114730395 0.556983 0.43325332
0.118472725 0.55150557 0.4194012
0.12980321 0.50903153 0.46698573
0.14342445 0.5157212 0.46753302
0.15598553 0.50688356 0.453504
0.15960015 0.5938192 0.45383728
0.44460306 0.22470689 0.69310194
-0.01304362 0.2927302 0.8993747
0.49445304 0.21773313 0.7751214
0.27043015 0.260862 0.21825573
0.6023334 0.34291515 0.2799302
0.28655052 0.28230077 0.2909102
0.18873519 0.34211752 0.31696576
0.13936597 0.30241853 0.28011215
0.15208322 0.39721048 0.25902444
0.14899617 0.49342698 0.32732373
0.23305696 0.5549414 0.33369818
0.17858073 0.5414175 0.31370294
0.22760072 0.59094816 0.38226274
0.15476449 0.61492616 0.30590206
0.22403856 0.5988536 0.31346282
0.18281159 0.5343726 0.57842004
0.19149774 0.58997893 0.52676225
0.12212537 0.5537261 0.30470464
0.19966641 0.59712297 0.29885167
0.13524428 0.5262263 0.32490307
0.16548987 0.24208875 0.5702893
-0.008785598 -0.003663592 0.5753273
0.020004675 -0.01980047 0.6379695
0.11762997 0.023931056 0.48690066
0.0935175 0.027265415 0.54777414
0.08363037 0.056393433 0.5999373
0.28398016 0.121933684 0.6768175
0.17880432 0.065287806 0.44370988
0.021108843 0.42719275 0.15370357
0.020832755 0.4414671 0.1581917
0.031743653 0.3847901 0.18370968
0.018705186 0.4621671 0.15804556
0.016734354 0.4801134 0.18042156
0.11848153 0.34733823 0.4725325
0.13244927 0.41515863 0.57665616
0.14332107 0.43559295 0.5705267
0.1347409 0.4033777 0.5363428
0.1435912 0.42751372 0.49173227
0.1586488 0.42587045 0.580327
0.1399823 0.4902001 0.28058705
0.11153688 0.59335685 0.3011861
0.08896587 0.48621905 0.32803133
0.081696294 0.43261564 0.32160437
0.21592703 0.61681616 0.36738294
0.14116885 0.49486122 0.3081027
0.13709907 0.5258899 0.3238996
0.33660462 0.18629813 0.5589474
0.30028868 0.2187779 0.57605094
0.57707036 0.27371752 0.54541564
0.15371503 0.15692477 0.55624646
0.8722527 0.40342194 0.58362263
0.7582071 0.36540714 0.55362976
-0.12673604 -0.15843493 0.26802218
-0.11611931 -0.14578056 0.34505454
0.014557309 -0.06747857 0.31445995
