0.08107874 0.5164277 0.45183536
0.12132574 0.41876715 0.43647075
0.16439937 0.5625306 0.49517187
0.09737408 0.5008283 0.4755821
0.10932708 0.47934067 0.49059525
0.1464648 0.009885076 0.6015618
0.13773943 0.020287983 0.48499122
0.21417947 0.0674433 0.7421363
0.19394213 0.04312033 0.7114805
-0.0021737926 -0.027602844 0.63894
-0.0067385323 0.60602814 0.2182
0.017448474 0.3374273 0.2465966
0.07495928 0.23907208 0.30281368
-0.00019426271 0.8867483 0.24870372
0.061142616 0.3895711 0.27142194
0.08833857 0.49421233 0.50367
0.27474836 0.54804474 0.5446416
0.03297159 0.352222 0.48962507
0.07303582 0.047595438 0.506278
-0.0029467829 -0.021705419 0.5474776
0.12813939 0.049934715 0.4725942
0.04102083 -0.04615718 0.6608148
0.0027883612 -0.012159236 0.55557895
0.64974684 0.27447683 0.47427976
0.8507156 0.42284614 0.5699509
0.90864354 0.36768702 0.50830144
0.91556007 0.5079708 0.88143
0.67109406 0.29028997 0.50059587
0.4858815 0.2553792 0.74069613
0.7773763 0.37329522 0.7656313
0.5652833 0.54807794 0.6677193
0.15275255 0.588625 0.3050799
0.19788443 0.5255296 0.3096302
0.16056225 0.67532647 0.27408955
0.8988548 0.52401835 0.5450504
1.2533463 0.70436645 0.51886314
0.09383237 0.52171755 0.5457942
0.060694948 0.3900739 0.54545254
0.16704857 0.49489364 0.4338425
0.16427906 0.50521535 0.4603521
0.15448083 0.44185308 0.58427733
0.12853771 0.53354293 0.5684752
0.09657076 0.723894 0.52971184
0.124699235 0.70295787 0.49297574
0.8183887 0.85513633 0.381637
0.42022443 0.78861535 0.40958658
0.62287 0.77529657 0.33886838
0.53815496 0.7029623 0.26929075
0.8885626 0.87598336 0.2834052
0.7939234 0.81559104 0.24249706
0.02366735 0.015133377 0.48989093
0.0583061 0.033233106 0.58474374
0.08850251 0.042662024 0.48214814
0.041413967 0.0069070905 0.4769428
0.45874995 0.16951111 0.53515285
-0.05886058 0.024782896 0.53463346
0.06783573 0.0522681 0.4741083
0.064036466 0.8628466 0.22392419
0.06580393 0.7666713 0.19326726
0.13030252 0.7729567 0.21427092
0.1529428 0.78100145 0.20064093
0.15003407 0.8551284 0.18739054
0.6492148 0.4636083 0.7214801
0.70931804 0.5154821 0.7402623
0.883815 0.58731854 0.7148587
0.7272818 0.55869746 0.7114049
0.76739746 0.58829045 0.66532713
0.8602041 0.75730777 0.7714032
0.35061637 0.18972525 0.52070224
0.3591667 0.2535217 0.4873501
0.040461894 0.26440424 0.28554535
0.635492 0.42877948 0.37016082
0.3395657 0.35336646 0.44754145
0.28562796 0.3548126 0.27504617
0.34813714 0.36982796 0.31054714
0.21829653 0.57470244 0.67796713
0.5566851 0.65701437 0.6057587
0.44167662 0.5295869 0.6789146
0.6508863 0.6697358 0.643131
0.65880823 0.71559674 0.64206326
0.4548387 0.5915245 0.57160544
0.4262305 0.5631034 0.5411477
0.16408907 0.48438314 0.5087481
0.11829248 0.48561105 0.4967096
0.28019723 0.5043306 0.36133853
0.1679516 0.46639946 0.35452762
0.21797119 0.49506667 0.38179213
0.8427577 0.819788 0.37340498
0.68273884 0.7857877 0.24219596
0.7858332 0.80615544 0.19501394
0.8562581 0.8933978 0.14389262
0.38279998 0.6485949 0.52641374
0.31884924 0.52529263 0.5154162
0.24410263 0.05076293 0.6262921
0.18708287 0.052980453 0.50664896
0.17908107 0.010152493 0.5409195
0.16602114 0.020015463 0.76160264
0.12278223 0.0068890564 0.6718444
0.623814 0.28778177 0.67802674
0.99135125 0.4033065 0.61683697
0.085028246 0.004539065 0.2829328
0.34314433 0.06996048 0.5560891
0.45148677 0.27260876 0.64286226
1.1106881 0.4606834 0.61875725
1.0619988 0.4181284 0.54610175
1.0151348 0.5002806 0.64552826
1.0292628 0.4608165 0.7254976
0.89302564 0.4508895 0.60923153
0.057344615 0.68097115 0.23547193
0.06462196 0.71214557 0.2722313
0.056936465 0.97774315 0.18366015
0.098861724 0.55836046 0.20752123
0.12431231 0.35634258 0.2256487
0.106561415 0.45102015 0.14450377
0.5850091 0.5473485 0.51397014
0.6801341 0.582374 0.5248732
0.580971 0.5938512 0.5178801
0.60785306 0.6224289 0.52557313
0.8845296 0.60719794 0.5612562
0.88507 0.49755916 0.56208676
0.122348845 0.22372392 0.54455525
0.62569296 0.2189335 0.5200582
-0.014549624 -0.0055565387 0.5187327
0.7742046 0.3090622 0.4012592
0.47453284 0.16808024 0.5193574
0.57161367 0.22362399 0.48343262
0.3336283 0.12738422 0.48882103
0.015562255 -0.0024887547 0.4784279
0.8444523 0.30507657 0.43823323
0.3600003 0.15022615 0.61708754
0.12397747 0.32357576 0.21296519
0.2863196 0.3390859 0.17751472
0.9012796 0.49264273 0.25627548
0.62421894 0.40659478 0.20738354
0.58585703 0.43823713 0.20902804
0.41789812 0.37043783 0.22297972
0.02678084 0.5532449 0.23900315
0.29211894 0.17958558 0.07612919
0.036591977 0.50315607 0.16120481
0.11881525 0.3261747 0.21706384
0.4079374 0.18849453 0.41054195
0.01912462 0.27133372 0.617152
-0.033885937 0.2896719 0.57908833
0.052338745 0.25703534 0.5392822
-0.013284665 -0.040207334 0.33810833
-0.35152847 -0.20141116 0.29540217
-0.25345182 -0.12717181 0.2591637
-0.017038565 -0.022392422 0.32420957
-0.016297217 -0.030456126 0.5364488
0.033711974 0.013000071 0.4283385
0.24213083 0.11811909 0.5213523
0.09166272 0.008700393 0.4566134
-0.19322075 -0.12593833 0.43581587
-0.16029398 -0.12766945 0.40582195
0.11573363 0.49570933 0.6281532
0.07517223 0.59718907 0.6014779
0.24437267 0.45210877 0.6649439
0.2503515 0.5028425 0.61990106
0.1238174 0.546558 0.65493137
0.35182428 0.5029252 0.7169536
0.334127 0.6000093 0.7090866
0.2347432 0.50831634 0.6308655
0.35332394 0.44878903 0.59147066
0.92028 0.52364695 0.6305138
0.29873145 0.4206779 0.6967041
0.2764601 0.44655466 0.64657784
0.5710118 0.6363455 0.60673845
0.04837173 1.0966114 0.52434456
0.5634941 0.5993492 0.74251443
0.046939336 0.9654441 0.30704823
0.24693473 0.5151178 0.7978826
0.13404438 0.48839584 0.67287546
0.10593371 0.44464988 0.6940935
0.3513882 0.5112473 0.6101764
0.8803016 0.6727464 0.5620625
0.033213083 0.5059641 0.58001846
0.011314373 0.30943692 0.6291365
0.06538729 0.34978414 0.640994
0.96654016 0.5570279 0.6511775
0.3878664 0.7016815 0.3393596
-0.06625377 0.38037232 0.42305902
0.31446975 0.41523394 0.5295923
0.17103276 0.36718386 0.47897664
0.13270772 0.26623768 0.42410025
1.010795 0.4012243 0.46868634
1.0096875 0.3942549 0.46347073
0.9849936 0.36842066 0.4284878
1.0147429 0.40277967 0.45571938
0.99088657 0.40010032 0.47350484
0.95284015 0.37118134 0.39486828
0.9834843 0.39715537 0.49345788
0.9631996 0.21200234 0.32484034
0.9310237 0.40178737 0.47133315
0.008392539 0.52320176 0.7894025
0.015285108 0.69553375 0.811405
0.017132204 0.5568167 0.7844125
0.11267936 0.39962974 0.8571486
0.04684144 0.6234869 0.8148708
0.07794273 0.53275996 0.7218835
-0.019041423 0.30582204 0.88851994
0.09563944 0.48886353 0.8194317
0.93455386 0.41401553 0.6640079
0.9412547 0.386414 0.5370688
0.7938551 0.33168903 0.561701
0.91853297 0.37325814 0.4995681
0.9417306 0.3803047 0.53048617
0.79959697 0.3391582 0.4693013
0.17444313 0.4556064 0.7022514
0.13869101 0.4353659 0.7129935
0.09097119 0.5733381 0.38644436
0.09213631 0.5621637 0.33284527
0.12070745 0.568236 0.3993474
0.04248464 0.6252445 0.37961727
0.84560853 0.7498467 0.36915344
0.3518303 0.65294313 0.39403972
-0.0006598048 0.1983642 0.39830902
-0.043293227 0.26529807 0.4289382
0.25343797 0.4262558 0.42240146
0.20592774 0.3883168 0.37624764
0.02283939 0.42110708 0.41439563
-0.011251058 0.4215332 0.38423166
0.0040031075 0.3226574 0.4319652
0.06916125 0.40956795 0.53588974
0.12923068 0.56379217 0.3159939
0.74995387 0.5236782 0.5076956
0.07972942 0.36989096 0.478164
-0.01595151 0.2926155 0.544518
-0.009334613 0.7430791 0.4617141
0.041580044 0.90867776 0.5440885
0.050923236 1.1154852 0.44890144
0.09001367 0.31983584 0.48831943
0.12032755 0.41749817 0.42370686
0.114450365 0.5712994 0.6229663
0.16681577 0.52710265 0.72828233
0.19690436 0.5898594 0.45696536
0.11982088 0.7450008 0.2792176
0.107174575 0.45841447 0.23652968
0.026290726 0.37970695 0.2177197
0.072052255 0.45335108 0.20240751
0.020186957 0.41270182 0.25154018
0.1755964 0.21414673 0.4435731
0.08231915 0.45619455 0.46039918
0.32965016 0.5959636 0.18778482
0.17564654 0.6175262 0.17943075
0.17898369 0.596244 0.14515863
0.092513055 0.44723377 0.20760605
-0.016272362 0.4376878 0.08194049
0.032636773 0.64967513 0.1252971
0.073596746 0.38740644 0.16300651
0.15674543 0.48827752 0.16465199
0.130481 0.4928989 0.15072098
0.6747069 0.27769092 0.603905
0.6530703 0.21767503 0.46413276
0.61267614 0.19097003 0.45575362
0.09928825 0.567498 0.4723708
0.099438995 0.5694339 0.4866613
0.099520266 0.46908233 0.51376617
0.09855126 0.45498317 0.5205734
0.05821945 0.5527127 0.52628595
0.1406346 0.65419036 0.5328768
0.46460018 0.229882 0.7248288
-0.007841986 0.33229727 0.8665048
0.37784356 0.12921438 0.7611323
0.7911916 0.38429466 0.20232907
0.8499893 0.45978495 0.25552124
0.787543 0.3810217 0.2253646
0.20502059 0.34683374 0.27867717
0.075426295 0.28928325 0.3019508
0.13713507 0.33512735 0.253618
0.09530714 0.5265274 0.36274335
0.1402015 0.5198494 0.36180624
0.1621518 0.63534296 0.3107083
0.18005994 0.62051576 0.39430496
0.13512704 0.5224903 0.32913688
0.2155266 0.6500224 0.32672796
0.16125964 0.5851313 0.5892791
0.14833914 0.5641762 0.5392947
0.010825884 0.4420428 0.30068895
0.17333205 0.5798887 0.2996586
0.07450822 0.46847576 0.31313843
0.17136814 0.2450743 0.59844524
0.0215608 0.0050976425 0.5463192
-0.108782575 -0.03443052 0.50041926
0.097660586 0.0026159734 0.5909852
0.13608348 0.027449965 0.49247947
0.066043034 0.008760992 0.5668759
-0.04755373 -0.052310996 0.62098855
-0.0074776225 -0.049524367 0.4745536
0.0010429323 0.4548801 0.15675673
0.043401606 0.41135436 0.1650882
0.055376086 0.38216978 0.1905007
0.031330843 0.44921288 0.17155272
0.05941261 0.47220787 0.15788415
0.020969983 0.41319615 0.5956033
0.088238835 0.42056164 0.653821
0.018767409 0.41162282 0.6159961
0.03152714 0.4235964 0.6161874
0.031141233 0.38879642 0.5763911
0.09112194 0.40700766 0.61003363
0.13315608 0.5558726 0.26908484
0.115986794 0.5427655 0.2967465
0.089100406 0.48606125 0.32391524
0.05178198 0.45397842 0.31161356
0.1747202 0.64100015 0.30192164
0.061631385 0.513535 0.31696618
0.10814653 0.5493998 0.2887143
0.63503104 0.23046815 0.59195894
0.5170414 0.2386707 0.539933
0.6783084 0.26654726 0.62179846
0.12974875 0.10433031 0.53115
0.8538312 0.36278626 0.6063071
0.80435586 0.33303326 0.5564669
0.17477229 0.023158263 0.28333396
0.21762906 0.01238694 0.40737095
0.2496017 0.06265071 0.35982057
