0.058795817 0.5096975 0.48111463
0.076115236 0.3757071 0.44308335
0.2416622 0.49027735 0.48221877
0.09414153 0.4744893 0.48877424
0.09947629 0.49686474 0.4649909
-0.0062426887 -0.021814063 0.552899
0.15563522 0.032244004 0.45370618
0.1749668 0.05418516 0.65488327
0.0065488555 -0.018018156 0.56412715
0.033156216 0.015617203 0.55643207
-0.011847671 0.6717743 0.23080522
0.011915643 0.4026561 0.29859802
0.12007338 0.23027 0.31695262
-0.0066731013 1.0054188 0.25881916
-0.0365862 0.45051876 0.28458905
0.04716043 0.6846264 0.51421577
0.12453507 0.5097877 0.50970423
0.056974668 0.36404073 0.4816713
0.06600861 0.02864635 0.484041
0.71554035 0.27659652 0.5789141
0.14329618 0.046669178 0.52300876
0.046371643 -0.012035593 0.5552578
0.07282684 0.05081141 0.6351043
0.8321253 0.33035487 0.56870216
0.95152724 0.4260826 0.5976126
0.9209652 0.3926194 0.5510469
0.6049491 0.37723067 0.8143325
0.84671474 0.38516688 0.58667004
0.92130595 0.45883983 0.8858367
0.7742047 0.37532723 0.6940544
0.14743738 0.35435462 0.6175742
0.26293197 0.4981856 0.3052085
0.21123557 0.5181379 0.28956082
0.17416124 0.6623219 0.28474158
0.32345504 0.30109173 0.31159285
0.61134356 0.3980248 0.31253135
0.0073132105 0.5482164 0.5848718
0.11938472 0.40660363 0.56475234
0.20702833 0.49658006 0.44533017
0.18345013 0.5000062 0.44956717
0.20323135 0.443537 0.5905196
0.16633253 0.55548346 0.56101316
0.116238534 0.84352845 0.49517703
0.09076208 0.76776016 0.45684898
0.79330075 0.80865455 0.36721772
0.43372807 0.71668327 0.37405422
0.60194004 0.70549726 0.28067377
0.52249587 0.6845522 0.2814722
0.7917099 0.82961786 0.29043093
0.69789004 0.75288373 0.27941588
0.034133706 0.0075602084 0.49689957
0.5057648 0.1947173 0.5795678
0.13665287 0.09860083 0.5521767
0.073640406 0.016270317 0.52559584
0.17473817 0.060315236 0.5384292
0.08491328 0.037767407 0.54154915
0.087362535 0.031365003 0.50777733
0.066216454 0.8803655 0.19388916
0.046718407 0.7893251 0.21036518
0.11766143 0.8065771 0.21938258
0.12644394 0.70938283 0.21919358
0.132034 0.89028364 0.21277457
0.67078245 0.44413012 0.68179727
0.6986661 0.5018461 0.6975267
0.9321839 0.58562976 0.6630056
0.70673335 0.54107726 0.68627
0.7277976 0.58019453 0.65510404
0.81688994 0.6916207 0.7636808
0.37939137 0.19796628 0.45325765
0.39287528 0.27884865 0.57963526
0.09362799 0.3043907 0.30748647
0.6537005 0.44821 0.40587556
0.42376965 0.45957696 0.45202553
0.3067017 0.35400227 0.31853652
0.34463 0.41156858 0.33895892
0.24135894 0.5429696 0.67777395
0.28283927 0.53951585 0.53935355
0.39160556 0.49185503 0.6311758
0.6239755 0.6479856 0.58699214
0.62847936 0.67596877 0.63699174
0.7219213 0.59523857 0.49109453
0.39345145 0.5508502 0.53879464
0.1883816 0.4826653 0.5045796
0.17913908 0.441631 0.471808
0.29877856 0.45416164 0.29099944
0.2518225 0.45020264 0.34219772
0.29778996 0.5151308 0.35275027
0.35302156 0.47591168 0.25265664
0.567334 0.7624808 0.25089905
0.72870195 0.8099803 0.23318487
0.76426935 0.855978 0.24673796
0.33856976 0.649589 0.51298004
0.29721165 0.54726017 0.5051196
0.21704374 0.07415429 0.5899173
0.16695262 0.057452716 0.5072871
0.18047105 0.02230711 0.53294414
0.16401625 0.016470991 0.5318713
0.14691058 0.017345943 0.73793375
-0.04217958 0.020997383 0.758438
0.8677128 0.39920866 0.6918389
0.032762427 -0.02914261 0.5695255
0.39838672 0.1382015 0.5853148
0.13291395 0.16729897 0.6168936
1.0266354 0.44383648 0.6087225
0.9295129 0.40608227 0.55609053
0.5459935 0.38263685 0.5895382
0.8068733 0.31852847 0.77457607
0.86246574 0.41542032 0.56589466
0.09846434 0.60054326 0.26358083
0.081255086 0.7771398 0.25692284
0.07381779 0.9578493 0.20341964
0.11256374 0.59660697 0.19608119
0.10016844 0.46699655 0.31109783
0.20504014 0.6158931 0.22213355
0.51420236 0.49898374 0.51214266
0.56834006 0.5315487 0.47295484
0.60849196 0.5998781 0.51895994
0.5727545 0.59345675 0.5187511
0.8286039 0.5941653 0.6033697
0.7402103 0.44872487 0.55577296
0.2231366 0.2809198 0.56618345
0.5919306 0.19544709 0.492449
0.01565696 -0.010982454 0.44957098
-0.043185767 -0.048978277 0.4072775
0.23982635 0.08676001 0.45125937
0.40573502 0.12159131 0.4679982
0.21418147 0.065559566 0.47262272
0.16787937 0.04737588 0.49786475
0.33078364 0.11217026 0.44821697
0.85126185 0.33322042 0.5645777
0.000957828 0.27592927 0.24298531
0.16262296 0.28334484 0.21997723
0.671317 0.34852862 0.1649354
0.27115023 0.26571563 0.17555177
0.04408027 0.3177669 0.23547173
0.056102015 0.24665841 0.24637678
-0.009558197 0.66777635 0.20793062
0.648023 0.3434071 0.27197257
-0.014483567 0.4816586 0.20769082
0.047454037 0.30697063 0.2475397
0.34409088 0.1853719 0.36000973
0.05642979 0.28814247 0.6384483
0.012145262 0.2552354 0.66017824
0.038094174 0.29925105 0.5517442
0.0650543 0.034093447 0.3693178
0.041519683 0.017169211 0.22427386
0.0871292 0.02206155 0.24053785
0.1219541 0.060996547 0.34832582
-0.004303988 0.0007796064 0.573469
0.027862694 0.0218703 0.41941115
0.05242218 0.024191633 0.58053476
0.19259489 0.0660913 0.4737909
0.13308917 0.0532697 0.46005204
-0.040152986 -0.0033424199 0.43162706
0.12945473 0.4589259 0.63028383
0.051572956 0.65189266 0.6175128
0.30459273 0.44744515 0.66807437
0.17380619 0.40999112 0.6591813
0.14576003 0.53470856 0.579517
0.20792112 0.43582606 0.46145245
0.249186 0.47799557 0.5366873
0.14776231 0.4406783 0.51414466
0.36182848 0.48086178 0.62594664
0.58947325 0.41310418 0.52810407
0.48504728 0.49185926 0.6804
0.27798277 0.45782226 0.5949779
0.4722249 0.6218634 0.56798285
0.0027738698 1.1881346 0.50815034
0.5792192 0.582505 0.72102207
0.09862955 0.9831639 0.31354135
0.16812319 0.36253414 0.77948797
0.086624384 0.45870087 0.64122546
0.11797761 0.5035285 0.6612769
0.083615534 0.37343127 0.5588168
0.7495363 0.59177184 0.5139181
0.019938424 0.5281756 0.5723866
0.077747986 0.28528342 0.64398766
0.12265023 0.3358355 0.64715374
0.8286958 0.47993714 0.60089785
0.15728399 0.42494258 0.32161036
0.29591963 0.3541684 0.21385677
0.37916654 0.44974276 0.5863004
0.31558722 0.4057054 0.5509071
0.2636629 0.34220806 0.45240632
0.968148 0.4026296 0.4660829
0.98726064 0.4073654 0.48036292
0.95323294 0.3816152 0.44218913
0.9922627 0.39663953 0.44202003
0.96737033 0.39756572 0.44921574
0.9793321 0.3838687 0.4115309
0.9608309 0.39734572 0.45536077
0.93746614 0.24756858 0.4199743
0.9893689 0.43824148 0.498876
0.0048962347 0.5407698 0.8299981
0.012816396 0.84162503 0.7958608
0.050949708 0.6355512 0.8172592
0.14350212 0.37222326 0.7689543
0.0433457 0.8273126 0.80085516
0.083158806 0.49493444 0.78044206
-0.01844364 0.27052772 0.8394952
0.08232928 0.47391292 0.83142626
0.9041059 0.37140185 0.66143507
0.76518095 0.30235964 0.5781936
0.33584693 0.13293374 0.49777105
0.82641923 0.3056007 0.5745207
0.86792195 0.3456083 0.53734326
0.87878394 0.37293276 0.48635116
0.21751809 0.44224995 0.70028794
0.16840427 0.4222191 0.70864236
0.19502607 0.47805387 0.33754236
0.5046434 0.44910163 0.27633032
0.33024368 0.44409746 0.31913695
0.2255062 0.53091717 0.3195323
0.51863295 0.51981 0.26374713
0.11589819 0.41723326 0.16242884
0.116909 0.3035164 0.39015067
-0.0046265684 0.31602693 0.41211236
0.0014366582 0.3457995 0.46406376
0.3508106 0.36536402 0.4852918
0.03378714 0.412607 0.416046
-0.022971805 0.52328753 0.37730452
-0.002430316 0.32709038 0.43811676
0.05119272 0.3928957 0.45966688
0.057653606 0.53981096 0.3907268
0.66001946 0.4460277 0.4602229
0.02257685 0.31614015 0.5094194
-0.01467089 0.26789188 0.5306409
-0.029766556 0.7661529 0.4721975
0.044334423 0.97441554 0.56419355
0.0450688 1.1355306 0.52571625
0.07297709 0.29079247 0.518919
0.0699639 0.3027004 0.50375044
0.15500401 0.6820507 0.6497507
0.20111012 0.49240834 0.73122865
0.24769352 0.60378635 0.39431655
0.13519251 0.72122175 0.2996598
0.053624224 0.42419398 0.26091218
0.03818341 0.40351558 0.23398554
0.02229555 0.44800338 0.24698934
0.031193957 0.40169126 0.26524568
0.5401771 0.48605475 1.0000218
0.07218079 0.40987504 0.46621892
0.3058398 0.65337884 0.1847921
0.20759286 0.6310908 0.19106549
0.19275878 0.55362236 0.21313894
0.121592045 0.51388836 0.23886517
0.025979687 0.3655591 0.1525324
0.05103231 0.73648643 0.09604687
0.16952857 0.3313286 0.10266507
0.16498715 0.48801726 0.16293801
0.1372039 0.5172392 0.14367229
0.56062096 0.17563191 0.5118648
0.646384 0.18921903 0.4633933
0.01186816 -0.06989276 0.7689795
0.08284789 0.5241734 0.48722652
0.07085807 0.5027409 0.47886372
0.09173143 0.44718194 0.5030855
0.092045724 0.42689854 0.52687204
0.08651043 0.4941403 0.53821987
0.12825271 0.5731473 0.5224354
0.49891406 0.2550361 0.69794863
-0.047819156 0.32414824 0.93759334
0.36735666 0.1437826 0.67686
0.524117 0.30941132 0.25856167
0.5754683 0.35694158 0.2745691
0.7553601 0.40420344 0.185224
0.19350405 0.35500157 0.28665257
0.12785186 0.30498403 0.27913108
0.07557751 0.43580568 0.2349714
0.14014961 0.47273517 0.40644732
0.21940938 0.5346393 0.34866485
0.16490312 0.567589 0.35355455
0.22176126 0.64040804 0.40382937
0.2038826 0.60125196 0.2969461
0.23057902 0.61731917 0.35534155
0.19739825 0.5351654 0.5691259
0.17940193 0.57575727 0.5276569
0.09111716 0.4823736 0.31738552
0.13878442 0.57843614 0.31769854
0.07468605 0.5027051 0.34204918
0.28828824 0.26534867 0.48943415
-0.00026914477 -0.010699071 0.53530055
-0.03713308 -0.022320658 0.62895525
0.014143508 -0.028118253 0.54320073
0.09858976 0.015835352 0.6044063
-0.01551896 -0.029361166 0.57355744
-0.0485073 0.031528488 0.7194176
0.1384759 0.060201026 0.43824652
0.026983831 0.4241476 0.16521063
0.030645486 0.39757174 0.17814651
0.05456522 0.35795444 0.19567704
0.027651932 0.44290403 0.16704346
0.019039515 0.45384106 0.18772644
0.06449508 0.32041165 0.59888375
0.08543316 0.3442932 0.6424117
0.0667662 0.35017836 0.6330919
0.07952405 0.3317673 0.6191295
0.04463218 0.3607551 0.59425694
0.13653134 0.3605634 0.5384147
0.090161026 0.48875841 0.30301315
0.077004135 0.65612835 0.29108536
0.0938399 0.46080863 0.33677506
0.099717565 0.41999352 0.3639459
0.15552637 0.74618566 0.3452298
0.10624197 0.5142024 0.31363195
0.09570415 0.5332729 0.3317425
0.16000031 0.071750015 0.55432564
0.18390194 0.15703084 0.5844502
0.46364903 0.26207313 0.5895949
0.0899328 0.10360511 0.5461154
0.935377 0.4253303 0.5952468
0.92470896 0.4140436 0.58908856
0.1417612 0.05687227 0.35071647
0.12339015 0.052405648 0.42990535
0.18916371 0.09124765 0.37397107
