0.057145074 0.5170774 0.42163637
0.07572078 0.3955695 0.4491393
0.17911637 0.51134753 0.4827597
0.08731772 0.45200104 0.49460626
0.06328301 0.4994712 0.4725775
-0.02881594 0.5654492 0.24661237
-0.0052821636 0.3102026 0.2630172
0.034047056 0.18813261 0.3024835
0.033496916 0.8124494 0.26702943
0.23090574 0.446312 0.326041
0.046528332 0.45609057 0.5553245
0.12316111 0.5611621 0.53125745
0.037237454 0.41681057 0.5000829
0.6644285 0.3901807 0.76990074
0.6856241 0.33004302 0.53383183
0.3309545 0.26517254 0.7431827
0.78855836 0.36195946 0.73487407
0.59835356 0.49779528 0.5546453
0.21086451 0.53471535 0.2853927
0.19123155 0.55573124 0.30033648
0.15606168 0.6821464 0.25782278
0.71334994 0.5149291 0.4639848
1.1637064 0.47404432 0.46650067
0.0907837 0.5725557 0.5618684
0.0921853 0.41119283 0.55609065
0.18478268 0.49372512 0.4162508
0.16755429 0.4962144 0.41756463
0.18111715 0.47157645 0.5729662
0.13917468 0.5799179 0.5178305
0.094424576 0.7507281 0.4852594
0.08854568 0.7218284 0.46061403
0.8439934 0.8033166 0.36141017
0.3640436 0.6937722 0.41275507
0.5885564 0.71945614 0.32385415
0.60256314 0.6922009 0.2882103
0.8976565 0.85944134 0.3084341
0.8310469 0.78844225 0.26262423
0.06222727 0.83604103 0.21901572
0.06165035 0.763125 0.1751844
0.10471845 0.75212944 0.21740237
0.16106303 0.6490457 0.1768913
0.12061733 0.75323886 0.18480593
0.7085579 0.45649904 0.63396615
0.73353755 0.51764196 0.6989383
0.8773152 0.5531528 0.6125854
0.7553252 0.54181933 0.66613275
0.78155166 0.589675 0.6630843
0.85687333 0.7245026 0.7602299
0.3775653 0.18605205 0.47211754
0.36125755 0.25242993 0.5787271
0.023536168 0.31667864 0.2614804
0.26480234 0.33049166 0.38674504
0.3498978 0.36452508 0.45390075
0.30407345 0.3776858 0.27421266
0.32936013 0.37964267 0.28640208
0.22492135 0.589179 0.67976886
0.41273165 0.60462254 0.5313024
0.35992795 0.48721093 0.61612004
0.57349956 0.65392005 0.61230475
0.6320555 0.69266695 0.6394643
0.7419605 0.5856349 0.4941913
0.44153935 0.57571465 0.52786577
0.14989063 0.45879745 0.49694204
0.123321585 0.4482736 0.4552936
0.24408403 0.4655136 0.31393683
0.18721366 0.4587103 0.335264
0.25578675 0.47267956 0.3385856
0.42628124 0.700487 0.48946494
0.3731534 0.5693925 0.46773937
0.8071533 0.3585273 0.58614075
0.48426938 0.3232981 0.60740715
1.0681831 0.4290644 0.5419456
1.141875 0.41817528 0.604298
0.77810085 0.43058944 0.62884307
0.95132023 0.3681988 0.7699124
1.0704805 0.42859524 0.5550483
0.07296772 0.5846997 0.22844487
0.056970246 0.7468119 0.23710704
0.08506799 0.8938616 0.21613932
0.08535429 0.5443748 0.1830453
0.10919707 0.4576093 0.2218189
0.23408908 0.46596348 0.19959776
0.52473664 0.49741232 0.5016171
0.44980854 0.50199753 0.5094349
0.6084373 0.5997563 0.51186013
0.60318935 0.6126154 0.52797
0.740165 0.5388526 0.5708838
0.58299196 0.39842236 0.5488423
0.36789653 0.35662764 0.5392953
0.27929476 0.448667 0.22716984
0.5964495 0.4770831 0.20418873
1.0154501 0.4706877 0.22978383
0.88025737 0.44396317 0.24188304
0.7356178 0.51813155 0.22260517
0.53130585 0.4177615 0.2200912
0.016971037 0.62922496 0.22290275
0.29305345 0.12288362 0.27242634
-0.0022849068 0.5146907 0.19256926
0.09085854 0.36704773 0.22068226
0.11350817 0.47333193 0.6047982
0.03097079 0.70550984 0.58681226
0.27804914 0.46915245 0.64997166
0.13173799 0.30374977 0.5529516
0.12683901 0.4956138 0.5551337
0.49998447 0.4662302 0.48277792
0.37782907 0.5085669 0.44000095
0.2793128 0.49869794 0.46095327
0.3508699 0.4895094 0.54165006
0.7218219 0.45174736 0.6809104
0.3051754 0.4420944 0.65834296
0.34406763 0.48790795 0.6174423
0.43249884 0.63806325 0.5812848
0.06413095 1.1075605 0.50568956
0.40337878 0.56534296 0.7855297
0.16659218 0.87912697 0.2817706
0.09466022 0.47072464 0.68431383
0.24191537 0.5835892 0.5587142
0.086567365 0.49557352 0.619935
0.2921068 0.5499141 0.5274402
0.8066159 0.6049089 0.50579876
0.07348198 0.60635597 0.5454731
0.0035940371 0.37080985 0.58446383
0.09628218 0.36682934 0.6098937
0.95147157 0.5160563 0.5693165
0.49252403 0.56715363 0.3547278
1.0665153 0.566883 0.4900998
0.38598925 0.48153806 0.46997935
0.17723528 0.432078 0.4677208
0.18231331 0.3715428 0.38270408
-0.025116406 0.56475836 0.8463822
-0.0185441 0.8560404 0.8239903
-0.029849 0.6907918 0.82926035
0.073886625 0.33496988 0.71376854
-0.033316053 0.804956 0.84372574
-0.02880194 0.53913283 0.73892623
-0.067618825 0.3640015 0.84745365
-0.060610123 0.5927841 0.8654681
0.16620076 0.42551816 0.6545883
0.15348968 0.4341374 0.6654485
0.36434096 0.6158666 0.29854202
0.79477894 0.42071563 0.34683716
0.9031507 0.6488734 0.34904575
0.58760494 0.65160936 0.27058107
0.9103918 0.46552128 0.17656624
-0.5805189 0.118232 0.2321386
-0.024908982 0.2821381 0.42584425
0.021484442 0.31117052 0.46927384
0.017498072 0.40512985 0.42607522
-0.004661821 0.3906331 0.38044322
0.0072076954 0.51217294 0.40179497
0.036304776 0.46085495 0.396281
-0.0016887337 0.2788344 0.45362574
0.018912435 0.39038295 0.51416594
0.12900686 0.5671535 0.38706213
1.0687547 0.5346611 0.47518057
0.08535263 0.40408272 0.4543501
0.009018041 0.31312367 0.53265536
0.015122905 0.72982836 0.4723274
0.11641613 0.63987416 0.57691234
0.0631813 1.0375903 0.53104025
0.22637102 0.42921132 0.5392353
0.34721807 0.4884587 0.48853248
0.103698425 0.54145443 0.59036285
0.09347901 0.4652877 0.6352091
0.173693 0.68071735 0.39851815
0.113570265 0.7519731 0.25299662
0.20262024 0.5077477 0.23094499
0.057548933 0.4661107 0.21602061
0.15332615 0.49869967 0.20826074
0.0010013022 0.46589392 0.24686852
-0.0014984682 0.13497455 0.72354656
0.14905858 0.532306 0.40604228
0.36730403 0.62300307 0.20286573
0.17214885 0.57633185 0.22058481
0.1394141 0.5608652 0.18552929
0.054451764 0.5527109 0.15942553
0.020458527 0.32167882 0.1754503
0.0604193 0.810123 0.07169609
0.4755592 0.3440886 0.12443216
0.15561022 0.4926175 0.14422062
0.12979195 0.5248872 0.11623034
0.08311637 0.52409136 0.4361485
0.068658456 0.5105215 0.42637616
0.056531228 0.44131285 0.46880698
0.05948914 0.42211765 0.4727558
0.092322096 0.51936936 0.47386128
0.10229505 0.60109144 0.49044648
0.39774388 0.2121947 0.67518955
-0.034040682 0.33347142 0.9412983
0.45960328 0.17676765 0.7022323
0.21976754 0.36207777 0.30622745
0.09154065 0.2931667 0.28498515
0.1351984 0.33102357 0.26407516
0.15360454 0.5078019 0.37441033
0.16522133 0.55531156 0.358328
0.09660287 0.56904095 0.33277592
0.2103293 0.61656296 0.3710732
0.1447297 0.59320813 0.2967479
0.23477855 0.626025 0.32248855
0.14612792 0.5471397 0.54477525
0.12707317 0.56612146 0.52170837
0.08228897 0.54049456 0.28004307
0.22961211 0.5930404 0.304611
0.19438592 0.52306384 0.319422
0.72591555 0.43145943 0.5521401
0.057487495 0.5258563 0.12143888
0.024693519 0.44419366 0.1382119
0.03184454 0.41876668 0.17394766
0.019926395 0.47750515 0.16208285
0.0064749345 0.4725412 0.1671854
0.117329575 0.42612708 0.5180676
0.04447856 0.40462244 0.5802852
0.011269759 0.44082832 0.572437
0.044130392 0.40278447 0.5474448
0.018146213 0.4189564 0.53720826
0.08318369 0.40479004 0.53971684
0.3144211 0.53583896 0.21962997
0.05528253 0.5494025 0.29394716
0.045260746 0.4520402 0.34223732
0.13529992 0.44659466 0.30306134
0.13583916 0.6502397 0.33091798
0.0813221 0.5091532 0.3127128
0.0698666 0.5142531 0.31008992
0.062909275 0.10419778 0.5486876
0.17011526 0.1888614 0.5652684
0.649632 0.29845792 0.5933055
0.0651354 0.11661558 0.56830406
0.77757776 0.36841702 0.6026344
0.75965196 0.36053586 0.61373514
