0.031572755 0.5028592 0.43997493
0.076740615 0.41088206 0.44842267
0.22824535 0.5085107 0.49807805
0.072680525 0.44819954 0.4685883
0.074696265 0.44829923 0.46883714
0.09323434 0.008967675 0.6515015
0.16860202 0.053290732 0.58036846
0.13804036 0.06616233 0.7251647
0.07826776 -0.002603002 0.6504716
-0.019725934 -0.024811953 0.6730843
-0.031709053 0.6669777 0.23523483
-0.040053464 0.39222148 0.28774986
0.054118425 0.23946998 0.2915355
0.005892366 0.76111174 0.24867485
0.019871462 0.31079656 0.26582626
0.034157097 0.43315116 0.55412835
0.15530008 0.55844986 0.5366637
0.012103528 0.3468394 0.45862997
0.020055667 -0.024932355 0.5531826
0.11484855 0.048966136 0.5716457
0.082388386 0.030936372 0.55496716
0.0059986003 -0.059560932 0.5468687
0.030150611 0.037876204 0.5229948
0.73516667 0.29535592 0.4750648
0.7500895 0.36285228 0.5138021
0.99673545 0.36442673 0.51294607
0.8528732 0.4390469 0.83292276
0.6976311 0.29947755 0.5040563
0.44289902 0.25920394 0.7908413
0.73582757 0.38453653 0.73321754
0.054052033 0.35102108 0.6035678
0.26325667 0.5212769 0.31243223
0.18367709 0.5161627 0.30977985
0.1622923 0.69459677 0.28891635
0.23681337 0.32824278 0.33236742
0.8081666 0.43586656 0.38153398
0.020546589 0.5074571 0.51841116
0.09713712 0.39689055 0.58258307
0.1877303 0.51177967 0.41378304
0.17563121 0.5209964 0.41963685
0.17019424 0.4473586 0.5743056
0.19016093 0.5273713 0.5710259
0.08766582 0.76607174 0.4973241
0.10383901 0.70075315 0.49059692
0.7917553 0.8246988 0.36888638
0.4080371 0.7122885 0.3725512
0.5822233 0.69438004 0.30534995
0.5832988 0.68489045 0.26908892
0.8170092 0.8258138 0.28385317
0.68455637 0.7347295 0.28986895
-0.0019457936 0.008672778 0.46322602
0.0031036176 0.013204325 0.49551028
0.055668924 0.0510967 0.5515616
0.04125773 0.017392024 0.5295241
0.46956876 0.16818807 0.5948791
0.0103238 0.035971265 0.4367082
0.08555995 0.059497245 0.4965749
0.074097715 0.83378077 0.2204935
0.08706617 0.7504678 0.20173064
0.14832999 0.7055605 0.24437179
0.16514717 0.7291113 0.18131573
0.16746637 0.8120728 0.2012309
0.66670966 0.4561821 0.6870868
0.70211387 0.50522316 0.7246035
0.83830667 0.5576564 0.6901203
0.73333275 0.54730624 0.7119855
0.7138753 0.5715569 0.6607868
0.77978086 0.7138013 0.7577867
0.35555333 0.19505087 0.4764997
0.33814138 0.25356635 0.500741
0.03600513 0.27718908 0.26299834
0.49334767 0.40262058 0.371517
0.36999044 0.41867867 0.4180372
0.30505747 0.45203042 0.27436793
0.30074736 0.48704085 0.27056253
0.24729234 0.56637734 0.72173744
0.19393782 0.5649789 0.58949065
0.36062726 0.489849 0.6830903
0.5692036 0.6440919 0.6074075
0.5682316 0.67976093 0.6352447
0.4916649 0.5623001 0.5394319
0.45735312 0.57172585 0.52628446
0.12010898 0.48180524 0.48747844
0.11205965 0.4525953 0.44148743
0.3005817 0.44977808 0.27951843
0.26974845 0.47262552 0.33738434
0.31411505 0.5124153 0.33782566
0.5044327 0.51404124 0.19483936
0.69482386 0.7046782 0.23590252
0.83511746 0.7896483 0.22715001
0.9077246 0.9322368 0.21500428
0.3752748 0.67302 0.49825326
0.31189266 0.57143146 0.5112647
0.16124791 0.06683247 0.6699803
0.20071319 0.0785038 0.55495346
0.12490371 -0.014487773 0.50882334
0.08939741 -0.008313291 0.6063031
-0.010465562 0.016638994 0.76188123
0.046742026 0.036513895 0.58525157
1.0346173 0.43312785 0.63865125
-0.34550714 -0.25310934 0.5225431
0.2797565 0.093706235 0.4886729
0.075096756 0.15417671 0.56320506
1.1447476 0.47434658 0.61864287
1.0905758 0.45381764 0.55391085
0.49151048 0.37856975 0.5946392
0.7218832 0.30830467 0.747272
0.6785288 0.3529902 0.44223613
0.11481731 0.54304105 0.2576947
0.10471515 0.6995555 0.2851219
0.06501615 0.9995302 0.17332098
0.10899245 0.53607154 0.20187445
0.13064778 0.38949534 0.22632141
0.095463924 0.51502895 0.20817113
0.48606566 0.507775 0.5005064
0.5103859 0.5276463 0.48257715
0.5741155 0.5936687 0.51620704
0.5631863 0.6102891 0.5220436
0.7744976 0.5577715 0.62149674
0.7568357 0.43508998 0.48933595
0.17846803 0.28445488 0.51797736
0.6321621 0.2268678 0.48812968
0.020064939 -0.01770287 0.45061782
0.17231023 -0.027830876 0.43457973
-0.029903404 -0.02315434 0.44335157
0.17254299 0.059613805 0.49269378
0.4054822 0.12215629 0.4655181
0.006447803 -0.011841819 0.47428304
0.37939402 0.13700366 0.40339836
0.48945978 0.18341878 0.5705198
-0.012989089 0.3016418 0.21214326
0.008252844 0.31584668 0.1705117
0.69383955 0.37848243 0.18070129
0.23709738 0.25936574 0.17963415
0.13318834 0.30803168 0.19131708
0.08884923 0.23946634 0.20785081
1.5214086e-05 0.72247344 0.21278092
0.5913187 0.2498973 0.036348842
-0.015281118 0.5158036 0.19273826
0.12906359 0.3135617 0.21633326
0.30347466 0.18435913 0.47570917
0.080061376 0.25939718 0.61472857
0.034102604 0.27714157 0.61994356
0.017641231 0.26658133 0.5546514
0.069640115 -0.009428583 0.5403073
-0.44950202 -0.24551281 0.27594447
-0.6093756 -0.27625954 0.28782856
-0.12677719 -0.071776666 0.4932509
0.08484821 -0.0047693476 0.6406353
0.04967486 -0.0106436685 0.52903914
0.12936637 0.05620882 0.5241463
0.08783477 0.039459243 0.50770074
0.21321362 0.066507466 0.5121058
-0.11348915 -0.11804781 0.5747645
0.11389175 0.45797783 0.62805337
0.061095808 0.6410953 0.6187755
0.2764181 0.45209694 0.6646406
0.013463788 0.32280046 0.57409036
0.12955023 0.47166452 0.6324688
0.18255848 0.42839357 0.577323
0.160858 0.48844758 0.62379473
0.11428942 0.45593163 0.5202276
0.3387986 0.49832284 0.6280258
0.8545146 0.41545555 0.59764284
0.36281508 0.43924147 0.66496855
0.31105226 0.45082128 0.61210835
0.48990527 0.62805784 0.543988
0.03401998 1.1239219 0.49775276
0.4754773 0.56362724 0.7416225
0.06649509 1.0261635 0.28204995
0.10273641 0.39211738 0.74103695
0.023169737 0.43682465 0.6540954
0.052926525 0.4562863 0.7370323
0.04268093 0.43875554 0.5309194
0.6937189 0.6130094 0.48742726
-0.014910832 0.47042647 0.54996246
0.010546401 0.2965185 0.60897756
0.1092204 0.3531704 0.6074024
0.921 0.524841 0.57587534
0.23087576 0.6055101 0.34896517
-0.013949998 0.35717252 0.42067182
0.3663306 0.4547911 0.56780744
0.26996237 0.43268558 0.4992679
0.2166286 0.34334788 0.41014776
1.0143617 0.40824094 0.51703364
0.9448199 0.3798633 0.4015838
0.9196845 0.36815163 0.39165506
1.0276843 0.4143945 0.5102693
1.0032084 0.4010539 0.5166782
1.0093633 0.41790763 0.45563918
1.0318637 0.41811165 0.52695435
0.907073 0.32684377 0.59525967
1.018601 0.43760505 0.41720638
0.011809412 0.37957957 0.7710314
-0.021024384 0.8258493 0.77116334
-0.0028861016 0.48548788 0.8162707
0.11254591 0.36932278 0.7766131
-0.00843399 0.7886722 0.7931155
0.0079212785 0.4014953 0.7132444
-0.009424463 0.2560814 0.77391946
0.026944458 0.3920758 0.79823023
1.0097677 0.4083614 0.6374838
0.8793509 0.37575206 0.5825719
0.31545353 0.124610454 0.54989606
0.8959439 0.33689514 0.5763575
0.92182386 0.34360996 0.55774176
0.8590808 0.33611614 0.49874198
0.2066737 0.45445937 0.70534295
0.17506903 0.4282554 0.68795913
0.19148022 0.5112518 0.2924483
0.8757676 0.5555441 0.20483452
0.16870952 0.46826282 0.3322382
0.18245478 0.5010829 0.22513986
0.9696002 0.60429466 0.26778466
0.25415683 0.46501547 0.16917273
0.13151601 0.33721736 0.40618622
-0.033859372 0.31465027 0.4237327
-0.015248343 0.36446255 0.3852141
0.028858371 0.48240206 0.38399133
0.034494653 0.42230862 0.41828907
-0.017554551 0.37183788 0.3879228
-0.019254148 0.31661427 0.4611663
-0.010267548 0.39722124 0.47790122
0.018028766 0.443346 0.3669131
1.1790134 0.674366 0.45934117
0.012452796 0.35184422 0.47414207
-0.029836804 0.27944165 0.52064115
-0.007086344 0.7570483 0.45126855
0.047711905 0.8471005 0.44686282
0.0099581 1.1430603 0.5127021
-0.059132397 0.27561858 0.4954849
-0.005625427 0.28665546 0.45108992
0.12349126 0.5728802 0.606548
0.14041299 0.47189996 0.66063327
0.1912883 0.5800315 0.3763689
0.1606564 0.60609895 0.32327655
0.030586723 0.37866107 0.22748908
0.05736743 0.42796478 0.20608458
0.025593515 0.40180364 0.21492243
0.028330352 0.40099746 0.24188086
1.160294 0.72193277 0.7777245
-0.0092983395 0.42511278 0.41715267
0.3687472 0.6260381 0.20435676
0.15439232 0.58744764 0.21523796
0.15131459 0.5418875 0.20813394
0.10264664 0.5127993 0.18893456
0.04581149 0.4474548 0.12669836
0.050584458 0.72692156 0.08443771
0.07009488 0.38217363 0.13257259
0.14892067 0.48938152 0.1355613
0.14799617 0.5070661 0.123596385
0.43480197 0.11872949 0.52994025
0.9533689 0.30324727 0.49782646
0.6014384 0.08837371 0.5897976
0.034630418 0.5013938 0.44854194
0.0032898039 0.47994217 0.4506434
0.026773065 0.44915006 0.47989485
0.02678521 0.43722627 0.48206514
-0.027370244 0.46658656 0.47877598
0.081827335 0.67030746 0.5088216
0.38535967 0.202072 0.69700605
-0.042100593 0.27838877 0.90012693
0.32703105 0.13646519 0.7284377
0.8025662 0.36811072 0.1864248
0.82889223 0.37243262 0.225086
0.030018277 0.2656106 0.14041474
0.17137241 0.3725071 0.30907792
0.11462947 0.3285221 0.28885293
0.13266055 0.3865169 0.2653951
0.02038157 0.4643605 0.3644135
0.13710812 0.53218126 0.36470896
0.113849744 0.49773315 0.33779675
0.19163652 0.6133584 0.38336435
0.16021982 0.5742756 0.2902671
0.21313095 0.6314373 0.3362029
0.14617401 0.5402926 0.5569568
0.141119 0.5561468 0.54482776
0.027782101 0.43496528 0.32059327
0.073497824 0.5066842 0.3393768
-0.000834316 0.41980323 0.34721786
0.010204386 0.22496977 0.55791086
-0.019812629 -0.040542 0.57253015
-0.015649915 -0.037503503 0.5982059
0.06647619 -0.037058435 0.55669284
0.086800404 -0.009826623 0.6258016
0.023344435 -0.015087776 0.5562319
-0.08130285 -0.0061310455 0.71670103
0.0008724071 -0.066935115 0.451328
0.041744046 0.44907644 0.14093128
0.06708531 0.3957378 0.16983289
0.063328154 0.40579987 0.20565245
0.038511354 0.45122758 0.1828254
0.029498186 0.40924188 0.18512917
-0.105106026 0.34620547 0.52983624
0.031564742 0.34736887 0.597389
-0.0063454583 0.34935126 0.55884314
-0.029592693 0.36137083 0.5489132
0.0011049211 0.35837403 0.5188817
0.11655343 0.39074746 0.5531994
0.04588839 0.46671632 0.27986026
0.103306085 0.5453812 0.31840378
0.07714186 0.42720497 0.3275959
-0.005294353 0.39885405 0.3373659
0.13735552 0.6473983 0.36301973
0.047639605 0.4828425 0.3205847
0.05544679 0.47950307 0.32362607
0.07977048 0.099925175 0.5343993
0.4860766 0.22403237 0.612909
0.395255 0.18400568 0.58814114
0.012559131 0.06353185 0.5746838
0.8491926 0.39589497 0.5358799
0.8897226 0.36374703 0.5741199
0.25967926 -0.018898688 0.40653062
0.30008927 -0.004458703 0.37832022
0.34244564 0.035798714 0.43073514
