0.11104131 0.5874546 0.4308095
0.13055098 0.42442432 0.45993412
0.20541915 0.5409706 0.49078453
0.10093506 0.49204016 0.47324675
0.09214012 0.52613825 0.4823084
0.16120401 0.04548661 0.6504634
0.27919525 0.08398098 0.49454504
0.3211921 0.10186356 0.77630216
0.16286695 0.034827393 0.7392279
-0.025337301 -0.012360714 0.64367545
-0.056876622 0.5820982 0.23733434
-0.042692505 0.3609502 0.2807827
0.0695192 0.28723907 0.27871627
8.250028e-05 0.7993248 0.22550504
0.2375747 0.30978936 0.26492158
0.03926928 0.59151775 0.56179166
0.1909782 0.5851453 0.5442592
0.052116297 0.44266245 0.50008184
0.047527477 0.017774127 0.55380327
0.38257056 0.13711414 0.55587506
0.082061574 0.022877011 0.6015849
0.17235208 0.014138829 0.617133
0.07217449 0.05371694 0.610034
0.6149186 0.2559604 0.5608189
0.98204684 0.42296514 0.5672314
0.9097206 0.33779344 0.5441798
0.9854929 0.48230764 0.8126544
0.6747752 0.35667673 0.5860794
0.5139836 0.2955676 0.7869906
0.8135101 0.4289125 0.7065203
0.6056918 0.44042858 0.6822964
0.13816544 0.6077037 0.26751867
0.19934583 0.5464854 0.30515856
0.15625551 0.6800327 0.28286013
0.9297507 0.40439707 0.47848958
1.1584803 0.44343433 0.43713206
0.025893666 0.5882587 0.5785306
0.06033972 0.41515365 0.5425004
0.194778 0.5081615 0.44597
0.19105068 0.5313948 0.4627775
0.1904042 0.46459988 0.61228704
0.22031385 0.551424 0.56794536
0.08115697 0.82148176 0.48586327
0.098423034 0.7530289 0.4715891
0.7447185 0.8168627 0.36148074
0.36882758 0.73797685 0.34657803
0.5493483 0.7255793 0.33496842
0.6116032 0.7374025 0.2619858
0.74703526 0.8325921 0.31469622
0.75729007 0.7941137 0.26959032
0.035633624 0.010819811 0.5271341
-0.0111164525 0.07163815 0.53926426
0.11611394 0.08228605 0.47102603
0.048533745 0.011448033 0.5834911
0.31639177 0.11359066 0.5536506
0.0029452518 0.079089105 0.48166153
0.049923714 0.04845405 0.5055044
0.062378 0.8459839 0.23200315
0.08685285 0.76166725 0.20265293
0.118766025 0.7885484 0.22364786
0.17792025 0.68419963 0.20164925
0.13573556 0.8042789 0.21656671
0.6576856 0.43199494 0.6539577
0.684969 0.49065852 0.69824845
0.9062313 0.5958403 0.6842005
0.73221624 0.54670566 0.65375304
0.7652416 0.57328707 0.6372742
0.8266245 0.7474106 0.69805825
0.33639634 0.17306378 0.43194565
0.3099577 0.258502 0.52335954
0.064209074 0.32598037 0.30143556
0.34978366 0.3718221 0.3697681
0.35546246 0.38319448 0.42735815
0.29947886 0.3577597 0.29839945
0.31821302 0.3646103 0.30279198
0.24895668 0.55497575 0.687363
0.32520044 0.6259101 0.5856319
0.41495234 0.54861045 0.6706714
0.6095513 0.68270797 0.62838554
0.59578675 0.6771949 0.63673246
0.55882466 0.5722451 0.5077874
0.42115718 0.5728305 0.5172443
0.18495385 0.5080892 0.51877093
0.12928224 0.5214116 0.51729554
0.26479223 0.45548534 0.32513976
0.23488599 0.4654786 0.35666347
0.26817936 0.48696378 0.3560489
0.482184 0.46494114 0.2213099
0.6386925 0.7699601 0.22884423
0.79843366 0.81962764 0.21421285
0.9773806 0.9774589 0.18288863
0.3921987 0.70425147 0.49581617
0.32849613 0.6004593 0.51111877
0.25427943 0.08483158 0.6268256
0.27996635 0.105094 0.6080674
0.30654547 0.06513857 0.54705
0.30184722 0.09904034 0.6488489
0.05079382 0.018227704 0.74832356
-0.009946808 0.054024633 0.7510825
1.1150352 0.4551054 0.5778135
0.23812184 0.070669115 0.42328876
0.28060943 0.088869266 0.6344688
0.10461319 0.1782234 0.6031778
1.0216736 0.428455 0.5692335
1.0276453 0.37827694 0.6086714
1.0800016 0.49239 0.61715233
0.86288273 0.37321705 0.760892
0.99287814 0.4433754 0.5873984
0.09826554 0.5368685 0.27222693
0.06329845 0.7457506 0.28306144
0.07117539 0.8727769 0.2101385
0.10580753 0.5419858 0.19583094
0.025833309 0.42438588 0.2666761
0.19534802 0.398847 0.248331
0.47644824 0.525673 0.50463116
0.4630744 0.53643245 0.50511014
0.63036656 0.61418 0.50543815
0.6042099 0.616906 0.51077443
0.83078957 0.6053228 0.54714733
0.8314165 0.4776062 0.54678434
0.20778054 0.32810834 0.56794316
0.597244 0.22376475 0.50297767
-0.012039788 -0.018799469 0.5080343
0.67641985 0.24404234 0.46144408
0.5475477 0.2083452 0.5367913
0.7404635 0.2922227 0.4996913
0.3971981 0.1457631 0.46318614
0.12957156 0.08050887 0.50575465
0.8723772 0.35910895 0.4492755
0.22786888 0.10948255 0.552287
0.47121954 0.38923928 0.22139522
0.52668685 0.408994 0.21323115
1.1277714 0.41220164 0.2688434
0.9149228 0.38775232 0.2931632
0.75383687 0.39442375 0.2692167
0.61985976 0.33666906 0.30069566
0.0058690906 0.54849184 0.22165534
0.5166707 0.25442374 0.077580854
-0.0099905655 0.4401061 0.2282145
0.1725032 0.25088993 0.21604958
0.30052125 0.21918762 0.32486385
-0.012525454 0.26555437 0.6459472
0.070837975 0.3253528 0.6379209
0.0899296 0.2702169 0.5858757
-0.0053823963 -0.034286097 0.4834576
-0.49664146 -0.2204063 0.3249162
-0.06443026 -0.03848467 0.41039345
-0.09115898 -0.062104903 0.43734193
-0.035456 -0.042452097 0.7712672
-0.06706988 -0.05848231 0.46863818
0.25136024 0.059014596 0.52212334
0.14362146 0.023019515 0.5898652
0.29897773 0.12040574 0.5290754
-0.09044214 -0.054545604 0.62799716
0.1374141 0.50580174 0.6270209
0.04664623 0.7118382 0.5849427
0.26293114 0.4647771 0.6688187
0.16258433 0.51739013 0.6036529
0.14776543 0.58383626 0.59931165
0.40256587 0.5284576 0.5919429
0.38669005 0.57269293 0.5944384
0.30612364 0.558502 0.5516793
0.3210336 0.5071525 0.59526044
0.7015799 0.44353196 0.53892404
0.3590253 0.49246457 0.6875262
0.26161206 0.4995599 0.6170975
0.40198126 0.62624305 0.5516347
0.031306617 1.1445669 0.535432
0.50623906 0.60217416 0.70621675
0.03506864 1.0047646 0.2960987
0.18632135 0.4853979 0.7750534
0.33575267 0.49500588 0.5849895
0.24747548 0.49345842 0.6106963
0.22975132 0.51031035 0.56494105
0.69233847 0.618849 0.5334181
0.16904175 0.49317995 0.53454554
0.065529376 0.36093065 0.600115
0.13774243 0.38309166 0.6515882
0.8677447 0.5112298 0.590795
0.36851642 0.5467405 0.41932943
0.2080915 0.6657544 0.3434486
0.40433007 0.5123842 0.5176127
0.2722583 0.42338318 0.49742824
0.18866906 0.35306582 0.41553825
0.98433614 0.3897576 0.47996926
0.9873922 0.3946353 0.46387613
0.96777785 0.38888672 0.4074266
1.0243186 0.38729215 0.47839
1.0094547 0.39046457 0.4676837
0.9556855 0.3717558 0.37692946
1.0204822 0.39692003 0.48263586
0.80483806 0.1456374 0.32989526
1.0970844 0.4487679 0.48686144
0.012590025 0.52943414 0.78649586
0.019184042 0.75729716 0.80461806
0.024102017 0.6173665 0.77547455
0.08242835 0.40264848 0.7729187
0.03416117 0.67733365 0.81475693
0.04527154 0.5405539 0.80969083
-0.013796926 0.3793729 0.8409059
0.017411817 0.5709892 0.83963645
0.98457927 0.40201604 0.71121824
0.5465923 0.2216703 0.5711498
0.7318518 0.32544583 0.52850145
0.8370935 0.33675382 0.6272141
0.87808645 0.3414087 0.57230806
0.8679087 0.3530823 0.5968982
0.2504405 0.49807534 0.6852772
0.19228262 0.4427422 0.67608446
0.33084586 0.41577336 0.2923689
0.86963177 0.4982955 0.38057965
0.5053518 0.45027784 0.31941408
0.31469896 0.53454643 0.30630815
0.697404 0.43365273 0.33421907
-0.18439898 0.41280922 0.26689705
0.1361048 0.3142663 0.39158884
0.07224819 0.3251907 0.4283116
-0.04081338 0.399394 0.4204052
0.08025004 0.39207378 0.42531317
0.018472373 0.5015962 0.38391402
-0.028825603 0.41438714 0.38552517
-0.014207102 0.32888222 0.44893593
0.08239134 0.40019783 0.51789016
0.26602703 0.50841004 0.39469856
0.52221215 0.4497274 0.46629834
0.0031120777 0.34720984 0.47417268
0.00048146397 0.28276718 0.570766
0.009438507 0.7030862 0.4720556
0.11269303 0.785737 0.63907576
0.057204574 1.0418625 0.51424915
0.1946407 0.3830528 0.5068017
0.38611388 0.42220148 0.49578843
0.14939822 0.72474456 0.56783557
0.22289959 0.57174474 0.67054415
0.22307682 0.6280452 0.41951877
0.14500257 0.62830454 0.31509548
0.22702825 0.5139093 0.20563108
0.066822305 0.51269525 0.21906887
0.18855512 0.45674023 0.19102341
0.12296265 0.46153486 0.24029513
1.0512943 0.51327413 1.3839613
0.1643166 0.5555304 0.4168554
0.35518822 0.6236538 0.1938204
0.16824795 0.58705777 0.1756182
0.16693413 0.52721965 0.18358225
0.08863679 0.5526838 0.22535004
0.032911316 0.35642937 0.09857629
0.11672262 0.738661 0.07633728
0.25916344 0.36987028 0.12290413
0.19189852 0.49877888 0.16281316
0.15991819 0.4967194 0.13047598
0.5951112 0.2067835 0.505074
0.7506355 0.22330776 0.42816228
0.29367775 -0.07509742 0.5844785
0.092728615 0.58057374 0.48577428
0.10934727 0.59335524 0.4686153
0.1067667 0.50575185 0.48968264
0.11959379 0.48766354 0.49505717
0.15251958 0.6332888 0.51448476
0.19807532 0.6627235 0.524817
0.39058495 0.193811 0.72047067
-0.059243724 0.30768618 0.9016879
0.47939232 0.20739457 0.6747891
0.8739399 0.368547 0.25024414
0.94837785 0.35896114 0.3184619
0.5870605 0.42115852 0.24853128
0.19449094 0.36386284 0.29350996
0.1188914 0.2816213 0.29173622
0.15073031 0.33819637 0.29160425
0.12403149 0.5125545 0.3636788
0.20294124 0.5498471 0.34546676
0.21701315 0.6071722 0.29099995
0.19976231 0.59477323 0.40501422
0.11326876 0.67840475 0.29757968
0.21417469 0.6034922 0.34837282
0.19334623 0.61132693 0.5656839
0.17360204 0.5868335 0.5452639
0.104991995 0.56784195 0.29996097
0.33112642 0.642737 0.31772566
0.093260914 0.5816713 0.3058798
0.33618397 0.28568706 0.56395364
-0.00033867732 -0.017837122 0.57881725
-0.030041836 -0.02677907 0.5839962
0.029128015 -0.03759762 0.60416913
0.08747393 -0.018560238 0.67161006
0.14200056 0.039137114 0.6416842
0.008182205 0.071111284 0.6766799
-0.07037573 -0.05941736 0.4926692
0.029979628 0.3974557 0.15665701
0.03142114 0.41915897 0.17970905
0.034522295 0.36464322 0.19511288
0.03488304 0.41802302 0.1586985
0.06436373 0.44051257 0.1756839
0.13482063 0.44762957 0.5505919
0.113886416 0.4627771 0.6086066
0.10372608 0.47790515 0.59201807
0.10521984 0.4720479 0.5771538
0.09442021 0.47474283 0.5443166
0.15603784 0.44824037 0.55520827
0.22700292 0.60848445 0.2658648
0.078894325 0.61436087 0.31326658
0.09899439 0.47774184 0.3136785
0.06505349 0.45871958 0.34152046
0.15782374 0.68759155 0.3317287
0.122098915 0.58313674 0.31844506
0.109526664 0.5997358 0.30111703
0.40124497 0.17301518 0.6030909
0.4775296 0.24757016 0.6386245
0.6774726 0.304934 0.6512714
0.47548085 0.25402537 0.5818745
0.87994814 0.39698097 0.64315355
0.646951 0.3170026 0.58191425
0.08500016 -0.038653225 0.28257763
-0.061759435 -0.10594546 0.3564087
0.1823687 0.013613194 0.3431353
