0.067724615 0.6120046 0.42730585
0.07720081 0.43285993 0.46987957
0.20549652 0.5437198 0.50122947
0.072464295 0.5206596 0.4741148
0.09584193 0.45680374 0.50248814
-0.019443601 0.65948826 0.18789706
0.005353786 0.31785083 0.24182197
0.058275227 0.24656859 0.28943592
0.005589314 0.6948946 0.24033697
0.11150295 0.33845478 0.25685048
0.029480055 0.55939454 0.5413847
0.1902509 0.5202396 0.5593331
0.060223453 0.375354 0.46131405
0.7327659 0.40940472 0.8398299
0.88348216 0.3802376 0.6107379
0.45986256 0.27347335 0.74761605
0.7507312 0.39051947 0.69444156
0.18853739 0.36828288 0.5615897
0.2444048 0.50248235 0.31741843
0.19412404 0.54970384 0.2850904
0.15967517 0.6745438 0.28029558
0.14920357 0.2817098 0.43994865
0.3585601 0.18884476 0.3540497
0.06400524 0.47609702 0.5946475
0.07925874 0.36580962 0.5615511
0.19759563 0.5030085 0.41223174
0.19266647 0.50739485 0.43213722
0.20320472 0.4290068 0.5855094
0.18223304 0.5673809 0.5439571
0.10356789 0.8182563 0.50745094
0.082114294 0.7600803 0.47750074
0.82318956 0.8467594 0.41489702
0.354868 0.7696399 0.379705
0.5000254 0.721157 0.32981578
0.5231689 0.6815985 0.31397593
0.80312926 0.8441144 0.31963253
0.7208038 0.7848932 0.29772893
0.06273106 0.8887891 0.2117844
0.053642683 0.8517576 0.19239226
0.119045146 0.79927474 0.19206566
0.12184131 0.82529455 0.16577303
0.12411162 0.8726341 0.17246175
0.72980076 0.4853777 0.7010553
0.73808795 0.5342684 0.7601757
0.9471131 0.5726015 0.7056632
0.7777359 0.5788153 0.72487926
0.75420815 0.56882435 0.67508197
0.8498077 0.7330989 0.77407086
0.40206987 0.2314434 0.46541515
0.41831517 0.28096944 0.5311382
0.092777975 0.29009694 0.31260914
0.30500808 0.33283526 0.38545313
0.3831826 0.41465777 0.41761225
0.32549214 0.3876835 0.30001816
0.3402214 0.4185215 0.31533384
0.24865553 0.5662083 0.69480956
0.292485 0.55935943 0.60359
0.33347297 0.505061 0.68435895
0.68912673 0.6801419 0.6083962
0.6323615 0.6946923 0.63057137
0.71911854 0.59795177 0.48322806
0.45763695 0.55486864 0.5396286
0.20044187 0.4908704 0.48817673
0.14424244 0.48126444 0.48128554
0.2871509 0.46689716 0.29037264
0.27187178 0.4883843 0.3113792
0.3007584 0.4950887 0.32834727
0.3834141 0.594729 0.52155805
0.34301734 0.49126163 0.48733327
0.80004984 0.33455712 0.5615011
0.83536434 0.37397304 0.6061671
1.1319269 0.44938865 0.61249983
1.1520253 0.4429517 0.5817373
0.7860976 0.4572473 0.6367177
0.7288527 0.30806455 0.69850314
0.9619692 0.39284387 0.6129792
0.07214492 0.6452877 0.23380843
0.055433124 0.83644086 0.25036573
0.078915335 0.94092596 0.15389335
0.08255191 0.61543566 0.20425883
0.23377994 0.3547257 0.25471824
0.19993705 0.41886416 0.20227544
0.5244478 0.5215809 0.53202784
0.7870504 0.6550811 0.5149189
0.57582265 0.57816327 0.5385643
0.57297593 0.59333336 0.5305693
0.81759864 0.57394737 0.5943389
0.8375705 0.45847112 0.5402359
0.22496483 0.30334407 0.53335583
0.1382841 0.3020394 0.19809699
0.24935097 0.27209792 0.17155164
0.31700024 0.29566053 0.17047504
0.405904 0.3193683 0.23588578
0.29905602 0.32292435 0.17399548
0.14742975 0.2855121 0.2228544
0.0067600086 0.57339317 0.22299062
0.19279656 0.07958598 0.07558394
0.028095715 0.48008898 0.16454285
0.99821347 0.49832094 0.24258426
0.113897696 0.50573087 0.6013863
0.041361265 0.6215486 0.61568916
0.25600204 0.43318465 0.66918015
0.09477716 0.4475797 0.6261897
0.11304597 0.4823562 0.6634456
0.2850265 0.356047 0.64075613
0.22290492 0.51908004 0.63491833
0.2735564 0.40311942 0.5781714
0.3305418 0.40305632 0.5943842
0.88648933 0.45546684 0.66714525
0.2723453 0.45022863 0.68036866
0.31822932 0.45496184 0.61752844
0.4945195 0.6244076 0.5695795
0.0478566 1.0760309 0.52982855
0.5496179 0.5831943 0.776947
0.09942498 0.8956987 0.3231454
0.15876225 0.45867637 0.73027194
0.06574535 0.39082658 0.69824743
0.09783502 0.4085262 0.72886074
0.07460137 0.40603358 0.58722913
0.7060979 0.5288931 0.571499
0.047840282 0.4832953 0.56429416
0.039448954 0.3009062 0.62041223
0.050568175 0.36589238 0.6169518
0.9189464 0.4996406 0.6068286
0.15620717 0.35348144 0.30590135
0.23207182 0.28649816 0.18366353
0.3812446 0.43319562 0.5653479
0.28192434 0.3993206 0.5050737
0.2464349 0.31180602 0.43971142
0.030292436 0.46667823 0.7957169
-0.004007384 0.8202468 0.7861031
0.047993205 0.68287176 0.79743075
0.15501514 0.35168537 0.8255887
0.032545246 0.8647538 0.7678236
0.047004156 0.50620174 0.7611047
0.032291688 0.32792202 0.9265611
0.045903407 0.56438607 0.8181064
0.18444097 0.46167448 0.72952473
0.17050287 0.42678407 0.7007499
0.111202486 0.42106134 0.32723254
0.0037211254 0.26804942 0.24691287
0.46731985 0.4619321 0.33794034
0.028779063 0.4052513 0.20396039
0.3505984 0.39507422 0.19025971
-0.028183848 0.33962128 0.09716858
0.12225708 0.2781766 0.39141288
0.026201565 0.34269315 0.4425397
0.02146351 0.34308043 0.42890853
0.060820483 0.42391956 0.4412305
0.0090497285 0.49279353 0.4067633
0.009030383 0.47572598 0.37442046
0.024586633 0.27183956 0.4471926
0.10124762 0.38066033 0.4742487
0.15852183 0.48230857 0.29548782
1.2067438 0.571841 0.43716785
-0.0061464086 0.40925744 0.47956938
-0.01973249 0.28423414 0.52801144
0.0067400187 0.72410816 0.48473185
0.11645828 0.82199633 0.55627155
0.049696542 1.1439383 0.54514575
0.028045528 0.30886456 0.5048342
0.017820105 0.34918743 0.44452462
0.14222628 0.65111667 0.6497514
0.15572962 0.51373047 0.6445613
0.19905078 0.5853986 0.40600672
0.14265513 0.68483526 0.26374987
0.094994195 0.50659406 0.20160252
0.06317059 0.5303153 0.18133102
0.07233446 0.49009523 0.20184973
0.040637664 0.46767214 0.2265578
0.5484069 0.24629417 0.5692879
0.116991416 0.44054562 0.40936053
0.29528454 0.66837674 0.17764808
0.17490068 0.62043804 0.18300754
0.12271636 0.5188234 0.16832355
0.09795994 0.63569707 0.14287727
0.052115947 0.5052295 0.11013512
0.08907419 0.829051 0.061334364
0.11309777 0.3952541 0.083158106
0.16797325 0.49567553 0.16334946
0.16180825 0.51058334 0.13201958
0.0674124 0.65370494 0.4630512
0.053472377 0.62326014 0.44606796
0.09963893 0.49748436 0.49704805
0.09758385 0.4852044 0.4868332
0.07602977 0.64661425 0.51306343
0.10511262 0.6553853 0.52017194
0.4359791 0.22764072 0.72608113
-0.03793922 0.27266127 0.92816615
0.49782133 0.1824162 0.75369275
0.15610725 0.3651537 0.29153493
0.061158977 0.31287208 0.25449038
0.12952831 0.38083142 0.25848368
0.14711356 0.49467036 0.34088904
0.19185022 0.5396459 0.34052515
0.1365731 0.6026032 0.30648607
0.21887204 0.6213103 0.38430572
0.12840396 0.61992884 0.29191193
0.20387062 0.6197785 0.32826757
0.18077195 0.56893235 0.55046415
0.15577832 0.5571817 0.56009126
0.057289198 0.57577795 0.27407333
0.13201657 0.6528196 0.29939055
0.047445044 0.5495187 0.30271214
0.2403982 0.24962837 0.5729258
0.10389334 0.42588744 0.104589194
0.049125344 0.45495215 0.14852367
0.05836401 0.4243571 0.18406181
0.042734407 0.48678502 0.16442013
0.05808264 0.4671286 0.15766847
0.029540583 0.41898742 0.5599507
0.08781195 0.40247485 0.60919
0.0911385 0.4520521 0.5867801
0.07248139 0.41384745 0.5839464
0.072558545 0.49569276 0.52127934
0.101521105 0.46608722 0.5578234
0.13041583 0.5328169 0.25100747
0.07965206 0.5956992 0.29045725
0.07617237 0.50505924 0.30758995
0.092350125 0.45994958 0.32092157
0.14296962 0.69444966 0.3627778
0.082482874 0.56242204 0.27922568
0.06805823 0.5847991 0.28659317
0.20891225 0.10934332 0.5831833
0.14574477 0.1440318 0.5545081
0.4090705 0.21139908 0.6250566
0.050714195 0.073684245 0.54703546
0.88372916 0.39371696 0.62365127
0.8714412 0.3659957 0.61932576
