0.10675099 0.5471712 0.4528726
0.15385295 0.4520007 0.49282417
0.2241554 0.5234681 0.50326747
0.0873086 0.48284006 0.4568847
0.104484506 0.49757928 0.45670947
-0.03373243 0.6374507 0.2158727
0.038348913 0.23398438 0.3662985
0.042539 0.22719058 0.2952468
-0.00665763 0.80598676 0.26854995
0.062722795 0.34495515 0.29974827
0.053525485 0.6272728 0.543486
0.15623069 0.52130455 0.52887034
0.11342126 0.3816499 0.49535626
0.99674517 0.46082395 0.82837665
0.79167557 0.35418957 0.59843886
0.4031308 0.29907018 0.7350383
0.8072944 0.37597412 0.72696173
0.1093632 0.415906 0.609267
0.21321544 0.57121044 0.28616884
0.18520878 0.52757347 0.31912208
0.15152568 0.6745391 0.27957812
0.1951397 0.24315289 0.36975655
0.7569634 0.44712043 0.46797988
0.061322294 0.56911093 0.5418454
0.11114025 0.3745118 0.5736004
0.18915984 0.49893057 0.42357966
0.18455328 0.5147423 0.43937513
0.22083798 0.45781517 0.5674651
0.22019216 0.5168481 0.5560167
0.092151806 0.7504018 0.48932913
0.08212994 0.7093088 0.48631784
0.8173881 0.81046486 0.3535817
0.52434665 0.7894269 0.39493832
0.66597754 0.7776098 0.3296888
0.6438455 0.7327436 0.24708009
0.8446853 0.8604485 0.31731313
0.8489917 0.8165688 0.23355633
0.074245825 0.83666134 0.226834
0.07565168 0.7206861 0.2173127
0.121022224 0.78139627 0.22575077
0.16962042 0.7050245 0.184571
0.12766553 0.81543446 0.18380964
0.7039345 0.46789566 0.67637885
0.7428786 0.5326187 0.7322947
0.8005649 0.53741014 0.7197144
0.7708532 0.5645838 0.72190773
0.75629056 0.58693504 0.6718156
0.8290027 0.713505 0.7778771
0.34102848 0.1725931 0.47608197
0.34155786 0.27648425 0.5874151
0.05572937 0.2746073 0.32635257
0.35730794 0.35246766 0.33891097
0.4006312 0.41108584 0.4237887
0.24138838 0.4029441 0.2911882
0.30394495 0.45752603 0.32240728
0.20679447 0.58328146 0.68586385
0.35273165 0.6432356 0.5691713
0.31023473 0.5180496 0.6943215
0.7043076 0.67996967 0.6359514
0.6732426 0.7149037 0.6515887
1.0346483 0.74695885 0.49735767
0.44667125 0.57028913 0.5155509
0.19939956 0.485951 0.5168245
0.1709291 0.48371485 0.48700142
0.32125476 0.43974096 0.26440552
0.30188367 0.45179808 0.31788993
0.32065016 0.48403615 0.31093478
0.37460002 0.6680473 0.5042943
0.37063912 0.56961125 0.5211126
0.7925631 0.3088771 0.55442905
0.01371507 0.14959782 0.62117267
1.0591371 0.4417327 0.553145
1.1554432 0.47002387 0.52712286
0.7074629 0.38890472 0.60604274
0.6648837 0.31528026 0.6785263
0.8954119 0.4132421 0.4770101
0.09183223 0.5472614 0.25353518
0.072317734 0.7818907 0.25592875
0.09373085 0.93742454 0.20519277
0.13762462 0.5130221 0.2186363
0.10609769 0.44997132 0.23268369
0.14174703 0.6066262 0.19734165
0.52168244 0.51621926 0.5250787
0.7383078 0.59963965 0.48982066
0.5931393 0.59156024 0.49483427
0.6086273 0.6000656 0.5113548
0.77416676 0.5387868 0.59649247
0.93592745 0.52635354 0.56520224
0.20325592 0.2728161 0.58796585
0.016230166 0.327002 0.26442984
0.08272457 0.32074082 0.1967561
0.73421365 0.39791268 0.20895824
0.14582354 0.29582605 0.19951501
0.20140067 0.32378042 0.18368736
0.18159622 0.28412023 0.1986793
0.017818421 0.56809616 0.20630205
0.76028204 0.38764802 0.29482102
0.02602464 0.4304343 0.19301698
0.10307421 0.34560224 0.19209196
0.11158885 0.50910115 0.6333796
0.02982705 0.8142654 0.60295105
0.30914193 0.46468216 0.67118144
0.072344616 0.44227338 0.67298704
0.13118103 0.50693387 0.6891489
0.2206991 0.5200275 0.69147587
0.29166168 0.6180341 0.63285476
0.24119961 0.5826774 0.5207347
0.4055997 0.5005489 0.64430165
0.84518397 0.4882747 0.57284206
0.32641426 0.49782705 0.697531
0.30967924 0.47690785 0.64487547
0.5253298 0.6672273 0.6037483
0.036507607 1.1725782 0.43999937
0.4318789 0.62038916 0.7415342
0.08867 0.9804705 0.29653746
0.12773043 0.4954437 0.75927126
0.26587734 0.4732087 0.62448454
0.16162536 0.5221634 0.7243429
0.19447905 0.54495907 0.52555954
0.4740536 0.5782001 0.46900615
0.15012595 0.42811754 0.5617563
0.03707197 0.3132833 0.606066
0.10627472 0.3911727 0.6346755
0.76748765 0.4798962 0.53960454
0.2909209 0.6399535 0.28015608
0.05126777 0.24955559 0.22113252
0.34470606 0.46161702 0.56529087
0.27893728 0.44594967 0.53358924
0.16773978 0.36861727 0.48000264
0.011369888 0.4749496 0.8179731
-0.010057777 0.66623116 0.83024085
0.029379658 0.5410224 0.8207892
0.087968744 0.426551 0.82426083
0.013856292 0.5953627 0.8156725
0.025296718 0.51243544 0.8063086
0.0010323003 0.26299924 0.78876346
0.008149505 0.4484232 0.8906084
0.19858441 0.5141003 0.7171407
0.15564182 0.47181278 0.72247654
0.27087605 0.50441873 0.26833922
0.29201737 0.42463803 0.18004648
0.09757365 0.46962053 0.39188042
0.1008758 0.49490014 0.20191112
0.71838915 0.5123192 0.2665747
-0.35984874 0.2379759 0.15597749
0.11113794 0.30166858 0.38017705
0.07005769 0.29673344 0.42169118
0.1409666 0.32189524 0.3749698
0.11517764 0.31472734 0.40368494
0.04298988 0.3941018 0.4078336
0.030471332 0.40229633 0.412958
0.060544953 0.24727365 0.45447788
0.12038101 0.39046985 0.5178691
0.06627647 0.48337466 0.33541378
1.0186303 0.63764125 0.41530094
0.0150028765 0.40122753 0.50569236
0.0040616617 0.28119797 0.531847
0.014744826 0.63035893 0.49153754
0.19347191 0.54909927 0.556478
0.0140098855 1.112556 0.52073944
0.030565195 0.30735293 0.51194036
0.17101341 0.3173426 0.44070587
0.11513856 0.61900955 0.6908725
0.1494223 0.5470292 0.7283883
0.21913794 0.63525516 0.37037188
0.17833468 0.6099177 0.27784967
0.09003626 0.4559428 0.22476873
0.09785978 0.4419145 0.21024172
0.06189257 0.47368592 0.20734337
0.04600799 0.46719444 0.22950691
1.4723501 0.8468083 1.2151953
0.08647778 0.45353794 0.41443864
0.33102375 0.6353072 0.1785864
0.17816031 0.5920328 0.19875656
0.17106211 0.5953008 0.17083685
0.16773042 0.54059124 0.1868276
0.026968502 0.538665 0.0693384
0.04742372 0.8417122 0.07096516
0.19607311 0.39694342 0.0820284
0.20136559 0.48934114 0.13433568
0.21470016 0.49942794 0.11525318
0.09863698 0.603299 0.4808775
0.10681219 0.5919094 0.487653
0.12323605 0.5173833 0.52051055
0.13130823 0.49303263 0.5110135
0.09996418 0.57421887 0.50563043
0.12281106 0.72528386 0.5256078
0.41613784 0.20010194 0.72629476
-0.002844736 0.30598795 0.8882866
0.47942272 0.19784048 0.71148765
0.15273589 0.34771457 0.29933172
0.1417932 0.29064327 0.2655676
0.159776 0.352512 0.27252814
0.116454154 0.5512348 0.35524023
0.16596833 0.5782355 0.34318325
0.16377997 0.5804132 0.31562558
0.22102836 0.6249605 0.36928335
0.17419833 0.58798105 0.29411194
0.20821819 0.6337704 0.32305148
0.17975594 0.5907654 0.55566627
0.1431772 0.5514051 0.5023861
0.09442852 0.47786236 0.29155332
0.15264195 0.5395163 0.3077089
0.09132632 0.4721927 0.33864436
0.10298428 0.20757419 0.5876083
0.04149299 0.44298148 0.11251845
0.053011466 0.40434873 0.16994154
0.06393492 0.40259457 0.18099543
0.06241803 0.4311487 0.1456258
0.058997955 0.4199541 0.16174313
0.10366263 0.41886213 0.584963
0.08912432 0.43034914 0.619195
0.06866115 0.3909225 0.59863454
0.083476685 0.42566723 0.618179
0.07237165 0.42814896 0.54669756
0.14480156 0.47418067 0.5697745
0.11542492 0.49817246 0.28333735
0.107667774 0.51115185 0.30622062
0.11489389 0.48918995 0.31985596
0.10736432 0.45747882 0.3273035
0.16590193 0.6382566 0.336478
0.12913273 0.4888463 0.30709562
0.116118714 0.5099815 0.31643608
0.27423123 0.14514266 0.62095225
0.64012605 0.32254773 0.5990629
0.616821 0.2761692 0.6163776
0.13992569 0.13239264 0.59052163
0.85624254 0.38411027 0.54640526
0.77388084 0.33678058 0.5661239
