0.04518961 0.5647035 0.43066734
0.08333697 0.3824615 0.4532489
0.1524652 0.55644125 0.50548244
0.094213784 0.49387926 0.47049814
0.097670525 0.49852747 0.48379132
-0.014561556 0.5284385 0.24213997
-0.004800223 0.2438068 0.28060806
0.05944059 0.22434118 0.32549876
0.014674924 0.8109884 0.2835547
0.043596312 0.50981176 0.28724355
0.03442344 0.7101208 0.548085
0.21654302 0.55727744 0.5215553
0.08641737 0.3466292 0.52086496
0.43215528 0.34031266 0.808738
0.72259426 0.35281438 0.5936734
0.45517486 0.28643382 0.79327464
0.75557804 0.37661326 0.7071501
0.09085048 0.39607513 0.67723286
0.25633237 0.53872085 0.28546873
0.17629963 0.52722645 0.2937551
0.1699346 0.6846292 0.2788448
0.103322685 0.38248456 0.5297132
0.0048733167 0.26804742 0.50806457
0.11391829 0.5077667 0.5757741
0.1086521 0.40804803 0.5732908
0.21446094 0.50252116 0.43916735
0.18098578 0.5303643 0.43653393
0.21881357 0.4457544 0.581252
0.17165536 0.5537188 0.5782208
0.064761564 0.9569315 0.48356995
0.07226618 0.8078297 0.44383028
0.7901579 0.856238 0.37123206
0.31348446 0.77392805 0.3731613
0.6221501 0.7578588 0.32525
0.62198704 0.77306104 0.20711589
0.80934376 0.86154336 0.29780677
0.78937405 0.8222329 0.2772269
0.06988493 0.8462322 0.2142025
0.08501075 0.74300814 0.1918012
0.1442362 0.7115427 0.2133314
0.18663129 0.6668489 0.20028207
0.15419923 0.81448245 0.17506602
0.6619797 0.4227324 0.70967054
0.71256965 0.5142894 0.7191509
0.7860315 0.5651122 0.67458904
0.72616524 0.52937925 0.7076603
0.7631956 0.5809125 0.6629505
0.83978504 0.72497714 0.7229141
0.33460638 0.17841755 0.43632963
0.2949385 0.23787916 0.51567465
0.02522957 0.24949883 0.3019312
0.3583763 0.34874356 0.37847653
0.39947373 0.37616032 0.42029884
0.26251504 0.33055842 0.29527956
0.30437446 0.37121302 0.2962704
0.18146472 0.6016347 0.67776304
0.3558218 0.5767998 0.547872
0.35651934 0.5016339 0.6409942
0.6583633 0.6650897 0.5997095
0.6557469 0.6874366 0.6132487
0.9591046 0.6503663 0.4822097
0.44220293 0.5511658 0.5289063
0.16686001 0.51311517 0.52454865
0.26629463 0.50181437 0.48617983
0.225075 0.45520687 0.29688486
0.1950528 0.46635133 0.33446056
0.28178683 0.5003932 0.3487884
0.43529522 0.6816025 0.5291829
0.3949131 0.5548601 0.530385
0.72406197 0.31975046 0.6120211
0.2605854 0.2198113 0.6172755
1.0878036 0.44428664 0.5804833
1.0365964 0.40017587 0.51772445
0.2171866 0.24497479 0.5835324
0.8880407 0.35891116 0.75772333
0.64616317 0.31651574 0.5125889
0.079127565 0.60884804 0.2555061
0.08946299 0.7433907 0.24331975
0.078427844 0.95208347 0.19334093
0.105602644 0.6447881 0.16542736
0.10806027 0.28453735 0.3241635
0.1912457 0.48182738 0.23183861
0.7108945 0.5905993 0.5124596
0.9687014 0.63201904 0.490813
0.62680095 0.5951316 0.51133806
0.60934955 0.60842276 0.52243793
0.70530695 0.5629376 0.61606014
0.93875986 0.5435003 0.5596799
0.3316521 0.34589505 0.55263364
0.0026221275 0.39033067 0.21500501
0.023150329 0.33726346 0.21845973
0.14947131 0.19659498 0.20214841
0.029581245 0.25020713 0.22304496
0.08745932 0.3451144 0.1703845
0.097219035 0.24632189 0.21209952
-0.009372525 0.6824044 0.2058475
0.82530457 0.39808005 0.15503785
0.01629018 0.4081548 0.18536726
0.055790007 0.312918 0.18070698
0.097468436 0.52026767 0.62769425
0.021331057 0.7395704 0.6069049
0.34273848 0.44020736 0.6469969
0.04001401 0.54121584 0.6201929
0.100638874 0.59556615 0.569932
0.27422 0.51424897 0.54256356
0.27102867 0.58214974 0.5646858
0.23771015 0.49335587 0.54678607
0.4382379 0.46726328 0.5937198
0.8645652 0.4663307 0.6573057
0.45216903 0.46957678 0.64723134
0.37184286 0.4629202 0.5815067
0.54629934 0.62830144 0.60168076
0.029664114 1.1522691 0.48288295
0.68455327 0.6097902 0.7511322
0.11118635 0.8940486 0.3122843
0.083876684 0.476583 0.6929743
0.11720582 0.49209976 0.6539275
0.043299727 0.4937458 0.69479334
0.22503331 0.44159365 0.57964486
0.59446055 0.5541988 0.55637676
0.06565802 0.53603905 0.58
0.052546505 0.32510346 0.6405088
0.10705164 0.38796067 0.6394677
0.9877977 0.55598724 0.5838794
0.31847808 0.5851594 0.24943227
0.044869836 0.33756173 0.41058043
0.39840612 0.45273763 0.56459874
0.29958045 0.44058603 0.51681405
0.16025254 0.29481333 0.47824755
-0.028825514 0.63295996 0.81072295
-0.0018904582 0.8969377 0.80560875
-0.010056451 0.8711126 0.78056633
0.051289767 0.43424386 0.8069616
-0.005347945 0.8644531 0.8188066
-0.0028920397 0.57600796 0.8206487
-0.040785097 0.34018707 0.8383676
-0.011258103 0.67362016 0.8315172
0.17371556 0.5067568 0.67711234
0.14530185 0.43686223 0.6737342
0.44754213 0.5307566 0.3313599
0.80608016 0.45032448 0.34487423
0.987948 0.60342324 0.45469
0.1526095 0.43299997 0.25383735
1.001202 0.6046176 0.34799626
-0.096633725 0.19579338 0.30154696
0.09186262 0.27910453 0.3876911
0.052061293 0.27343297 0.4170615
0.09254393 0.3503186 0.43057093
0.025836214 0.4243319 0.401961
0.03709227 0.46308917 0.41674265
0.020553656 0.42226273 0.3939073
0.08602621 0.34958923 0.44505152
0.054009333 0.35334843 0.4653029
0.026933853 0.5772375 0.39659598
1.3336245 0.6753012 0.4289541
0.0588254 0.4061097 0.4846672
0.0057807416 0.28946507 0.560321
0.006205585 0.7222919 0.47258642
0.1450479 0.78041077 0.5657298
0.03209845 1.1316228 0.5576454
0.0045520067 0.36642104 0.5887413
0.09208111 0.38487738 0.5098052
0.08756201 0.83035743 0.5928736
0.113976456 0.5310172 0.6577
0.2008304 0.6327763 0.39590913
0.11630058 0.72071815 0.2777673
0.045840085 0.47840267 0.21486461
0.06249563 0.48654342 0.20252697
0.040683985 0.48554015 0.17388922
0.030009296 0.44530588 0.23132834
0.2874957 0.32618302 0.5308095
0.06717275 0.5221483 0.419373
0.3408321 0.64013064 0.17924628
0.17870092 0.6169536 0.18512967
0.14419481 0.55845475 0.17953816
0.13147777 0.50308317 0.23923722
0.07289754 0.40986216 0.09284711
0.028671391 0.7612965 0.07743601
0.17992231 0.3969381 0.043020196
0.16456033 0.52828205 0.12963104
0.15509921 0.54761803 0.11387615
0.0971068 0.6261751 0.45497397
0.113079324 0.54941374 0.4400499
0.075804085 0.52074355 0.50562876
0.07368772 0.50571287 0.50752765
0.11348269 0.58333814 0.5059681
0.08632615 0.64861155 0.49954274
0.3995467 0.21691306 0.69518936
-0.038087986 0.3603919 0.9105468
0.41935953 0.2013924 0.6810046
0.21447825 0.34019524 0.3228697
0.15002814 0.29972935 0.29548755
0.13384657 0.33964407 0.29150212
0.1543042 0.48449385 0.3253322
0.18271945 0.5445426 0.3324867
0.13362122 0.58088374 0.2695882
0.19339111 0.60218024 0.35120684
0.14014965 0.62020385 0.28695166
0.20345828 0.627457 0.33130506
0.14645863 0.5692763 0.5713921
0.13246188 0.59775245 0.5293739
0.060069375 0.6069927 0.29166222
0.109117605 0.69843227 0.29506028
0.03878004 0.7275044 0.30394903
0.046757676 0.20242731 0.5620193
0.042746477 0.3976028 0.11139438
0.05862283 0.44541615 0.15716937
0.060148604 0.39017564 0.16053353
0.041495327 0.44141054 0.13431068
0.034756895 0.42698538 0.1381343
0.07631165 0.40670115 0.59060115
0.057116833 0.42024285 0.61770225
0.060258098 0.496306 0.62088037
0.051507767 0.4276845 0.6111404
0.042156298 0.45516008 0.57728523
0.11600062 0.45485532 0.5690676
0.07828312 0.68447924 0.24917793
0.087374955 0.68614197 0.26928926
0.08751079 0.44337416 0.30864796
0.09132394 0.44937962 0.30814216
0.13778481 0.7318558 0.32641554
0.073754676 0.56794745 0.27811372
0.072840564 0.6436546 0.2864597
0.12746146 0.10111177 0.5463494
0.5269935 0.31762356 0.57429636
0.48910725 0.2435229 0.5775541
0.19993362 0.16922049 0.5261494
0.7769757 0.39770508 0.5639788
0.5936395 0.2814195 0.56169647
