0.082418054 0.51891 0.45763725
0.09309065 0.43109542 0.43959707
0.19602378 0.5699232 0.49045372
0.07539266 0.56906694 0.4496467
0.11442348 0.4669413 0.4725682
0.082524315 0.005432822 0.6438528
0.1470479 0.021024827 0.44745564
0.17540169 0.06873767 0.74235004
0.13124683 0.040831942 0.68608254
0.024439756 -0.020979464 0.6526579
-0.025320347 0.6090006 0.21548076
-0.01896603 0.24411017 0.2759515
0.056268375 0.22493471 0.27632332
-0.014348041 0.9563052 0.27631664
0.013968501 0.49655282 0.25859764
0.11995785 0.43944067 0.5827977
0.24669105 0.539655 0.55696934
0.08264996 0.36069626 0.49408478
-0.017722499 -0.012702927 0.50411075
0.25486183 0.06976273 0.6148716
0.055862833 0.011047505 0.53082347
-0.06428519 -0.045192584 0.6130727
-0.01873232 0.018055439 0.5611175
1.0696044 0.43780482 0.5302672
0.94108236 0.35784674 0.53369755
1.1073811 0.4113024 0.46825343
0.8874035 0.39488566 0.88144636
0.9020076 0.4246865 0.629504
0.6755335 0.3476519 0.8687119
0.841314 0.39235872 0.7466334
0.27957854 0.41494483 0.6048855
0.16007094 0.5368404 0.29132545
0.194405 0.55032974 0.3075086
0.17334346 0.6819963 0.29183054
0.9128068 0.491983 0.45207423
0.8408967 0.43740648 0.3829553
0.122541845 0.53129774 0.5554082
0.09230338 0.32798046 0.62460524
0.19058754 0.5312935 0.4361052
0.17384076 0.5337873 0.4373902
0.18183815 0.45882636 0.56753165
0.16931216 0.5165182 0.5373599
0.10132633 0.69159293 0.50661844
0.07136929 0.79271346 0.4715019
0.8562021 0.8832001 0.3597954
0.45489213 0.8384269 0.35266387
0.6425544 0.8116956 0.3301583
0.58088815 0.7385839 0.2642978
0.8702192 0.90572965 0.3231749
0.8093033 0.7848201 0.27677238
-0.049615156 0.0016219132 0.53236353
0.15010215 0.050368246 0.5979772
0.0057835244 0.022606462 0.5322875
-0.008425016 -0.00019601732 0.56837827
0.47519627 0.15707007 0.56834275
0.2707995 0.098445274 0.5435832
0.035226703 0.038960792 0.6201653
0.06124438 0.86055547 0.21181308
0.041326884 0.83116454 0.16132559
0.109859794 0.76083225 0.2029622
0.14035515 0.79569143 0.13502613
0.14599581 0.8656166 0.17453174
0.7184204 0.48071867 0.6830365
0.74747694 0.5519058 0.719383
0.79203564 0.5381601 0.69636565
0.76021385 0.5772479 0.6924135
0.7664948 0.59745663 0.6338065
0.87553656 0.749582 0.7428021
0.36439648 0.18695511 0.42486542
0.3522046 0.24841155 0.5450208
0.089839965 0.24629958 0.29353362
0.48620084 0.3998322 0.3708226
0.4021843 0.44439006 0.48295176
0.28696868 0.30865514 0.30210277
0.31980738 0.33273202 0.29926214
0.21001042 0.6162953 0.6923482
0.5734012 0.6567984 0.56285906
0.46709508 0.5403354 0.6487293
0.6977271 0.6600577 0.63865334
0.69613886 0.72474384 0.63360757
0.6196684 0.59496784 0.5827904
0.45256057 0.5768332 0.5262962
0.13440701 0.497612 0.5116172
0.17840563 0.5035121 0.4854828
0.28196946 0.51081026 0.33796307
0.18436863 0.5096161 0.34600002
0.2247794 0.5010188 0.35531455
0.76320267 0.7273988 0.3148543
0.6446977 0.823265 0.21584173
0.8058841 0.845668 0.1743709
0.9065863 0.9369551 0.13556784
0.41131806 0.69501454 0.52212834
0.36532143 0.56108767 0.51706576
0.15173616 0.012154054 0.66814536
0.19222382 0.048177395 0.6413404
0.17086728 0.019542616 0.62973875
0.08938804 0.040797092 0.76977295
0.00060444325 -0.011673212 0.7687052
0.20449883 0.15146689 0.66069704
1.1949004 0.430133 0.66199213
0.5679691 0.123434134 0.4525985
0.5264176 0.17697287 0.54459894
0.70250505 0.29258472 0.5395301
1.1689425 0.44313264 0.6044252
1.286191 0.4494074 0.60820764
0.49290782 0.28743055 0.5503224
0.88018924 0.34002948 0.7369298
1.1602421 0.4157312 0.5269775
0.09381695 0.5506784 0.2616989
0.052773323 0.7629527 0.22956403
0.0845727 0.8940247 0.19462922
0.14001712 0.53928244 0.18660854
0.67571944 0.4717285 0.22709617
0.115188226 0.34841508 0.23679703
0.54858124 0.5277817 0.56783944
0.61490107 0.5505497 0.5163581
0.64079493 0.6107703 0.5248223
0.63307196 0.621559 0.52975506
0.7510176 0.5613453 0.56478125
0.8240347 0.47814536 0.60398597
0.5830527 0.35345465 0.57913125
0.62265074 0.20980418 0.4859503
-0.07194875 -0.020464018 0.44603008
0.5094822 0.16187178 0.46605176
0.12532286 0.010824345 0.45575774
0.6141636 0.207371 0.4775101
0.011686269 0.011984933 0.45224327
0.5948386 0.21435346 0.49367422
0.9603059 0.37235385 0.4468392
0.58914196 0.17520104 0.49281883
0.058714826 0.42228085 0.22031891
0.64829195 0.43000656 0.22988437
0.9530468 0.39311308 0.2827062
0.6393478 0.4113989 0.27083528
0.75979805 0.41814482 0.21336743
0.4509734 0.33865184 0.23964553
0.016922537 0.6851314 0.22476515
0.67671746 0.26089123 0.15942176
0.04014391 0.4171223 0.21628644
0.38509768 0.39361876 0.2211252
0.38585103 0.27752835 0.46282047
0.07788363 0.19258012 0.64338624
0.025694381 0.24744038 0.6433685
0.038851596 0.23106109 0.5782716
-0.020363782 -0.013724133 0.39309067
-0.0042081587 -0.13172697 0.24908628
-0.36086622 -0.24329536 0.30025244
-0.062795475 -0.059838183 0.33098412
-0.088765845 -0.037231036 0.4950317
-0.07801461 -0.06015438 0.40640932
0.1982068 0.107969314 0.555048
0.07437983 0.007646829 0.4764716
0.07844036 0.01965557 0.5425143
-0.035909127 -0.013889492 0.42236662
0.12731864 0.4795491 0.6159441
0.03446815 0.66632557 0.61646694
0.2759589 0.48520958 0.6576397
0.26582155 0.42438835 0.64984876
0.12348074 0.5331239 0.64189035
0.23595195 0.5724152 0.5921642
0.3833603 0.68292195 0.56942576
0.26807606 0.64780635 0.5383659
0.40496612 0.48962748 0.6835974
0.925125 0.505812 0.67501515
0.3950197 0.45080775 0.6545011
0.294747 0.48526663 0.6303635
0.6065538 0.6277067 0.56587404
0.071134284 1.0931516 0.52468467
0.5765322 0.55493027 0.72589844
0.09795612 1.0456799 0.29725963
0.17343591 0.45960176 0.7064815
0.57016915 0.6081623 0.6556676
0.45426095 0.56575614 0.70098436
0.32586947 0.5586383 0.53774714
0.8202168 0.65410477 0.55751145
0.2561791 0.56857055 0.52317095
0.018385213 0.27047285 0.63443404
0.060370814 0.3754102 0.6339982
0.81718576 0.49653172 0.59448564
0.44335234 0.66416615 0.3856778
1.0938035 0.5553784 0.41586477
0.3629977 0.4488467 0.56372905
0.2226374 0.4724849 0.5175616
0.1610428 0.2926196 0.48200327
1.0196555 0.41350877 0.5094114
1.0279963 0.4173121 0.43529552
0.94050395 0.37016374 0.38929254
0.9830289 0.36645722 0.48540437
0.9871533 0.3920279 0.49553275
0.9552047 0.36055106 0.40029752
1.0273528 0.4177183 0.51428664
0.77325654 0.11256768 0.36881113
0.9790603 0.35551733 0.3927946
0.005937796 0.49250513 0.79588777
-0.023506586 0.8569469 0.75771654
-0.0046493225 0.69626474 0.77332723
0.112480104 0.40957808 0.7892265
0.011113282 0.7638973 0.7749476
0.046580296 0.43313617 0.7262555
0.023403972 0.3125925 0.80909556
0.033251736 0.44512212 0.8000568
0.92292345 0.3718539 0.67842823
0.9530401 0.40162605 0.6081993
0.68617743 0.25843415 0.5503505
0.97534394 0.35947996 0.66870207
0.9488662 0.35805184 0.6388845
0.8773922 0.37428784 0.6486635
0.18001294 0.5128512 0.6829409
0.1506257 0.4460119 0.6859394
0.2582403 0.49320948 0.40312266
0.6702434 0.4495685 0.42422992
0.54137015 0.4781294 0.48978865
0.37208062 0.6234145 0.29480296
0.92616117 0.58918923 0.35111952
0.33758056 0.464202 0.4577608
0.0005395077 0.26605058 0.39776385
0.06983319 0.314573 0.3954364
0.28239354 0.39034754 0.40834528
0.31924832 0.34216845 0.42268723
0.051669326 0.41760224 0.39029878
0.04504757 0.43208522 0.39920956
0.010820288 0.26485854 0.450944
0.17576721 0.40660995 0.50048506
0.14573155 0.5405744 0.36116302
1.2486831 0.6420333 0.41592032
0.013645638 0.38936073 0.47347212
-0.0026317127 0.30216426 0.5324819
0.021121021 0.67190546 0.4747519
0.13854234 0.6677738 0.51011217
0.08116904 0.9316403 0.5212848
0.14064169 0.3634795 0.5333012
0.32080474 0.4573542 0.46621573
0.12981068 0.56321406 0.5970311
0.13118029 0.4869281 0.64319646
0.18423872 0.60237384 0.40996045
0.16453731 0.64430195 0.30233794
0.22238176 0.48504978 0.24577293
0.11996342 0.4791487 0.18013322
0.084882185 0.43221223 0.23422666
0.15382905 0.45869023 0.21094266
0.669376 0.5218838 0.7675567
0.18917386 0.43671942 0.45965517
0.31992584 0.6422849 0.18138903
0.18473381 0.61479807 0.22264051
0.1791309 0.5327259 0.20925602
0.21267678 0.545719 0.15662664
-0.025650848 0.375387 0.12225109
0.15481544 0.7629946 0.090465374
0.24806024 0.3818727 0.15594181
0.1565788 0.502151 0.16276288
0.10617322 0.5135697 0.11843565
0.6332296 0.19495629 0.50184065
0.777673 0.24025697 0.37713677
0.40568715 0.0442708 0.30411372
0.04779451 0.64123464 0.46085358
0.073482916 0.631304 0.44043493
0.07528941 0.5158804 0.50134003
0.07433377 0.519035 0.4952076
0.023684863 0.63481665 0.48604977
0.10121785 0.73911613 0.52310205
0.47411495 0.23346381 0.72285444
0.0047303177 0.35074103 0.85653275
0.31271726 0.10950218 0.7536395
1.0182875 0.39724308 0.27280867
0.8710807 0.3710165 0.30346292
1.0752771 0.4553064 0.2917409
0.21133439 0.36028963 0.3028496
0.13048856 0.2996511 0.28234148
0.15722081 0.3154356 0.2801528
0.13040411 0.54719996 0.36308157
0.16993257 0.5710818 0.33039767
0.21837772 0.5828489 0.3188088
0.20430039 0.65072376 0.3850817
0.13093099 0.52827805 0.25660002
0.22738257 0.625441 0.35103548
0.15100458 0.57426614 0.5664342
0.14645307 0.5194745 0.5294409
0.14072956 0.55259633 0.2783184
0.20507905 0.6230323 0.32094496
0.100717664 0.60951 0.31986827
0.66349775 0.3413598 0.5540447
-0.105615586 -0.06628963 0.55127305
0.0061355494 -0.025018647 0.52009165
0.023121715 -0.016507871 0.5304958
0.027724173 -0.02920036 0.62639695
0.0122328475 -0.0006499663 0.6539815
0.29173318 0.04196841 0.62336963
0.033422705 -0.04699523 0.5323294
0.07219976 0.43809807 0.12745841
0.037247803 0.44577342 0.13969222
0.05062138 0.3955608 0.16891639
0.03739992 0.4759915 0.15587245
0.057287615 0.41604835 0.16070144
0.06419967 0.4570359 0.534538
0.029600974 0.4254052 0.6128063
0.046824243 0.41007578 0.59336597
0.030897189 0.40231067 0.5998196
0.02119993 0.44755888 0.51446545
0.09824787 0.43776965 0.59185094
0.20211512 0.55613345 0.30200517
0.094247535 0.57219285 0.28218603
0.12430546 0.4665178 0.33445686
0.1429375 0.45345592 0.35921806
0.1895879 0.6975063 0.34643304
0.14100796 0.5054363 0.32558057
0.11980583 0.56343263 0.3087507
0.06474165 0.0009069368 0.4827035
0.3764938 0.19297503 0.58355105
0.45648864 0.20083912 0.5796404
0.037411958 0.048079453 0.54235864
0.8813729 0.3727802 0.6243903
0.79210955 0.32218397 0.66043526
0.18928947 -0.032841057 0.51415247
0.14634648 -0.09462297 0.647348
0.23161308 -0.019954003 0.5848855
