0.07427683 0.5261133 0.41954032
0.14603302 0.45161977 0.42977268
0.17865044 0.53430706 0.5101342
0.08455523 0.4785026 0.45715246
0.1057609 0.48901466 0.47013417
0.0132912025 0.65610045 0.21638083
0.014068481 0.3017576 0.312951
0.06540616 0.2738986 0.31312984
0.04268387 0.68966085 0.21262196
0.07217504 0.3995903 0.2750131
0.054443575 0.4913361 0.57132566
0.10538881 0.5905404 0.5251459
0.0908189 0.37691203 0.46076313
0.9955248 0.524804 0.811227
0.53144217 0.269131 0.46212402
0.4318103 0.29024428 0.7342632
0.8556372 0.41948783 0.75423
0.4145118 0.49366733 0.6970238
0.15846959 0.5746259 0.2971174
0.20393327 0.5298422 0.30514142
0.16082886 0.6555177 0.298628
0.8680498 0.5521262 0.42140508
1.3610394 0.65818053 0.4394611
0.11454665 0.5082636 0.57375073
0.04979345 0.360026 0.573982
0.22832716 0.50541055 0.43254074
0.19647697 0.53011 0.4434822
0.22843024 0.49485353 0.59887004
0.19659284 0.565434 0.55761665
0.07005625 0.89816463 0.47578198
0.07186203 0.7771977 0.47163576
0.82945806 0.85413224 0.3886275
0.48674476 0.75375795 0.38065824
0.6201281 0.73663706 0.33426216
0.60993594 0.71428466 0.30042312
0.8649949 0.8524719 0.2852988
0.75855553 0.7889032 0.2581442
0.075003356 0.8202527 0.21299514
0.06175545 0.78361666 0.19053152
0.13849083 0.72638875 0.2212412
0.1550441 0.7151078 0.17675146
0.13924676 0.85297084 0.1810744
0.71536344 0.44352844 0.68117213
0.7306301 0.51213557 0.7195567
0.99947745 0.6044518 0.6718887
0.7538504 0.54662323 0.6964923
0.75519484 0.58478504 0.6707612
0.86861104 0.75314426 0.77519494
0.39869955 0.21401197 0.4786101
0.34079334 0.24316612 0.6030928
0.035330735 0.35490847 0.2774898
0.35659757 0.3794431 0.36656022
0.3403031 0.38030618 0.44961935
0.32263878 0.3748896 0.32213444
0.31033394 0.42163897 0.3069665
0.26047415 0.6089708 0.7083738
0.39197132 0.597658 0.55471164
0.36550772 0.52304596 0.680681
0.6320345 0.64432436 0.6763214
0.624746 0.6878336 0.6735361
0.8490283 0.67057544 0.55328625
0.45058408 0.58942425 0.5372794
0.15905401 0.5032873 0.49814317
0.18058637 0.48819682 0.45844206
0.26958424 0.4656902 0.301506
0.22980297 0.47124177 0.3459606
0.2524626 0.4801125 0.33705077
0.40635774 0.71307343 0.5321555
0.35558596 0.588897 0.54297465
0.6702658 0.17728601 0.6719756
0.3073584 0.22801542 0.61925495
1.0879997 0.4433061 0.57833236
1.1245284 0.40895107 0.4872661
1.0929841 0.518715 0.56875485
0.7553038 0.2751741 0.82615876
1.181883 0.5445787 0.49295688
0.110829934 0.577328 0.26881722
0.08422218 0.7084039 0.2522594
0.09396365 0.9345159 0.20275408
0.11117466 0.53120756 0.21211246
0.53888744 0.50302106 0.24884966
0.18793717 0.41684127 0.21699369
0.52470803 0.52839243 0.5416293
0.6385468 0.56536466 0.52707607
0.6089525 0.60864264 0.49694934
0.6035055 0.62049514 0.5155334
0.78318954 0.5994084 0.6139177
0.8378982 0.5489617 0.5709487
0.19767219 0.28197315 0.55271655
0.23326796 0.40437523 0.2088964
0.5073463 0.46655756 0.19663924
1.1484907 0.53413856 0.25146264
0.70531756 0.45498657 0.22231042
0.52380806 0.4621813 0.17946899
0.5313375 0.42071724 0.21561494
-0.007451318 0.6635707 0.19000483
0.53815997 0.27851713 0.075270005
-0.0030489042 0.4778232 0.13431838
0.39102003 0.36006463 0.22004262
0.12288615 0.49341705 0.63331276
0.050113633 0.6403095 0.619105
0.3027738 0.4619645 0.6609319
0.1751576 0.37478438 0.61342
0.1200078 0.50431186 0.65187824
0.466281 0.6134327 0.5691857
0.3989406 0.6702232 0.558905
0.3318496 0.5823267 0.4879038
0.40511224 0.5320241 0.664878
0.8121471 0.47974062 0.70904434
0.41155285 0.52227205 0.6983892
0.3516942 0.4869404 0.6437781
0.464187 0.6612919 0.584177
0.04692141 1.0407153 0.46722177
0.45258364 0.58164865 0.7275342
0.10574836 0.9928002 0.29485765
0.23524824 0.5046538 0.75578105
0.4583768 0.5422508 0.55898154
0.3203976 0.52837145 0.6521306
0.27446586 0.46844774 0.48847386
0.6977771 0.56889266 0.51024884
0.24164972 0.50190604 0.5048692
0.03290948 0.2960311 0.58977306
0.11303419 0.38493907 0.6277689
0.6974367 0.47052327 0.53202045
0.29933083 0.5005528 0.2732122
0.48477578 0.52186835 0.2538174
0.42162547 0.4607549 0.54092866
0.24298435 0.393889 0.4861349
0.18133292 0.3503216 0.4774089
0.00873198 0.56222564 0.8069654
-0.0052887723 0.83882654 0.77363724
0.014502984 0.6884942 0.8091546
0.13565901 0.3956957 0.7281507
0.032498963 0.786954 0.80815935
0.055887066 0.548387 0.74186957
0.043528195 0.29724783 0.7999556
0.09552666 0.4892206 0.8243653
0.21791416 0.5272116 0.71789175
0.15655488 0.47701818 0.68956935
0.39645013 0.50892735 0.24829772
0.59254503 0.5357717 0.20655404
0.6059032 0.57450944 0.30952394
0.091726996 0.43993413 0.2723384
0.92776626 0.6823974 0.23967355
-0.41196668 0.17018253 0.03712129
0.14886737 0.26878 0.41147935
0.071410924 0.31274843 0.41762152
0.24552336 0.39368248 0.35294414
0.20849863 0.3818193 0.4114544
0.023914892 0.49047917 0.42185023
0.060908385 0.39688402 0.40151808
0.2544986 0.35379273 0.4317173
0.11673425 0.37338614 0.4504129
0.15817681 0.42121488 0.33308998
1.3254198 0.6571577 0.5621422
0.13232712 0.4024205 0.46192366
0.016693529 0.28412393 0.54271144
0.03499686 0.5860012 0.48696384
0.123349555 0.78007597 0.4870045
0.036349446 1.0838665 0.4666529
0.0915981 0.32891494 0.49268827
0.22999293 0.41844505 0.44137558
0.12409545 0.6315139 0.62804365
0.16799614 0.5123082 0.6696308
0.20412797 0.62087303 0.42151588
0.16021898 0.5978319 0.306759
0.08042528 0.45450622 0.25819436
0.094846375 0.46249697 0.22762805
0.033170298 0.45985204 0.26500782
0.024626724 0.41985357 0.26242033
1.8570741 0.928125 1.3179344
0.12222668 0.43829644 0.3891742
0.37027034 0.6380147 0.21147478
0.19761333 0.5757486 0.22819936
0.22278243 0.51667047 0.21179718
0.11123687 0.4835463 0.21868461
0.061364084 0.39855513 0.1593971
0.08339889 0.84820634 0.040785693
0.3767005 0.41212493 0.053878706
0.17347087 0.48232716 0.16589215
0.16889632 0.49465546 0.121284425
0.06434185 0.54594445 0.42628965
0.06330686 0.5144911 0.44686192
0.08565844 0.47113353 0.46561065
0.093154386 0.4716399 0.46540985
0.08807541 0.51166695 0.46487725
0.10959332 0.6283849 0.4986414
0.48442194 0.2501038 0.7246766
-0.008933745 0.33865416 0.9244528
0.28379834 0.13738748 0.7029425
0.24146906 0.3756308 0.30449802
0.10966022 0.30758452 0.30385092
0.19841069 0.3688852 0.27198914
0.13544673 0.44192225 0.37130153
0.20482126 0.5146313 0.36681843
0.13038425 0.55461615 0.32695532
0.21526378 0.6028597 0.39659747
0.1619291 0.6002614 0.28908384
0.20033073 0.61333364 0.36987406
0.17698446 0.60938066 0.5719396
0.15721397 0.5713335 0.5181372
0.07482696 0.437886 0.33835337
0.15971714 0.50266415 0.32386038
0.120924816 0.41906515 0.3329877
0.2615791 0.2841841 0.5724955
0.049256444 0.43041936 0.16047488
0.05986894 0.423546 0.17688072
0.080429375 0.39349055 0.19017504
0.032619238 0.42302626 0.16633931
0.024746481 0.4675124 0.17716782
0.07536978 0.37190026 0.5075842
0.10289865 0.39240152 0.6145309
0.09313594 0.38597858 0.6013999
0.08269946 0.36521387 0.57389086
0.0852251 0.39429063 0.49919143
0.09650408 0.44350794 0.56480116
0.11889376 0.4989101 0.2811288
0.08088726 0.6241266 0.28864157
0.112297505 0.4520931 0.3295702
0.12454401 0.43630219 0.37704942
0.16610017 0.5926834 0.39390254
0.1263166 0.46890098 0.33224797
0.09925683 0.47967613 0.3493717
0.18753928 0.08930399 0.57798326
0.121530525 0.117796525 0.5352615
0.41554222 0.21152598 0.6347211
0.09502819 0.11546754 0.55476844
0.9757852 0.4323743 0.5928321
0.817223 0.3536206 0.5739772
