0.039759774 0.5714585 0.4245208
0.07530533 0.44015905 0.46745634
0.19825824 0.55013967 0.49713582
0.0841349 0.529516 0.47085273
0.05509872 0.4985491 0.47852737
0.12593889 0.00047186017 0.51290387
0.15141529 0.02532475 0.50688225
0.1125513 0.03436156 0.6537311
0.064831406 -0.02653458 0.56948686
0.0031779967 -0.022746772 0.5315534
0.047696296 0.5816459 0.22769932
0.060127184 0.29712808 0.29311562
0.11018297 0.24461986 0.29784802
0.027627379 0.87121946 0.24408726
-0.008228704 0.4612292 0.3073322
0.04231123 0.72117084 0.5112429
0.19045754 0.61797106 0.51398635
-0.007167816 0.4134466 0.46660995
0.07006451 0.038279094 0.54123265
0.38737178 0.14993563 0.5107092
0.029242538 0.0008023679 0.57471925
0.054496527 -0.039799593 0.6710186
-0.038012132 -0.013231859 0.6246966
0.6113946 0.2596777 0.52378315
0.8431547 0.38599825 0.5201576
0.834343 0.29800364 0.54381764
0.444856 0.34594148 0.7363136
0.862462 0.37304348 0.57383025
0.35339856 0.2764367 0.7016586
0.75299525 0.38956866 0.72214395
0.14368354 0.4371766 0.619192
0.24247476 0.51675904 0.30848023
0.2113564 0.54531634 0.31481576
0.15150912 0.65552855 0.27901536
0.22619024 0.38467044 0.4072935
0.40987366 0.40583277 0.37923068
0.04654345 0.50701964 0.5734482
0.13799319 0.4164366 0.5805777
0.21613324 0.5306525 0.43291187
0.19439305 0.5263497 0.4448576
0.16277105 0.46682483 0.56778
0.15315905 0.5430828 0.5378709
0.100634925 0.88714725 0.47453272
0.105675414 0.7610367 0.4881705
0.7641186 0.8165025 0.35154533
0.33505642 0.7464342 0.36437422
0.5183884 0.7363532 0.3539636
0.5082489 0.69467366 0.2985471
0.79787904 0.84097165 0.29477534
0.6840779 0.729911 0.25729942
-0.010801032 0.00020451099 0.5193259
0.38448268 0.189172 0.5514465
0.1558213 0.10397361 0.54721475
0.031986743 0.0052597225 0.6093527
0.6715513 0.25441575 0.52035075
0.036257382 0.038364753 0.5258044
0.10421457 0.09786773 0.50754917
0.073665306 0.87436604 0.20924929
0.074060254 0.7466896 0.20827152
0.13409132 0.7294825 0.24052492
0.16107216 0.6823638 0.18373261
0.16098617 0.77058345 0.20097719
0.7113368 0.4734999 0.736079
0.753585 0.5343529 0.74373674
0.9104844 0.5744899 0.6769973
0.78731984 0.5859947 0.71457124
0.7681999 0.57874316 0.6674918
0.8521407 0.73771197 0.7782278
0.3578208 0.16946372 0.46217012
0.3283506 0.2348298 0.55053097
0.05438743 0.28837353 0.290505
0.2862361 0.30866307 0.3792898
0.3503968 0.40183526 0.43916178
0.25093365 0.4201141 0.2790603
0.30598378 0.40958425 0.27448714
0.23121579 0.5563855 0.7108812
0.40961283 0.6333744 0.54633653
0.32331288 0.5025657 0.681421
0.5798598 0.642166 0.6556353
0.5870543 0.6921845 0.66129714
0.79287046 0.66200775 0.56025064
0.44503015 0.5522365 0.5153268
0.15819173 0.5139984 0.5355315
0.15679139 0.50836736 0.51645255
0.22310664 0.48783058 0.3206622
0.21086378 0.500458 0.34241754
0.25082707 0.5346627 0.34838217
0.405303 0.5914433 0.24635504
0.5883395 0.74199075 0.21367879
0.714917 0.7322113 0.16055486
0.8706153 0.8796753 0.14220071
0.39010763 0.6501158 0.48967147
0.31861198 0.5830262 0.48687774
0.25426424 0.062805235 0.66684806
0.21708436 0.0786432 0.60797226
0.2339118 0.033465315 0.6546692
0.18804267 0.09758639 0.77088296
0.07692338 0.0057494044 0.7705326
0.77649236 0.34024966 0.6867497
0.9288016 0.39244917 0.60905
0.36998934 0.1075415 0.3255468
0.43871307 0.14984241 0.6785189
0.5819979 0.29962456 0.5905574
0.96719664 0.38387007 0.5890884
0.85081935 0.31985137 0.52147853
0.7730855 0.43385163 0.5782809
0.66600746 0.317591 0.7453332
0.74205095 0.35358638 0.4902814
0.08066387 0.61201364 0.2528407
0.0766154 0.82800096 0.23755269
0.083590224 0.9445342 0.18361858
0.106725015 0.60222894 0.19720098
0.0931207 0.3946064 0.21538867
0.08448369 0.58049065 0.18640798
0.49689794 0.52232975 0.58042353
0.7018323 0.55171275 0.4926383
0.6117292 0.60521495 0.5340889
0.5897479 0.6014088 0.53860235
0.72427523 0.5263673 0.5547439
0.749862 0.4488653 0.57947284
0.2544967 0.31912374 0.6017137
0.4877619 0.17933472 0.48821235
-0.0578062 -0.040455893 0.4762199
0.099458516 -0.0049734116 0.4703588
0.40150493 0.13593781 0.4855225
0.78587383 0.29772413 0.4794057
0.57921094 0.22047506 0.48202544
0.2676363 0.10582709 0.5215787
0.8835748 0.3312341 0.45636696
0.8451176 0.3091238 0.58128643
-0.034361623 0.3492729 0.2227214
-0.013210282 0.34032696 0.20777965
0.5321828 0.4305017 0.18575564
0.19480692 0.34611267 0.20882243
0.04580029 0.41342273 0.19725165
-0.050546438 0.3062917 0.23696782
-0.0028115958 0.63635486 0.20763843
0.6830035 0.38341123 0.1788735
-0.027935043 0.5706106 0.17457896
0.039586175 0.35500243 0.21951516
0.32387894 0.17677087 0.38507164
0.07211548 0.2670919 0.6484206
-0.023670472 0.25688744 0.6336714
0.062061116 0.28186357 0.55433214
0.038752604 0.030480795 0.36987638
-0.12565288 -0.1038709 0.23155229
0.05634184 -0.0002091676 0.31586713
0.1198937 0.058706135 0.35864198
-0.019652463 -0.026305273 0.60492927
0.048874244 0.0032569468 0.36148244
0.29462638 0.11997803 0.50802714
0.14539042 0.030084334 0.6146937
0.36286438 0.11949538 0.42493886
-0.15414672 -0.08763978 0.4360488
0.115857854 0.48901922 0.6228256
0.04691337 0.7052437 0.58526564
0.2850173 0.4523098 0.6706705
0.06689872 0.49184352 0.6705178
0.1411961 0.5954967 0.6736423
0.21910222 0.5747384 0.6669117
0.31502962 0.6714478 0.68700635
0.22680606 0.63192827 0.5731676
0.43084234 0.5345956 0.6709184
0.8304864 0.44553155 0.60462636
0.31606716 0.4495818 0.69136655
0.30875188 0.4769915 0.616383
0.46106154 0.62361556 0.59137374
0.021856643 1.191433 0.47829086
0.5462219 0.56042194 0.7738612
0.090846404 1.0150441 0.28614926
0.16004847 0.47444344 0.7611212
0.2351864 0.6169092 0.6010474
0.03805806 0.52749157 0.7162105
0.27505767 0.54537266 0.5357362
0.69991964 0.63211036 0.5070713
0.08689584 0.6290874 0.5415364
-0.0072429106 0.33157375 0.61236346
0.15112251 0.3843638 0.6342622
0.6334327 0.46093187 0.55661535
0.5714206 0.6484518 0.36689144
-0.011854395 0.5883662 0.31456816
0.33307195 0.44787276 0.5587084
0.22823717 0.43960446 0.50483954
0.1253466 0.33876836 0.40714085
0.92506963 0.33555156 0.48834616
0.978396 0.38218558 0.45252103
0.958899 0.36240518 0.4263993
0.8591901 0.29923636 0.47815347
0.90649444 0.32449457 0.4734701
0.96398276 0.3609358 0.4237656
0.9560558 0.34893757 0.4789226
0.85285485 0.16320217 0.26581004
0.8853913 0.3599138 0.49967337
0.02864815 0.46252742 0.7458167
0.037623677 0.7852245 0.7804195
0.059235416 0.77844125 0.757709
0.08092946 0.42829448 0.8333107
0.06696631 0.81303763 0.8055903
0.04024539 0.5392506 0.7095893
-0.03481538 0.3505544 0.7465039
0.07782688 0.5151997 0.80207485
1.057576 0.44470173 0.69424576
0.844166 0.35759497 0.5518247
0.34310162 0.13419855 0.5118156
0.8300625 0.288108 0.6086934
0.95117575 0.3692088 0.6478338
0.8005499 0.31369108 0.49541122
0.21553575 0.5041895 0.71812665
0.17411576 0.4508403 0.6992492
0.29153442 0.6066528 0.2782318
0.19235267 0.4304633 0.15230227
0.25405475 0.5280725 0.31365195
0.38549066 0.6412284 0.21415004
0.53637636 0.50869006 0.19966227
0.118702605 0.53557694 0.19566563
0.097250536 0.2847774 0.41543418
-0.005832702 0.32113913 0.43394178
0.05068969 0.35628223 0.41259623
0.13301998 0.44306624 0.38469207
0.043986186 0.39661705 0.41354328
0.012364224 0.4936306 0.38980526
0.059321653 0.33795965 0.4387986
0.0447081 0.4609998 0.49231112
0.022275072 0.5925481 0.33862764
1.2925836 0.63298935 0.5071605
0.042501535 0.3465176 0.48106748
-0.045526296 0.2829355 0.5362296
-0.0057094023 0.68872017 0.4667673
0.07947488 0.78176636 0.5372185
0.041826643 1.1132827 0.5212793
-0.04856237 0.41043204 0.4986738
0.14171216 0.41697538 0.43822825
0.15315512 0.68470293 0.65005094
0.16340911 0.5427629 0.6933296
0.19643353 0.61757106 0.37630677
0.15473446 0.70212525 0.26878607
-0.0006194636 0.46819037 0.24918644
0.03722648 0.42311364 0.21269555
-0.0018603802 0.43676785 0.23196535
-0.006545514 0.42396393 0.25372678
1.1058614 0.64349777 0.5536482
-0.029845849 0.4284996 0.39539266
0.2951139 0.64282495 0.21767022
0.17215592 0.6483516 0.19841392
0.14689074 0.61004025 0.1720064
0.116937205 0.5187909 0.16575667
0.08812167 0.435403 0.13395853
0.09093234 0.67243284 0.08230668
0.1496474 0.40063876 0.12178308
0.16492862 0.4974561 0.14118765
0.16106947 0.5023259 0.12638465
0.65222484 0.23056987 0.5150953
0.8557592 0.25684726 0.40273
0.6908482 0.1266779 0.432841
0.09656245 0.63057345 0.47482002
0.085843414 0.5920195 0.47633815
0.07787368 0.4991377 0.5095667
0.09697439 0.4974396 0.522553
0.093314976 0.60509646 0.5043509
0.15527096 0.72245395 0.52366394
0.34004056 0.19313101 0.69621634
-0.063178316 0.2458879 0.85470283
0.3710333 0.15113766 0.6356376
0.14203991 0.2656029 0.16702946
0.21721429 0.3271241 0.20168069
0.11001038 0.33451432 0.19525632
0.19173454 0.36121845 0.29433215
0.11599433 0.29007807 0.28496498
0.148472 0.35472423 0.27660143
0.12172132 0.6132486 0.37492132
0.192939 0.61637336 0.3667286
0.12249273 0.64808595 0.31821972
0.18413372 0.6481094 0.39940828
0.13411196 0.6230877 0.27464932
0.1870073 0.66057974 0.33959144
0.16228665 0.5791739 0.56462455
0.14508578 0.5931993 0.5246733
0.062540285 0.53242034 0.28121585
0.121231884 0.6667076 0.2918566
0.015593942 0.54608834 0.3414595
0.1257678 0.23603539 0.5708973
-0.0011236072 0.0019208863 0.57049376
0.007752832 9.0278685e-05 0.56112254
0.05721207 -0.04186681 0.50773627
0.034697976 -0.033055626 0.6304774
-0.0047700778 -0.0062156618 0.6067221
0.0059386604 0.010334633 0.6818248
0.13184334 0.008670799 0.42818046
0.0076716766 0.43517646 0.15121098
0.0400523 0.4188079 0.16811752
0.044768732 0.3891183 0.19203717
0.044414133 0.42402497 0.16595119
0.013192475 0.44095495 0.1754534
0.024251454 0.42339686 0.5545859
0.03826236 0.46954077 0.6076799
0.023889638 0.5827859 0.57070744
0.01833345 0.44367942 0.5987277
0.014427282 0.56491643 0.53828275
0.15636109 0.48205808 0.55158806
0.058339342 0.6095212 0.25231326
0.064188495 0.59885985 0.28644562
0.06975071 0.5040316 0.35370696
0.023591068 0.47063923 0.34137553
0.15384208 0.7163736 0.35799098
0.05367314 0.5339016 0.30274737
0.07158178 0.56813586 0.3060524
0.202574 0.11132772 0.58902216
0.18923725 0.16911182 0.601007
0.3369273 0.17296205 0.6285175
0.10458419 0.107998274 0.5703821
0.95305645 0.45419014 0.6162075
0.7948847 0.35653147 0.58311826
0.2861961 -0.07498431 0.34999734
0.32594723 -0.0536042 0.5224437
0.35253507 -0.015099324 0.4132179
