0.07328254 0.47625783 0.455285
0.09984671 0.40647385 0.42027074
0.20861226 0.4920651 0.46959448
0.08015225 0.45298132 0.48243284
0.086348236 0.5406265 0.46649373
0.10959235 -0.0027104318 0.542202
0.15884793 0.05619843 0.42662975
0.53287834 0.20488277 0.7993862
0.0746469 0.020459708 0.64051664
0.011641137 0.008127414 0.54170316
-0.01537741 0.63235486 0.25336587
0.0017817244 0.25959176 0.28575757
0.052364938 0.23746482 0.2438935
-0.05122006 0.8256327 0.28636053
0.053445183 0.47472033 0.28455335
0.034063797 0.5807315 0.5627234
0.12943326 0.52252746 0.5576605
0.06328361 0.3955187 0.48463777
0.06401684 0.02290615 0.5511557
-0.017206527 0.014950018 0.6468802
0.13636512 0.05749908 0.47798046
0.10513372 -0.00011232495 0.5435039
0.07979346 0.06950618 0.5715442
0.5570806 0.2298916 0.599881
0.78691995 0.36815783 0.5177283
1.019023 0.38218197 0.47635186
0.88490754 0.46183708 0.8294678
0.88119286 0.3580628 0.63301075
0.66201115 0.38343227 0.79526603
0.68443567 0.3352261 0.67969775
0.3261036 0.48112908 0.6384813
0.25427732 0.5236445 0.26445666
0.2159012 0.53402025 0.30033857
0.14742616 0.69164777 0.26544175
1.392417 0.6509254 0.55709463
1.2909214 0.6623937 0.5353443
-0.010289557 0.5632278 0.55443525
0.09097469 0.3845866 0.59826636
0.19310847 0.5216129 0.39458364
0.18035567 0.51485187 0.41854805
0.18374407 0.4627144 0.584615
0.19535682 0.5465551 0.5841945
0.092657745 0.91336524 0.4872042
0.11095327 0.6730815 0.509514
0.7928741 0.81562865 0.3612966
0.4114336 0.77685213 0.3920738
0.5705874 0.728377 0.31304207
0.5851221 0.73362327 0.26747265
0.8043424 0.8208344 0.32575497
0.7248472 0.7142817 0.32943603
-0.060628854 -0.0074882135 0.4627664
0.119670235 0.1086851 0.5248597
0.06702708 0.061432354 0.46357888
0.005656585 0.008683175 0.4844729
0.22789466 0.10134314 0.53361684
-0.01406236 0.08174087 0.4931176
-0.006186165 0.044694807 0.45140654
0.06948737 0.848835 0.22473454
0.063338086 0.7376853 0.2163437
0.11312018 0.7943642 0.22105649
0.15488365 0.7102939 0.20286146
0.12723258 0.85891724 0.17922753
0.6652085 0.46084288 0.6746144
0.70937824 0.51932156 0.7124061
0.9546377 0.5910665 0.6528872
0.7249456 0.54965353 0.6810622
0.74300486 0.5791143 0.6491927
0.8112953 0.7212553 0.74752307
0.36760437 0.20712842 0.44259858
0.2834384 0.2323673 0.50025266
0.08280869 0.28340706 0.24221233
0.37825453 0.39742503 0.36909133
0.33166218 0.38245264 0.41433513
0.29365692 0.3445955 0.25177392
0.2876566 0.38993135 0.24163097
0.24028233 0.55019045 0.7061392
0.43969467 0.6157359 0.5909358
0.3158378 0.49232984 0.6677169
0.6308299 0.6298176 0.62158155
0.55699635 0.6776868 0.64820516
0.5341907 0.54515696 0.45639712
0.4466895 0.56506896 0.50972825
0.13976842 0.4779999 0.46687478
0.10210708 0.44886008 0.46599728
0.24610859 0.49099714 0.2850955
0.1662943 0.4874243 0.3057156
0.19705462 0.5189655 0.3080344
1.2213807 0.6622021 0.42685455
0.7337351 0.862712 0.23724458
0.8524503 0.8654915 0.23063356
0.93398964 0.97803724 0.18171024
0.38096043 0.67993534 0.5050519
0.2719585 0.5580487 0.49619842
0.19711393 0.05754754 0.6262877
0.2690896 0.09725213 0.5755576
0.23514688 0.06928479 0.5059484
0.19699973 0.04803486 0.633108
0.013928436 -0.009898707 0.70851976
0.76437426 0.34238955 0.5028926
1.0297203 0.41373602 0.6220865
0.8775171 0.2718364 0.34448367
0.12670688 0.11134389 0.602085
0.29582864 0.24485727 0.6426918
1.0082461 0.40014115 0.63514435
1.0185928 0.3738329 0.5563172
0.6733055 0.41899258 0.62114406
0.76383376 0.35507417 0.6997551
0.83190525 0.37943855 0.43730032
0.06784125 0.6042447 0.24105784
0.049419887 0.76321757 0.24318555
0.07434411 0.9647682 0.19772883
0.09154427 0.5236597 0.19070113
0.08249472 0.5602075 0.2545124
0.18265645 0.5264249 0.12745866
0.5359803 0.50867134 0.49829352
0.8502617 0.5767572 0.5076501
0.58285713 0.57881665 0.50298715
0.62760186 0.61299694 0.5171778
0.8201313 0.6139513 0.63407373
0.7342792 0.43593898 0.5458021
0.267144 0.32866743 0.55117553
0.40926048 0.16196024 0.48898548
0.03806909 0.018551715 0.4998451
0.6364799 0.1689089 0.410924
0.28806496 0.086908266 0.49486366
0.62651503 0.25479582 0.48898894
0.6025702 0.24694008 0.48517263
0.04088276 0.04322899 0.49214154
0.72154963 0.32101157 0.41103685
0.2769536 0.17441863 0.5564343
0.34703878 0.4393445 0.23302612
0.8322935 0.57744133 0.25230405
1.1633857 0.5321593 0.27768013
1.0633543 0.5561718 0.28340885
0.87372303 0.5928298 0.24174002
0.97314537 0.52059233 0.27813807
0.018927742 0.67713535 0.2190072
0.78616863 0.2925501 0.25686908
0.032878492 0.566882 0.18348485
0.5328831 0.41539326 0.22782728
0.26203236 0.16596065 0.34744647
0.036559977 0.3198599 0.63320196
0.056255214 0.34168872 0.60860455
0.066570714 0.315962 0.56534904
-0.007737823 -0.031760685 0.36406863
-0.3225256 -0.21227118 0.2621401
-0.1916726 -0.15012234 0.31760478
0.06802012 -0.008229166 0.3159855
0.44148237 0.17136844 0.61930764
-0.11397218 -0.046847798 0.3945201
0.43930855 0.19990408 0.5384982
0.10317434 0.047875512 0.5005242
0.38788816 0.12570614 0.45109427
-0.09403332 -0.067052364 0.3720986
0.12629749 0.4586712 0.61145115
0.021993294 0.6875285 0.6321872
0.28108296 0.45000255 0.6781924
0.1796525 0.39405033 0.65239483
0.0678714 0.46447518 0.6109314
0.122862995 0.4392356 0.6117233
0.2011168 0.53361166 0.65205675
0.09743145 0.47287467 0.5948421
0.31584013 0.46170855 0.6231319
0.8492265 0.41494188 0.6483344
0.25779644 0.4512999 0.684685
0.32428822 0.50216687 0.624264
0.3414757 0.6081414 0.548269
0.039244674 1.1221807 0.4740442
0.39736152 0.59616995 0.7686358
0.085831486 0.97647655 0.28431988
0.12233084 0.45055 0.69504553
0.41616037 0.39181837 0.65173924
0.32083628 0.3848182 0.70618415
0.24489775 0.40364668 0.56057584
0.72022617 0.5782455 0.55575585
0.2313216 0.3704171 0.580004
-0.006057076 0.30237472 0.6031736
0.07483649 0.38215265 0.6073555
1.0676248 0.56792593 0.6141069
0.19844186 0.3951687 0.35053733
0.8959416 0.4818447 0.429978
0.38265786 0.47264814 0.53904223
0.22887 0.42648864 0.4380582
0.15259781 0.34986624 0.40372846
1.0162508 0.3873137 0.46036994
0.9402257 0.4047278 0.45844257
0.99189097 0.41129526 0.4259976
0.9683716 0.36004236 0.42250562
1.054521 0.39720002 0.4577971
1.0328064 0.39388388 0.41266942
1.0750704 0.3943081 0.4836802
1.335715 0.49333525 0.50908697
1.2495365 0.4935694 0.44086832
-0.018719368 0.7465093 0.75288284
-0.005543299 0.98612416 0.72203475
0.012620911 0.9381218 0.7132724
0.12905174 0.35678867 0.7683438
0.022963222 0.950649 0.7396974
0.08411273 0.6151037 0.75788397
0.04182229 0.34664586 0.7473859
0.054820344 0.6924288 0.80016124
0.9895017 0.38929626 0.6811895
0.84355295 0.3219916 0.5929491
0.645849 0.26169527 0.49403098
0.96127415 0.36409947 0.5874031
0.9561954 0.35888347 0.5997591
1.0018392 0.40439916 0.5639231
0.21644694 0.45688286 0.69166386
0.17278329 0.43278867 0.6648438
0.20810121 0.5694263 0.37562937
0.8586451 0.57278705 0.45348018
0.21802276 0.48040712 0.441605
0.2677512 0.6268717 0.33031568
0.93458164 0.663437 0.4365912
0.47748622 0.5588826 0.28623414
0.027457044 0.25313216 0.37393165
0.0060475096 0.29655564 0.40502042
0.11429223 0.26979035 0.4182955
0.015180364 0.42080066 0.3299456
-0.022970997 0.45740697 0.40671834
0.013369434 0.3999723 0.41317725
0.079056546 0.24027711 0.4482138
0.047320962 0.4057329 0.47726244
0.22647074 0.606464 0.3749823
0.49423638 0.3927875 0.46531475
0.044535078 0.3090383 0.47999102
0.0022093877 0.30800074 0.52111906
0.016331472 0.60189605 0.46901357
0.12514174 0.82996047 0.6206112
0.05084935 1.0675586 0.5115835
0.086349234 0.40328422 0.5254825
0.6850009 0.4726486 0.4694556
0.15974629 0.6785337 0.6297191
0.1867545 0.5301584 0.68738914
0.20436496 0.6122751 0.38345498
0.17016456 0.66117835 0.27854162
0.20298186 0.4775973 0.23855448
0.014133155 0.44455245 0.20779686
0.052602038 0.445093 0.21851656
0.079595886 0.42523363 0.2405011
0.92879766 0.44937375 0.6227863
0.09325676 0.45662424 0.35045373
0.33091706 0.6544353 0.17494553
0.16416296 0.59027565 0.17706251
0.10747086 0.54182285 0.17241582
0.10265836 0.52377427 0.21814
0.0012839884 0.44135723 0.098629996
0.087991275 0.82460237 0.07642768
0.17751682 0.41916057 0.060091805
0.15864909 0.49941823 0.15843442
0.16100824 0.51010966 0.14246666
0.7542337 0.26724905 0.4847008
0.9678038 0.31768188 0.34913284
0.9552554 0.24282444 0.34021142
0.067875184 0.48480198 0.4616955
0.08056067 0.4570385 0.45329022
0.07030344 0.44842568 0.48858207
0.06760053 0.44158545 0.4800761
0.070971206 0.40883017 0.4904824
0.14840694 0.5444301 0.5192599
0.4379976 0.23480698 0.70112216
-0.025042616 0.54765767 0.8762039
0.39084905 0.13053049 0.77027166
1.0925716 0.548872 0.29728493
1.1061919 0.5087078 0.27397403
0.91146785 0.545691 0.24865794
0.1934366 0.3773652 0.28634176
0.10361557 0.3118893 0.26909146
0.16030732 0.438737 0.25148952
0.11741274 0.48726436 0.34989837
0.20271555 0.56997526 0.34077352
0.18413362 0.540846 0.3149241
0.17775199 0.62565494 0.3926751
0.14866638 0.6240715 0.27042714
0.21269771 0.60520816 0.34037933
0.18346664 0.5341763 0.5520196
0.1601281 0.5712987 0.5263949
0.18324754 0.53766584 0.28908277
0.16617137 0.57992494 0.32398438
0.07867659 0.43166116 0.3324478
0.26589167 0.31268695 0.5666219
0.032210268 0.0122000985 0.5805198
0.09823638 0.020613588 0.57038486
0.035738505 -0.019530326 0.532772
0.08381771 0.022469066 0.5272085
0.11350391 0.026409224 0.53104526
0.18180174 0.11479813 0.6031908
0.14543068 -0.029823184 0.50474566
0.016454786 0.4548575 0.1291863
0.028523743 0.4388544 0.15205114
0.032594763 0.39141977 0.1672186
0.014980763 0.43661416 0.17141598
0.0064703226 0.4470627 0.17520699
0.06983395 0.3250118 0.5073496
0.048106037 0.37671614 0.57444614
0.037841655 0.39804202 0.56644607
0.032423206 0.37984872 0.54253274
0.029048 0.43729788 0.51370996
0.0743208 0.39252165 0.53616005
0.1505365 0.526119 0.25882664
0.07118769 0.64437044 0.27170175
0.08802794 0.46490315 0.30992246
0.048859224 0.4156989 0.3176705
0.14353287 0.755849 0.3125601
0.05345513 0.4851195 0.29021168
0.07184489 0.5166882 0.32406744
0.12491313 0.04568844 0.632319
0.22702274 0.18241097 0.5820877
0.35865587 0.16842352 0.66183233
0.0592011 0.048982635 0.577802
0.85419667 0.38785598 0.5910696
0.69677496 0.2791477 0.57352376
0.13728973 -0.08643149 0.3735805
0.14479196 -0.12564278 0.5105874
0.29101938 0.008516878 0.43298003
