0.037560783 0.5451413 0.4385134
0.033442378 0.4066375 0.48500854
0.22774339 0.514725 0.5230506
0.09633997 0.4599073 0.4551868
0.103777766 0.45282036 0.45750692
0.083352625 -0.013794273 0.5602334
0.15577155 0.033993196 0.51245534
0.46093544 0.16981247 0.75570536
0.09883003 -0.019106314 0.6651204
0.09840311 0.0001764372 0.6258023
-0.006918937 0.5325523 0.23729074
0.01658773 0.22879909 0.30662292
0.08662577 0.20056377 0.29440987
0.02917742 0.61294 0.25654146
0.07384779 0.29807103 0.30921987
0.033565722 0.613204 0.545885
0.09939458 0.59947145 0.5379319
0.103958696 0.36709535 0.52372265
0.04715988 -0.002157107 0.5394665
0.45653042 0.18525569 0.66769207
0.09221576 0.06586006 0.5299237
0.13562977 0.0008260757 0.5338536
0.13897452 0.07956953 0.58749074
0.5459642 0.21927425 0.52322835
0.6602197 0.2991835 0.5358049
0.9960851 0.36650407 0.5154091
0.4234146 0.27058154 0.7806358
0.72080725 0.31010687 0.5863382
0.48483086 0.27250278 0.8083787
0.7848974 0.3710208 0.7594456
0.18533742 0.35510635 0.61214894
0.19907224 0.5273599 0.28744286
0.17599043 0.52295583 0.3125326
0.14845705 0.67054296 0.29369384
0.33500507 0.293832 0.4579803
0.38293305 0.31224918 0.4097406
0.02388626 0.47429258 0.5270167
0.12150482 0.35671723 0.5858346
0.21080905 0.49337155 0.41935942
0.17959324 0.48838758 0.41896048
0.19507003 0.43995774 0.5362369
0.18912819 0.5285102 0.5573147
0.10061339 0.93219584 0.41817936
0.122129954 0.71176606 0.46938938
0.77194935 0.8163272 0.3753899
0.35494152 0.7089433 0.35634607
0.47203448 0.6621388 0.30496988
0.56263614 0.6816696 0.29321367
0.8077881 0.84210855 0.3067145
0.7676032 0.76922894 0.3012564
-0.0063462555 0.0057677478 0.5267625
0.015840843 0.016818233 0.57999766
0.11977253 0.09056578 0.58633286
0.035464413 0.0069932565 0.58223677
0.43444222 0.17743844 0.5748724
-0.004168827 0.021928791 0.47539088
0.025652915 0.02851091 0.56601036
0.07287663 0.8233763 0.23575944
0.08249533 0.69461006 0.20947322
0.1516642 0.6858953 0.24316305
0.15305988 0.73174286 0.15505457
0.13112529 0.82195663 0.186378
0.69029576 0.4630357 0.67745006
0.70190316 0.52113235 0.70269436
0.89358735 0.58208275 0.6854719
0.72361046 0.55529916 0.68004435
0.72513235 0.5556425 0.6486481
0.82884336 0.7087809 0.73738724
0.3814304 0.2057478 0.48426452
0.33479217 0.24091943 0.5942979
0.05294861 0.23429063 0.26939765
0.26750782 0.32782823 0.33980182
0.4121761 0.3842653 0.41058192
0.253445 0.40140802 0.27076736
0.28243735 0.39003247 0.2778817
0.23035604 0.55657125 0.6979949
0.24526075 0.5399568 0.5542431
0.28869706 0.43764853 0.62249756
0.6584585 0.682692 0.64456016
0.58907264 0.67300653 0.6667494
0.65158874 0.6157075 0.53610545
0.43148735 0.54547817 0.5123465
0.15590543 0.43956983 0.4916429
0.12851614 0.42790896 0.470845
0.27493373 0.47507995 0.30579007
0.21425492 0.4434294 0.31983563
0.29714715 0.5067685 0.34331772
0.25344184 0.4140696 0.3030803
0.64927584 0.7166761 0.25364468
0.7744078 0.76400477 0.23154292
0.9166556 0.9029299 0.20206432
0.3401011 0.6468961 0.49544474
0.3122348 0.5726297 0.49738568
0.21330568 0.06362547 0.63300973
0.22777691 0.098605126 0.5742998
0.30258986 0.09042613 0.5667802
0.27107722 0.09244126 0.7075222
0.2290124 0.12148662 0.85632426
0.1364932 0.116463415 0.6822974
1.1120892 0.40017778 0.6707017
0.06795984 0.052768413 0.34599793
0.57408774 0.16412605 0.58676445
0.15541652 0.15290427 0.6076338
0.99163246 0.38234472 0.5664865
1.224335 0.40458512 0.59006697
0.138125 0.26040164 0.55964863
0.8624788 0.32469577 0.7884434
1.0206903 0.35447562 0.60446894
0.09231305 0.54406345 0.26460156
0.08163767 0.6996781 0.26840687
0.07377267 0.9105669 0.2065582
0.11135608 0.5207997 0.21519858
0.014064014 0.5411217 0.23846081
0.14836186 0.4848379 0.1742168
0.53364134 0.5306091 0.5320126
0.61002177 0.55367994 0.5239639
0.58022803 0.5934938 0.5138055
0.5737089 0.60028696 0.52275115
0.6830278 0.5149015 0.5672217
0.73178035 0.4452834 0.4975339
0.28232118 0.28253978 0.54860383
0.60658944 0.23527394 0.4745768
-0.04031179 -0.026351832 0.4796125
0.51239425 0.20478031 0.395732
0.3979157 0.15409796 0.45851365
0.74679905 0.30229825 0.49148944
0.3317859 0.10856068 0.46924177
0.0135845095 0.008184105 0.45364875
0.13470808 0.06780432 0.39679292
0.67857945 0.25403666 0.5709953
0.13832778 0.33393228 0.27977479
0.12512574 0.3211944 0.26350847
1.0074488 0.4563651 0.27740222
0.26105416 0.3101582 0.27150208
0.31348637 0.3426515 0.25194162
0.24981561 0.29784167 0.259754
0.008978527 0.6543311 0.22500852
0.24867707 0.15222536 0.1242866
-0.018651195 0.5157119 0.13963202
0.09886554 0.3519913 0.2336362
0.3488502 0.19073252 0.37017518
0.0718987 0.23573078 0.57637286
0.09760061 0.30018416 0.59745324
0.08706206 0.25440037 0.5540787
0.015365485 -0.0461955 0.37591222
-0.07212179 -0.04548014 0.19276711
-0.25235906 -0.13045304 0.21112305
-0.038550787 -0.035418525 0.30139354
-0.040463917 -0.06276132 0.5277374
-0.0060953945 -0.040838137 0.31761003
0.058435842 -0.0009648502 0.53047603
0.14092222 0.022067595 0.5571097
-0.16840911 -0.06057392 0.50130296
-0.17629749 -0.09777725 0.33932722
0.11212258 0.49497253 0.6084966
0.029215585 0.6778572 0.591502
0.267341 0.46668327 0.646159
0.090220354 0.38819045 0.5770278
0.08578231 0.45524853 0.544333
0.19803375 0.3494388 0.45934317
0.19533771 0.500178 0.48431435
0.17619175 0.501661 0.4925828
0.31738195 0.46216816 0.57575834
0.89895314 0.4088695 0.7023897
0.37741545 0.46919805 0.63828254
0.29712132 0.46082276 0.6214722
0.44181156 0.63988924 0.5872926
0.040119313 1.086581 0.48721063
0.4326441 0.5726859 0.7460987
0.11618482 0.90334255 0.28205007
0.12868945 0.46051323 0.66505307
0.15715411 0.4280666 0.56235766
0.09482946 0.44682217 0.61348933
0.12343493 0.45518488 0.50904524
0.6908286 0.57431245 0.5555428
0.054779835 0.4617471 0.5187121
0.056363482 0.29823494 0.5685683
0.08210222 0.3347379 0.5624883
0.8841619 0.5048553 0.61501247
0.23922566 0.44798744 0.30468944
0.046237417 0.2893169 0.31053847
0.3518092 0.47404128 0.5164775
0.272604 0.46157587 0.4664789
0.14682171 0.31543368 0.4038668
1.1394873 0.38262486 0.49052614
0.96293974 0.38153088 0.4425573
0.93416643 0.38486165 0.38814822
1.1297936 0.36690283 0.47679433
1.1811024 0.39656615 0.49402386
1.1313877 0.40448892 0.4151204
1.2032319 0.3945999 0.5306195
1.3171413 0.23238288 0.4867034
1.0946465 0.44425905 0.428462
-0.013547368 0.65701956 0.77856994
-0.007947192 0.9664701 0.73043394
0.008808561 0.8665287 0.7339639
0.083584815 0.34065312 0.6879742
0.0005835667 0.93853724 0.76714367
0.02192197 0.50942457 0.78070474
-0.013813131 0.31947112 0.75589174
0.037112944 0.6124972 0.8156783
0.97530055 0.352809 0.6640852
0.57000154 0.26151758 0.57115704
0.71497613 0.29672992 0.5344829
0.9574407 0.32402956 0.60792965
0.8111672 0.31772 0.58498347
1.0025557 0.3325501 0.60446113
0.17731053 0.4340893 0.6620074
0.1539356 0.4386937 0.67916447
0.2921858 0.46319735 0.26794684
0.55232096 0.4575953 0.21911299
0.35425735 0.42367357 0.2584133
0.3663924 0.49225605 0.23963359
0.67178625 0.5192332 0.2094932
-0.074743055 0.19750774 0.11205842
0.08170623 0.25274712 0.43524727
0.0358579 0.30306816 0.4386762
0.03329407 0.3360768 0.38147026
0.14336798 0.37756592 0.34601423
0.0148517005 0.4174806 0.42461058
0.019979943 0.40813988 0.36160716
0.054892972 0.28739607 0.39553204
0.1069233 0.37271082 0.51338
0.06085316 0.5499697 0.3494976
1.1486118 0.5789834 0.44636014
0.012299545 0.37389332 0.43579537
0.0153188 0.31117672 0.53889656
-0.014586583 0.7976332 0.44914258
0.049137972 0.88255197 0.5031254
0.024020933 1.1331934 0.41155145
0.03242344 0.3461576 0.48303953
0.126014 0.34928364 0.46528825
0.1412692 0.6618009 0.54874474
0.15302801 0.5090808 0.62793165
0.21121952 0.6228355 0.37176624
0.12707722 0.69513947 0.286763
0.05995957 0.43870372 0.24250254
0.051529832 0.44525623 0.23951885
0.022730108 0.4319234 0.24429297
0.020718556 0.4186526 0.25108102
0.0634558 0.1345251 0.68847233
0.03962417 0.40040797 0.42914304
0.37414682 0.63014823 0.1922113
0.17377317 0.5996834 0.20616129
0.17305878 0.5563091 0.17343011
0.123889476 0.58115005 0.16488102
0.07685427 0.35131735 0.15772548
0.075473234 0.6938542 0.123234555
0.4802493 0.39351225 0.097484946
0.16985083 0.5223052 0.13723698
0.16264981 0.5394921 0.10968645
0.8289998 0.30992392 0.509788
0.9662755 0.35440463 0.41938156
-0.14898661 -0.07323678 0.3277585
0.032720402 0.5132256 0.45429602
0.01436919 0.5025121 0.43727267
0.044936456 0.42321664 0.48227775
0.069298126 0.41283947 0.4684871
0.034535788 0.52880245 0.46275887
0.06149164 0.71296024 0.4926634
0.39435944 0.19572623 0.7084066
-0.0011111014 0.3044076 0.849769
0.50310796 0.20471992 0.7247525
0.67423433 0.33420658 0.29603615
0.48276335 0.29470053 0.2969261
0.22786865 0.2673034 0.2869683
0.19997188 0.36033648 0.30742294
0.15351662 0.2999916 0.28202438
0.18811122 0.33664644 0.2817692
0.08518045 0.4426117 0.36535832
0.18849853 0.51593894 0.3439259
0.145184 0.50950587 0.32917732
0.18947029 0.6012818 0.4058822
0.16275506 0.5787933 0.30065927
0.20325136 0.6125376 0.348297
0.16776028 0.54769826 0.5791888
0.14956987 0.5612437 0.50070506
0.067067534 0.43719262 0.33466026
0.06883949 0.61585504 0.31714678
0.056237906 0.45786208 0.34525874
0.105628654 0.2270012 0.56196564
-0.003664177 -0.029093802 0.54086226
-0.04790382 -0.05149679 0.49010095
0.12489488 -0.0043333173 0.4992452
0.13272148 0.016107444 0.6068559
0.10737609 0.03438688 0.59870285
0.057501394 0.051236928 0.5952326
0.02376321 -0.030652128 0.46964917
0.040589087 0.39436823 0.15978387
0.060434245 0.365332 0.17950088
0.037980758 0.36489272 0.18230015
0.022809014 0.4564975 0.18240286
0.031151723 0.4317708 0.2007524
-0.0034542866 0.3291676 0.48822886
0.031391647 0.3956529 0.5521601
0.027316451 0.4192114 0.5549953
0.0139331 0.3603021 0.5188091
0.03052795 0.41481405 0.5044461
0.06257141 0.38695347 0.51100934
0.067787774 0.4931996 0.27207655
0.08581194 0.5395851 0.31040227
0.07690589 0.45871115 0.32184958
0.015619192 0.41044933 0.35491684
0.15036666 0.64730453 0.370278
0.0664032 0.49414277 0.33345422
0.083551645 0.47638232 0.32661688
0.21402243 0.10702467 0.59113413
0.20046368 0.15432198 0.6032474
0.4364172 0.18584901 0.57459843
0.14117983 0.11810228 0.6025876
0.8826609 0.40895724 0.6140177
0.7619395 0.33507347 0.64232975
0.110300064 -0.0695681 0.32228008
0.11278185 -0.06723939 0.40442762
0.19455352 -0.010756165 0.39963815
