0.060545072 0.53368956 0.4437553
0.08727753 0.4360816 0.45496207
0.1811924 0.5559258 0.5195938
0.09113261 0.50207555 0.4423515
0.093422756 0.46875346 0.4461441
0.056516092 0.02607321 0.6897651
0.16622911 0.05341491 0.5122939
0.2714365 0.08890657 0.7563416
0.021439165 -0.0055531785 0.6137747
-0.0693942 -0.047682643 0.6009214
-0.025586277 0.669984 0.22545236
-0.024029315 0.3638733 0.30654678
0.0841244 0.24534968 0.3203603
-0.040507585 0.8788293 0.23116353
-0.016453817 0.342298 0.29628888
0.06440616 0.4914168 0.56829786
0.2064614 0.5129574 0.5667158
0.074510165 0.37297654 0.4718372
0.09259736 0.055750497 0.5573094
0.8343787 0.32975835 0.5945277
0.05197348 0.033369258 0.4993334
0.0468745 -0.021202102 0.638131
0.052223455 0.066814706 0.604932
0.45884812 0.22150117 0.4900398
0.88686085 0.40261024 0.56307316
0.9782469 0.36829194 0.5552116
0.7266635 0.4035351 0.85225487
0.70935094 0.30824628 0.54903543
0.6619495 0.34992328 0.8333024
0.8105272 0.370657 0.74992275
0.1707764 0.34934884 0.67556536
0.28007337 0.5238112 0.3104261
0.1935163 0.53285646 0.30176482
0.16351861 0.662613 0.28813174
0.083711624 0.30432492 0.318287
0.2535838 0.33848256 0.3026268
0.16876805 0.4262871 0.5850702
0.13214873 0.38734618 0.59494555
0.18753612 0.5227995 0.44015712
0.17294775 0.5363766 0.42954803
0.20058277 0.4781375 0.5660508
0.20320228 0.5824498 0.5560493
0.09368797 0.82049084 0.47764593
0.078835696 0.8007426 0.4804727
0.75378084 0.81490886 0.36092153
0.4443228 0.7872084 0.36274987
0.59334195 0.6987149 0.3095697
0.56054246 0.68115073 0.27906555
0.88059425 0.8507145 0.32706374
0.7662811 0.7365265 0.2808746
-0.014691584 0.005455058 0.53482574
-0.02210673 0.040956896 0.53288025
-0.016374096 0.03918045 0.5104976
0.016187243 0.0070229284 0.5629448
0.29889482 0.12348006 0.54261106
-0.029659845 0.03150453 0.55711186
0.042912826 0.047426052 0.53789747
0.07678098 0.8398774 0.22015229
0.06894171 0.76259047 0.2204251
0.12828429 0.7443246 0.21733513
0.1853796 0.6827722 0.23100415
0.15001233 0.8610325 0.21211669
0.6899513 0.4510027 0.6420726
0.7153146 0.49723294 0.6893605
0.90653634 0.55867213 0.68883777
0.7438171 0.5408756 0.65660614
0.7479036 0.5532389 0.651831
0.8355541 0.7268235 0.7378265
0.4142414 0.2250322 0.46080443
0.36483434 0.26383367 0.587759
0.017436687 0.33377934 0.3084725
0.5881524 0.42710313 0.3705195
0.36428794 0.40722975 0.45048752
0.34202293 0.36293226 0.29884502
0.31657243 0.39894968 0.2772612
0.27876157 0.5715812 0.71558416
0.7507129 0.6493857 0.628028
0.55634415 0.56686085 0.69563174
0.7450242 0.7135765 0.637856
0.6665634 0.71424544 0.618129
0.7175989 0.56842536 0.5549062
0.41588393 0.5689845 0.5181749
0.14912777 0.49790066 0.5164543
0.12553246 0.49313584 0.5225393
0.18028343 0.45955336 0.27265838
0.14644668 0.45100516 0.33341616
0.20523156 0.47353026 0.31552246
0.24127027 0.5941741 0.25116023
0.6464349 0.7549843 0.25467747
0.8285569 0.8346675 0.21052638
0.86751103 0.8894065 0.14969987
0.38271022 0.69106436 0.50147367
0.26985604 0.5663085 0.5223241
0.1644201 0.030137315 0.583181
0.18527533 0.05954545 0.56462353
0.2356272 0.028270066 0.6506071
0.24995339 0.0631215 0.7482519
-0.09543103 -0.059315607 0.79589236
0.0034016706 0.021639973 0.6026374
1.2908437 0.5555981 0.7014909
-0.05120319 -0.083001524 0.4273283
0.59759116 0.22330372 0.60792863
-0.0013318807 0.1389727 0.6467779
0.9768864 0.39832476 0.60246235
1.1407443 0.4637855 0.5855404
0.003583394 0.20678402 0.581513
0.7753118 0.26127547 0.773359
1.0828812 0.5162559 0.45379874
0.107811294 0.5753975 0.25693154
0.06885659 0.77119666 0.27069286
0.10327576 0.8687884 0.20626634
0.12299532 0.58096987 0.19925638
0.109818205 0.4039456 0.3011848
0.20277411 0.5023098 0.21054518
0.5759846 0.5124388 0.5421863
0.7021674 0.55887353 0.53433645
0.6100888 0.6102408 0.5224737
0.6107862 0.6244839 0.52040994
0.8412385 0.6173484 0.60067266
0.98604083 0.5328502 0.51238424
0.27822697 0.3012693 0.5842538
0.70557904 0.26951867 0.53271437
0.086495005 0.031502802 0.5111678
0.5570936 0.18719918 0.44936547
0.5897261 0.23513688 0.47345415
0.67034507 0.24706388 0.48987553
0.23647183 0.079133116 0.4928877
0.2908494 0.117784 0.513697
0.8580425 0.348118 0.4912673
0.15719727 0.08797106 0.6191209
0.009769492 0.30709493 0.19368677
0.03465478 0.3210649 0.18631399
0.23986302 0.2863925 0.17393398
0.026777193 0.26270977 0.19492123
0.02856367 0.31927466 0.21469148
0.021028005 0.25101572 0.22796667
-0.00096734613 0.6762356 0.22030678
0.58053625 0.33898413 0.20283583
0.03928676 0.46053255 0.20694327
0.027278632 0.29423225 0.23197055
0.3658121 0.19419123 0.5145687
0.032084808 0.2737642 0.61471754
0.059685647 0.27520013 0.59951997
0.06086791 0.26632935 0.5606557
0.0017526597 -0.024667323 0.554148
-0.041878395 -0.068035334 0.38689902
-0.017681763 -0.07588625 0.28462753
-0.011640102 -0.022838175 0.49613348
-0.08050437 -0.056849487 0.72326463
-0.0054200515 -0.029777966 0.52194583
0.19420245 0.05316195 0.5693711
0.03940038 0.006903436 0.61841965
0.22449797 0.064193994 0.47495124
-0.18989545 -0.12339923 0.54473394
0.1282736 0.4717281 0.63055456
0.014660329 0.7905007 0.5980823
0.27184868 0.47277093 0.666871
0.12080924 0.4793328 0.6653613
0.11273541 0.55900353 0.63680124
0.4505386 0.52580035 0.55332476
0.53471386 0.6636651 0.5935079
0.2356962 0.6018309 0.46500614
0.33985037 0.5010984 0.6751569
0.7693368 0.39968732 0.66312003
0.45600185 0.4870429 0.6973896
0.28547618 0.45025498 0.61168206
0.4118282 0.64556986 0.56289065
0.041217726 1.0946882 0.43265045
0.4754437 0.6032329 0.78751117
0.08312386 0.9258364 0.27472943
0.068975054 0.38447446 0.7532346
0.11343417 0.57919794 0.58445007
0.056643326 0.5961996 0.69879085
0.2692592 0.44918832 0.5289856
0.78726554 0.5892989 0.56030154
0.031994686 0.5692729 0.51283103
0.048801266 0.30685183 0.60474086
0.08590375 0.35222834 0.6151733
0.83358824 0.4986325 0.5990519
0.3371256 0.48148835 0.329132
0.20789704 0.38748178 0.35539475
0.39049062 0.5036851 0.5336346
0.24702916 0.46279255 0.47963414
0.16963726 0.34967414 0.47787514
1.0331852 0.43208122 0.4641068
1.0061184 0.4344597 0.48908266
0.96384346 0.40427405 0.4549069
0.94099367 0.38851154 0.4357079
1.0256618 0.42468 0.46694383
1.0134828 0.4043908 0.4174885
1.0638013 0.44189292 0.48236993
1.1266886 0.4497319 0.3722007
0.763013 0.3632798 0.3776779
0.018212996 0.50609076 0.81396854
-0.00988967 0.97718835 0.74623835
0.03150042 0.7421287 0.80065477
0.0689101 0.5384256 0.7713188
0.030052409 0.76757234 0.8629624
0.034104746 0.5382349 0.80922115
-0.04408537 0.27207014 0.84073687
0.05230626 0.4720944 0.85691863
1.0123719 0.4074745 0.7047215
0.7086103 0.3006154 0.57774997
0.052541632 0.04189588 0.51938075
0.9120667 0.35075098 0.65273225
0.91419685 0.35661972 0.59235346
0.8929076 0.34437692 0.6136562
0.2296899 0.5128985 0.7091538
0.1731588 0.4694097 0.6889962
0.13542284 0.53649914 0.34573728
0.16899145 0.46647072 0.24478483
0.10871224 0.49860764 0.36601403
0.1854389 0.58475715 0.2728853
0.7217634 0.63361484 0.23944512
0.22092223 0.5241536 0.12897861
0.054311052 0.30589095 0.41005167
0.055580873 0.35704276 0.4052275
0.041373134 0.3180862 0.39316866
0.051972806 0.40788502 0.3828724
0.023521319 0.46817487 0.4139813
6.0386956e-05 0.42619604 0.39654732
0.02868902 0.26320976 0.46661863
0.074563965 0.36584446 0.4906245
0.06843053 0.43890882 0.41346052
0.828586 0.5476415 0.49514094
0.0016631186 0.35524896 0.49756888
0.0075521693 0.2928429 0.55138046
8.726865e-05 0.6777783 0.46401957
0.109591365 0.80918586 0.54618657
0.040718067 1.0431786 0.5502178
0.045302607 0.33024406 0.5082959
0.014882661 0.36218852 0.47940907
0.15306346 0.6468715 0.6387211
0.16510442 0.51168877 0.67530274
0.21614444 0.6712309 0.3768511
0.15088733 0.65679324 0.2960463
0.06638007 0.47314122 0.22714618
0.07431453 0.48705265 0.23455462
0.052778613 0.44369912 0.212092
0.037218895 0.43204612 0.24194455
0.8403963 0.5213083 0.5525806
0.06328753 0.48213762 0.40978423
0.3212736 0.637978 0.19221225
0.17733933 0.592911 0.2369209
0.14619194 0.53786606 0.21851411
0.13238312 0.55632424 0.214389
0.06208827 0.45252782 0.13380036
0.107140556 0.7784542 0.11753358
0.057471283 0.40674132 0.103312954
0.17401585 0.53192365 0.14932169
0.16631278 0.5108151 0.11590305
0.50440955 0.16669297 0.5462431
0.8964436 0.3102176 0.3763196
0.729864 0.116628364 0.4425797
0.057974078 0.5603205 0.4772248
0.04946713 0.5638106 0.47849974
0.06647406 0.48334032 0.5091933
0.08986974 0.4774707 0.5079329
0.057260748 0.55714846 0.49943194
0.09091585 0.6014723 0.51459527
0.44464916 0.23879445 0.76097745
-0.046123922 0.29161876 0.8479068
0.3287223 0.11109411 0.7141276
0.4517739 0.32659665 0.1672025
0.49813434 0.3099764 0.19468799
0.08888892 0.29796147 0.20633957
0.2030563 0.3570012 0.30420387
0.09606399 0.29513043 0.2807764
0.033082232 0.4696895 0.24691936
0.1202658 0.5420068 0.40175787
0.18597333 0.567528 0.3530917
0.15180437 0.58650607 0.35044336
0.20117702 0.5978838 0.38493147
0.18310627 0.56858355 0.31713167
0.21305732 0.61379355 0.3464685
0.16248804 0.5600439 0.5622048
0.16516335 0.54589826 0.5248666
0.09220934 0.51831377 0.29262397
0.13078834 0.5614892 0.3244857
0.07678193 0.5032664 0.31473452
0.070373505 0.20501639 0.5694045
0.009703398 0.0065255873 0.5786195
-0.024526134 -0.032483026 0.5802597
0.040893205 0.0016245246 0.6258541
0.0039047003 -0.025301106 0.63249123
-0.01391536 -0.01474987 0.6024591
-0.019907244 0.058400095 0.70660645
0.03001871 -0.043848507 0.61867595
0.034057584 0.43547693 0.14627478
0.03859171 0.41621536 0.1756404
0.04634947 0.40173987 0.18872023
0.019044742 0.44516084 0.1652641
0.030369364 0.45191205 0.18586487
0.0072800964 0.37051085 0.5540811
0.0819939 0.39839762 0.6113013
0.057597294 0.42727613 0.6050054
0.051602475 0.38897142 0.58465254
0.02891577 0.43084294 0.53014797
0.114640474 0.44568276 0.5704748
0.10903877 0.5030978 0.29115728
0.101662114 0.53621423 0.3054133
0.087945126 0.4678162 0.3514084
0.0733205 0.47713885 0.35406056
0.15443255 0.5830738 0.33608714
0.106011525 0.5222654 0.3126096
0.09055195 0.52106977 0.32763675
0.32684788 0.17193305 0.5770284
0.19243973 0.14874813 0.56066424
0.6186981 0.29743847 0.6037253
0.05805554 0.09114926 0.5621099
0.81555676 0.3554284 0.5750099
0.69135976 0.29012832 0.61255217
0.11308834 -0.14395231 0.49308556
0.07284367 -0.14713225 0.53614664
0.1867598 -0.07019909 0.60140955
