0.07618881 0.54482025 0.42747366
0.10708014 0.46040922 0.4755415
0.19515052 0.52814883 0.52186793
0.08793388 0.52415186 0.460662
0.08417085 0.50068736 0.46915433
0.06310947 -0.020777442 0.52870595
0.18574119 0.021649867 0.52052754
0.1178315 0.03934484 0.62341106
0.038994122 -0.02360031 0.6316589
-0.040477715 -0.047198266 0.54876673
-0.007871896 0.5493002 0.22475338
-0.0006264299 0.27381542 0.28042117
0.07661945 0.23023495 0.30977255
-0.00872118 0.87538636 0.23338
0.047162563 0.4553177 0.20841107
0.050347507 0.6520566 0.54924965
0.081970945 0.6169322 0.5340557
0.07128622 0.42619163 0.46428165
-0.007209845 0.0047256574 0.47943982
0.83554584 0.3105685 0.57633835
0.029131714 0.025144327 0.5671536
0.016940936 -0.054778285 0.61163974
0.037947245 0.032772012 0.5966798
0.57784176 0.20058945 0.46370712
0.88782823 0.42656755 0.5285258
0.80468524 0.25303861 0.6201346
0.8437953 0.43726245 0.79105115
0.68373173 0.31193215 0.62466407
0.48267165 0.31614545 0.7548671
0.837261 0.41539702 0.6943171
0.26240033 0.41158873 0.6453831
0.22220561 0.55137926 0.2746829
0.2045823 0.547891 0.3082343
0.15367973 0.62838715 0.2868417
0.62958276 0.4463019 0.4261013
0.8926554 0.47738385 0.4901162
0.017055571 0.5388163 0.5703745
0.09590728 0.45937246 0.5709837
0.20390293 0.5122491 0.4483619
0.17211343 0.51688695 0.4462113
0.1759209 0.46167699 0.5884682
0.1897322 0.6615308 0.5543765
0.1133348 0.8087502 0.46348187
0.09177281 0.7190221 0.4806426
0.757072 0.78322065 0.36668003
0.4065327 0.72476107 0.3802291
0.60578144 0.7352095 0.30721316
0.57420325 0.71656317 0.26682806
0.82870054 0.845216 0.30544713
0.7458301 0.77186286 0.28174034
0.019799955 0.0058325715 0.47487226
0.20373037 0.09919697 0.5058259
0.048066568 0.069380395 0.48066235
0.010422036 0.005534023 0.52648175
0.61473393 0.22370729 0.53819203
0.09690787 0.06738941 0.5196855
0.0117938 0.041232802 0.49693364
0.07373344 0.8597664 0.20979261
0.08093945 0.8038098 0.19325425
0.13264221 0.7448065 0.22286397
0.15027708 0.7391819 0.16552834
0.117214076 0.89833707 0.1704003
0.6817664 0.46408677 0.6556257
0.7185429 0.5234456 0.69685376
0.9517924 0.56514335 0.6896157
0.7533529 0.5719369 0.6908268
0.7284168 0.57945067 0.66046154
0.8422353 0.7368986 0.75345767
0.3929309 0.21266073 0.49669465
0.35981977 0.24021944 0.5167405
0.03927517 0.27071276 0.27545318
0.36716464 0.3487796 0.3854613
0.38295585 0.38875258 0.4203289
0.30694008 0.33255127 0.3359439
0.32173753 0.3804982 0.32149434
0.22943175 0.5708824 0.7111069
0.28637505 0.60687435 0.5747855
0.3631163 0.49666002 0.6989294
0.5978718 0.62325436 0.61949813
0.6069778 0.6819431 0.6667352
0.55652547 0.5312721 0.47684485
0.42822695 0.56567955 0.50266254
0.13786456 0.50371623 0.5024328
0.088582315 0.49990028 0.5206937
0.32116815 0.484806 0.3217926
0.28284088 0.45872563 0.34956235
0.31274036 0.4860588 0.35373947
0.47572553 0.51023114 0.18548143
0.65961707 0.7501587 0.2907309
0.78183925 0.7723666 0.26945135
0.8632921 0.85261 0.22915499
0.33076054 0.67177516 0.4797148
0.25916895 0.5745513 0.48025247
0.21904236 0.040060658 0.6333684
0.27372772 0.07641121 0.5437553
0.32676488 0.0510424 0.5630399
0.23565772 0.0697519 0.60196435
0.05167371 0.022192918 0.77090704
0.26448578 0.10519132 0.65298235
0.8556106 0.35650185 0.6787263
0.36357003 0.033136707 0.40336844
0.3976996 0.14314598 0.58034384
0.34240907 0.19837484 0.6479584
0.9643464 0.40542594 0.62401605
0.89968413 0.299301 0.61628866
0.80105925 0.4724342 0.5970715
0.69299626 0.2646142 0.69627035
0.85600334 0.3860703 0.60831094
0.09030415 0.5839641 0.2665125
0.0783555 0.74899536 0.2666359
0.09138245 0.93129367 0.18325
0.09679916 0.62162477 0.18375097
0.18878451 0.4575779 0.2827858
0.108331755 0.5086628 0.23327082
0.47723758 0.4649281 0.51457417
0.4624736 0.49776447 0.48358527
0.57419586 0.6055426 0.51611316
0.5620122 0.59783965 0.5166882
0.76227367 0.5782217 0.5465836
0.7112436 0.41974667 0.5606723
0.39750993 0.41287544 0.52816564
0.7103332 0.24609041 0.51378715
0.15733755 0.014035463 0.5059489
0.73129284 0.17828244 0.5324764
0.15902168 0.029692352 0.48412356
0.7429944 0.24803853 0.5253986
0.050756585 0.00075921416 0.4462218
0.26474866 0.10022214 0.4904006
0.76813006 0.30359477 0.42186117
0.8185897 0.29555362 0.5554546
0.12083994 0.3828082 0.14264864
0.5166252 0.38979658 0.120166264
0.95037234 0.4457523 0.13520253
0.7398912 0.41991973 0.1818844
0.46556485 0.45590872 0.0897023
0.5058962 0.40838268 0.16706356
0.017584205 0.60198313 0.2149381
0.31852242 0.1742166 0.28456217
-0.0009912625 0.52966094 0.17274246
0.10029488 0.2951589 0.24552684
0.40588436 0.15063763 0.4725674
0.0020938255 0.28749058 0.64515936
0.0099592805 0.30124238 0.6127025
0.04704698 0.30373254 0.5847813
0.026012313 -0.03388971 0.45230505
-0.16600248 -0.15332454 0.2986498
-0.1839455 -0.116720445 0.33326554
0.033814535 -0.025456391 0.43985718
0.010884214 -0.034390032 0.652033
-0.01861056 -0.021872245 0.42613426
0.35600862 0.13684133 0.4870729
0.08218864 0.024095614 0.532122
0.24066475 0.109334044 0.492169
-0.16219848 -0.09577159 0.5284875
0.13455328 0.507482 0.6273135
0.043218687 0.70951295 0.6142107
0.26073408 0.44194368 0.6714647
0.08529051 0.5447695 0.6593715
0.08317804 0.56957936 0.64860284
0.09385584 0.58616626 0.6747384
0.19569343 0.5649365 0.69404984
0.23066097 0.5902507 0.5908786
0.3770483 0.48897085 0.6555778
0.8357587 0.47396365 0.6443056
0.29641464 0.4612932 0.6624973
0.2865032 0.44017935 0.637084
0.42829028 0.59984565 0.605924
0.026369072 1.13001 0.5367161
0.41684172 0.58799297 0.7781302
0.081040904 0.98317796 0.2837548
0.19246247 0.5128296 0.74564207
0.23381156 0.5394823 0.6156224
0.12356116 0.55035067 0.6496514
0.15704998 0.52321005 0.54573494
0.48466593 0.5676054 0.5134207
0.04221911 0.5415083 0.5317825
0.14452395 0.41571775 0.6000315
0.10501595 0.40145674 0.6037849
0.9367021 0.52177596 0.5940156
0.08895317 0.85562354 0.31809595
0.77795744 0.55844223 0.31181884
0.38005182 0.4346014 0.5644309
0.28368932 0.4528014 0.53421557
0.14508218 0.32419765 0.4982967
0.92825013 0.3625257 0.50440454
0.91253614 0.39757824 0.47434673
0.8826832 0.36412016 0.41685954
0.88902724 0.34352544 0.469008
0.93335915 0.36550298 0.49455518
0.91265035 0.36367214 0.42194712
0.92458653 0.34986225 0.5194878
0.7147587 0.08654698 0.499591
0.823223 0.3498058 0.46613178
0.0311324 0.6333092 0.8171544
0.053964905 0.9076174 0.7793472
0.07533147 0.7090049 0.810923
0.049182337 0.46450135 0.7870251
0.09010385 0.7451645 0.8658366
0.13138583 0.6635287 0.7479048
-0.038113683 0.3973231 0.8362515
0.10339955 0.6641358 0.8579676
0.8725808 0.35481745 0.63661754
0.622008 0.25390148 0.6175809
0.29472604 0.1122974 0.5214412
0.84781706 0.28545374 0.5959883
0.86454576 0.3266946 0.64547014
0.89762723 0.3655799 0.48520517
0.1892134 0.4981013 0.7240069
0.18732947 0.45977548 0.7175921
0.35867602 0.4950784 0.32984158
0.7460483 0.4902468 0.3055433
0.7347307 0.5992053 0.38736483
0.6975766 0.6518691 0.33995846
0.77566856 0.59770364 0.23604369
0.38562956 0.42128554 0.3132388
0.11524287 0.28016433 0.39740092
0.099367864 0.37538776 0.46158373
0.087943606 0.40034714 0.38334343
0.20849654 0.46620706 0.4571083
0.023996837 0.4933075 0.40085116
0.0128704235 0.39989772 0.3998547
0.024892341 0.35834387 0.4902445
0.089394525 0.46545506 0.53416497
0.19350466 0.5738625 0.33484897
0.89922786 0.54776317 0.46070752
0.061697353 0.38925895 0.46472582
0.0041733533 0.30089748 0.56345534
0.0062262043 0.719242 0.47389206
0.14210084 0.8317694 0.5437815
0.07037491 1.0531789 0.5067221
0.15516877 0.36622867 0.49208334
0.15473107 0.3728438 0.43789825
0.16853797 0.6845248 0.5840642
0.20609221 0.60358113 0.6974522
0.20271352 0.685868 0.41200146
0.13896367 0.6977493 0.30203232
0.062330008 0.51726943 0.1864634
0.023797385 0.5176578 0.1657163
0.030501619 0.4758072 0.19189918
0.013529845 0.43932644 0.2335718
0.92254347 0.4411157 0.88354254
0.16588888 0.5253738 0.3837686
0.32759076 0.6327346 0.21041204
0.15843806 0.62502223 0.21534339
0.14210358 0.57653993 0.16866815
0.06501894 0.57236075 0.17221777
0.033650704 0.42978558 0.05537135
0.07033705 0.8119133 0.067923084
0.24010777 0.47738755 0.034844145
0.18715864 0.48752138 0.13971464
0.15116571 0.4865668 0.13196841
0.7940257 0.24702266 0.5639625
0.74685895 0.17701128 0.5134443
0.763476 0.011012636 0.6930965
0.04964274 0.60969734 0.476739
0.0566646 0.6261075 0.46920797
0.061000746 0.52092046 0.5146977
0.07851287 0.51203686 0.50844145
0.069318905 0.63561696 0.5277802
0.1295268 0.6918383 0.53303266
0.44496888 0.23108894 0.7202128
0.017312799 0.3430645 0.8884196
0.23807463 0.09551678 0.72886837
0.8190063 0.3860233 0.1896051
0.6806968 0.4057676 0.16271296
0.7519529 0.41754138 0.10766271
0.17832425 0.37351993 0.3042601
0.11562095 0.29103366 0.27036843
0.0774604 0.4489607 0.25003615
0.05358568 0.5314786 0.3809986
0.16765764 0.5886227 0.37173638
0.11782276 0.62621194 0.31193876
0.16698784 0.65186566 0.38934565
0.1217602 0.66110903 0.31534907
0.20317748 0.62631494 0.34854895
0.16788241 0.58839715 0.5800528
0.16816711 0.61003196 0.5418662
0.082678646 0.5664528 0.31446582
0.12490668 0.64759606 0.29485014
0.058869302 0.5342617 0.3081746
0.6699159 0.36157024 0.5796883
-0.034612782 -0.050916553 0.5424509
0.09461968 -0.02417238 0.5529796
0.008379497 -0.061261065 0.5708803
-0.04834581 -0.057177946 0.6135286
0.045933157 -0.017939888 0.5802971
0.08704137 0.035947092 0.6836448
-0.036284335 -0.10228845 0.4792011
0.03297423 0.45670423 0.11689654
0.03866961 0.43270835 0.13311072
0.06278682 0.40719315 0.15753466
0.019973155 0.47274688 0.13572192
0.029585265 0.4846258 0.1403375
0.11563678 0.45647994 0.5512724
0.11525263 0.46189964 0.6062176
0.11216754 0.5035455 0.59590447
0.08530061 0.4761658 0.5938299
0.11854263 0.51364505 0.5145637
0.10778945 0.4684042 0.584108
0.08586492 0.56165 0.23184411
0.090569906 0.58702904 0.29760522
0.09904757 0.4917226 0.34956184
0.05293537 0.49718454 0.30964795
0.13491885 0.682716 0.33645344
0.06662218 0.55378366 0.2918895
0.060308076 0.5578314 0.30595404
0.19501856 0.06769156 0.5999651
0.22534984 0.15605426 0.56364906
0.42932358 0.20052645 0.60082674
0.22159922 0.13871455 0.5586944
0.8132051 0.36740348 0.61214495
0.59752756 0.26279607 0.6321118
0.023459636 -0.11192981 0.34733787
-0.03067673 -0.13752359 0.32029215
0.072728686 -0.0909865 0.4676989
