0.09804065 0.5047321 0.4747786
0.10752337 0.4651224 0.4508866
0.21727541 0.53144354 0.4860968
0.10220148 0.48221183 0.4964025
0.08862184 0.4745694 0.49531996
0.09104412 0.0037760623 0.5314936
0.15454952 0.034385514 0.45827088
0.08168587 0.00015516579 0.65029615
0.04433719 -0.023431472 0.531431
-0.03741646 -0.06449976 0.5688084
-0.025287155 0.5220234 0.2683919
0.0010359697 0.29684564 0.3122136
0.09348871 0.21585754 0.30632153
0.0034997426 0.6356577 0.3034409
0.04091862 0.27135882 0.29492563
0.03994789 0.54496735 0.5621399
0.15117119 0.52317077 0.53792727
0.0551967 0.43075293 0.49943647
0.12841053 0.06946059 0.51091766
0.655059 0.24513906 0.5895225
0.087035716 0.048110586 0.46792263
0.040826794 -0.03471099 0.5560028
0.075809516 0.051981576 0.59820974
0.5815733 0.27266592 0.49876317
0.9545822 0.40287864 0.57971966
0.9446339 0.3744849 0.46872318
0.7433496 0.40691417 0.80825776
0.8647482 0.4123375 0.6259067
0.3861772 0.28166956 0.7389179
0.8921178 0.4121962 0.68069226
0.20747307 0.38639718 0.5877162
0.19968349 0.5332141 0.2953845
0.18670309 0.5380471 0.2963985
0.13445666 0.6819263 0.28075996
0.8411773 0.4727573 0.51246554
1.3834966 0.6988271 0.5457207
0.069425344 0.5570815 0.50688934
0.0312751 0.40135205 0.5657922
0.19127744 0.51994133 0.40877718
0.17535296 0.51869 0.4325429
0.14496055 0.44500405 0.55898446
0.12156011 0.4940234 0.5662301
0.11093912 0.70519006 0.52029234
0.13342412 0.6109332 0.49306113
0.7821403 0.81069684 0.3690917
0.38493294 0.75089383 0.33681923
0.59816 0.739163 0.32855046
0.56650895 0.7118756 0.27288514
0.764695 0.8346057 0.32375383
0.7514098 0.77735364 0.28833517
0.04534237 0.04356126 0.4749908
0.0059983395 0.05357652 0.5376286
0.13933663 0.09618825 0.45111197
0.04411467 0.014098443 0.54980165
0.088010356 0.040261455 0.49812526
0.046688516 0.08749671 0.46888897
0.04730115 0.022293285 0.47194317
0.05934991 0.8542582 0.21580952
0.04871414 0.719301 0.2044161
0.12857215 0.76098186 0.2123374
0.18732038 0.7083752 0.18640804
0.18295994 0.76853985 0.19268411
0.66723174 0.44918597 0.655832
0.6812957 0.5016057 0.69520056
0.91425884 0.53196096 0.68187255
0.7201976 0.55058825 0.6684616
0.74474293 0.57110214 0.6557085
0.80628717 0.701058 0.72799045
0.3416065 0.19543329 0.45844227
0.31133315 0.24836692 0.5308034
0.06899147 0.2924434 0.27855635
0.353279 0.36842817 0.35270056
0.38171765 0.42136955 0.4478857
0.27033812 0.42532405 0.27810726
0.3189012 0.39741975 0.29424796
0.21422718 0.59521425 0.6916881
0.32253727 0.6045007 0.52613974
0.39219967 0.52417535 0.6340975
0.67802066 0.6480086 0.5841375
0.61675805 0.65944827 0.6039991
0.97635573 0.6807445 0.50591207
0.43032753 0.57444453 0.5197824
0.1298995 0.4937783 0.5058114
0.12833025 0.49591333 0.48682767
0.24666826 0.49460715 0.30054942
0.21062076 0.49125025 0.32490242
0.24641785 0.5124086 0.33772376
0.6163671 0.5640304 0.37304068
0.6435754 0.8447079 0.28425115
0.8222768 0.8928926 0.2532958
0.8675147 0.9516743 0.23592445
0.34207395 0.6591786 0.49784887
0.25020587 0.53843576 0.5115446
0.20698696 0.07589749 0.6113169
0.21245816 0.078298226 0.5738598
0.21094136 0.04534976 0.62021846
0.19507144 0.052667245 0.6342123
0.12243786 0.13148072 0.7342115
0.08029849 0.105790526 0.6742115
1.0450646 0.45599124 0.68642366
0.1887973 0.0091898665 0.406297
0.6139733 0.26186725 0.61507225
0.21015304 0.16693899 0.6195062
1.0341036 0.4054766 0.5966896
1.0238235 0.41374987 0.55464494
0.067421794 0.30531392 0.6430127
0.8188333 0.3502224 0.69200397
1.0170615 0.4877828 0.53788185
0.078599796 0.55064297 0.2695267
0.08372757 0.61427635 0.27574098
0.08057989 0.92172796 0.19215868
0.098464265 0.51517344 0.20945576
0.085079715 0.41939312 0.27910912
0.08904325 0.4736372 0.1933079
0.61857635 0.5585157 0.51569474
0.5400799 0.5526291 0.50232744
0.6643599 0.6239847 0.5260602
0.6289851 0.6220398 0.5265683
0.6837837 0.52626055 0.57182866
0.76508325 0.47145987 0.5643583
0.47146934 0.29699504 0.51953644
0.75236696 0.27428952 0.47517192
0.07099132 0.0020749867 0.4657896
0.66646284 0.24832037 0.3705436
0.39451265 0.17033061 0.5160609
0.21666661 0.051223114 0.4658634
0.06010099 0.0018525757 0.44982916
-0.023285802 -0.008003205 0.46781817
0.60285574 0.22936502 0.45799947
0.21264452 0.09611356 0.57247317
0.19131124 0.2745136 0.23879868
0.22010738 0.27512926 0.22618285
0.8640229 0.4154305 0.19282797
0.6050655 0.34096307 0.2514564
0.49321166 0.33372 0.21989562
0.33424637 0.29812387 0.23269805
0.031373136 0.63234365 0.20890757
0.7507451 0.37120086 0.20142864
0.03429634 0.43873787 0.19268745
0.0627568 0.41902667 0.20065749
0.29968458 0.19247034 0.42346764
0.0065057464 0.29051232 0.6077786
-0.074527636 0.2543607 0.63182086
0.11355172 0.3275581 0.5494181
0.024326377 -0.046348013 0.5175995
-0.266213 -0.09297963 0.36140436
-0.21771684 -0.10340787 0.36614725
-0.15798262 -0.08431455 0.5149809
-0.085593134 -0.07553468 0.6730242
0.12507203 0.036936484 0.4374953
0.26793706 0.11471134 0.55314314
0.06553895 -0.0026533008 0.5572226
0.35277426 0.14464694 0.50633013
0.0955185 0.006193381 0.40491956
0.092885405 0.4923997 0.6302491
0.030916184 0.6716225 0.6079771
0.2349174 0.44156474 0.67038304
0.0746884 0.48120588 0.5988019
0.111852944 0.53477263 0.63394773
0.28357157 0.59322125 0.55479103
0.25834626 0.659155 0.52258295
0.23661703 0.5950929 0.5503313
0.37178257 0.45821363 0.6027256
0.9591755 0.63751364 0.61234957
0.4877281 0.5211086 0.63146126
0.30366 0.4917581 0.5943383
0.47387508 0.62217367 0.5623844
0.07093923 1.0763683 0.4820652
0.48936424 0.58407533 0.7331732
0.093869016 0.89482534 0.30389732
0.06361652 0.42475697 0.75161535
0.19595432 0.5531819 0.6069503
0.11094144 0.5150841 0.62802535
0.18248057 0.5612915 0.54606855
0.67316645 0.67634606 0.47872612
0.09468196 0.499453 0.58193886
-0.021621082 0.3694928 0.6734653
0.030257106 0.40114322 0.6003887
1.0042855 0.5721197 0.588618
0.49325094 0.6525425 0.3506495
0.1187897 0.4201794 0.3755694
0.34340703 0.47689256 0.5525791
0.25909945 0.45887423 0.4989308
0.12918721 0.37942213 0.4233943
0.98426944 0.41534728 0.50450873
1.0589967 0.42956305 0.45979762
1.042119 0.415538 0.42502475
0.97210723 0.3956073 0.5020633
0.940326 0.40739405 0.5026156
0.9527201 0.37486824 0.43164715
0.99212056 0.42774802 0.5191029
1.0315268 0.37827197 0.3935566
0.92596895 0.40492815 0.46790218
-0.013349775 0.53099316 0.80550396
0.028733108 0.7952013 0.8048997
0.04837875 0.6099572 0.8140252
0.078126326 0.43657467 0.7687966
0.055465363 0.66897 0.8253289
0.10722233 0.478138 0.757803
-0.06652591 0.3500288 0.78656906
0.03943725 0.49450448 0.83646816
0.95753914 0.42112106 0.6491722
0.82748634 0.3318219 0.5433179
0.32493713 0.114614755 0.52734643
0.68456966 0.29765445 0.5270163
0.80841535 0.34563482 0.5306555
0.7539828 0.35645747 0.50716233
0.18940653 0.50576395 0.6920322
0.15481919 0.43461245 0.69146913
0.16564341 0.53727686 0.36583084
0.5442793 0.6201014 0.2905357
0.50360924 0.62752604 0.37694606
0.32056236 0.7039147 0.34120452
0.7563867 0.64534986 0.2823255
0.49789327 0.7726878 0.29596177
0.07576524 0.28432673 0.42661
0.12762618 0.35386318 0.4880811
0.05522478 0.44030112 0.42763847
0.13234335 0.41318053 0.3489693
0.036508255 0.41888565 0.42460704
0.07158416 0.4239966 0.38429934
0.11380409 0.3835857 0.44345033
0.05768327 0.4810561 0.5142562
0.20756279 0.4690526 0.36968803
0.81576085 0.56959707 0.49021506
0.0017833896 0.40025476 0.4523139
-0.02662864 0.33842486 0.56403226
0.010424919 0.6423483 0.46927714
0.10831943 0.7800145 0.59793216
0.09134957 1.1437985 0.4749004
0.11829079 0.3931271 0.53109086
0.33769867 0.4010931 0.47442874
0.10678887 0.54116946 0.64340717
0.07056253 0.53817123 0.6356401
0.16302367 0.6270872 0.37689972
0.13449864 0.6415224 0.27199173
0.13128267 0.44972235 0.25308764
0.010881335 0.4735838 0.20934218
0.03535827 0.43435985 0.23682404
0.030515771 0.43571386 0.26464826
1.1276567 0.77259433 0.70070773
0.09322074 0.49071664 0.4755636
0.3240595 0.6431408 0.17173478
0.14121518 0.62015057 0.23631218
0.09507443 0.55832434 0.20282888
0.017020062 0.45791048 0.23095572
0.011925776 0.5073223 0.055063166
0.09871635 0.6542964 0.09890583
0.18560153 0.3661639 0.14379643
0.18181463 0.46971118 0.1377973
0.11036633 0.4924066 0.13891178
0.6410134 0.1999625 0.5337863
0.89860266 0.3359872 0.306723
1.0969276 0.36278018 0.23553538
0.07635796 0.58948827 0.4902069
0.10563617 0.57648903 0.49772367
0.08690247 0.5051881 0.52664167
0.0891605 0.50565267 0.5290886
0.11026661 0.5583744 0.5339094
0.14782017 0.6365317 0.5215566
0.45106834 0.23473084 0.70659816
-0.032434452 0.3492236 0.902549
0.43677977 0.20359993 0.65150577
0.7433172 0.34470367 0.2385264
0.70386136 0.3547067 0.27661806
0.13743758 0.25606886 0.17777136
0.18701705 0.38185477 0.292881
0.105704755 0.28914014 0.27929166
0.15024999 0.3513894 0.24257994
0.10890293 0.54905975 0.40223446
0.1799495 0.5609691 0.3678314
0.122381955 0.54045516 0.37610632
0.17914802 0.6350844 0.39043862
0.07926295 0.5881904 0.29703772
0.20832042 0.61529016 0.35491857
0.11495751 0.5869696 0.57865524
0.10963446 0.5439476 0.5639057
0.18466948 0.4876335 0.34921724
0.23668954 0.5413099 0.37232172
0.1551769 0.48507833 0.35773268
0.09949979 0.27224198 0.6194325
0.014097061 -0.01163996 0.5534441
0.047715154 0.004683275 0.53388697
0.12518013 0.027648352 0.4908838
0.114215456 0.009639733 0.6046157
0.16198272 0.050845854 0.6401933
-0.0046560206 0.0026360638 0.7233662
0.0086669065 -0.0014924183 0.53327894
0.014714997 0.4555272 0.14473042
0.07838578 0.40272492 0.1787489
0.04590862 0.41198245 0.17987719
0.027838137 0.42738318 0.16083017
0.029620957 0.4286573 0.1910522
-0.024504613 0.47875318 0.5834982
0.024134781 0.4459157 0.61046857
0.037337486 0.4617862 0.620195
0.016289517 0.44477308 0.6067907
0.035172023 0.4841627 0.54958427
0.09497194 0.4686069 0.5721708
0.14727056 0.48926568 0.31372565
0.07713955 0.57237875 0.30520058
0.07775807 0.46116838 0.35049754
0.09277314 0.4518137 0.36101067
0.14413238 0.656595 0.35858694
0.13371754 0.5017389 0.335467
0.11701767 0.5256619 0.33475626
0.07276823 0.033094786 0.54960614
0.52936524 0.25278467 0.6161638
0.43688923 0.19804472 0.62258893
0.33488134 0.18232131 0.56105715
0.80710626 0.36344767 0.6501685
0.7454149 0.3474663 0.618003
-0.14864403 -0.09768591 0.41754118
-0.1253747 -0.110181116 0.4513668
0.04632118 -0.031795718 0.49706742
