0.118177615 0.527523 0.4685619
0.13560614 0.40656197 0.4866458
0.30074036 0.5462407 0.52001524
0.11693712 0.46725202 0.488155
0.091614395 0.4792148 0.49229896
-0.0038866177 0.6154173 0.21878755
-0.0049757585 0.29777434 0.30667627
0.047601968 0.19841844 0.27536193
0.0014115348 0.9118072 0.24096453
0.12127657 0.39158326 0.2890114
0.025710039 0.5769607 0.5482539
0.100762315 0.57476187 0.5275687
0.08107941 0.38459718 0.5169253
0.8616491 0.40340006 0.8013405
0.81556666 0.3703357 0.5994953
0.4752068 0.31580445 0.7749527
0.8059234 0.38923514 0.74083346
0.16407135 0.3941175 0.65115285
0.24982 0.5571565 0.29277697
0.1967744 0.5187848 0.30947423
0.15394095 0.6847117 0.296152
0.5375124 0.3344679 0.39976254
0.62769717 0.37369052 0.40178877
0.0773685 0.489218 0.5807313
0.08274647 0.33849847 0.627086
0.20294365 0.5348808 0.4279548
0.1828518 0.5342751 0.43409014
0.18394825 0.4474224 0.6225607
0.18983462 0.516951 0.58142275
0.08991378 0.79516435 0.52914
0.102992564 0.6934724 0.50830853
0.81154925 0.80982167 0.36805546
0.42554173 0.7123809 0.329389
0.55393094 0.7135935 0.3297955
0.55781615 0.68469644 0.2738397
0.8241301 0.85262144 0.30563134
0.7311598 0.75320196 0.29280195
0.063167915 0.8540321 0.22613418
0.07934155 0.81533027 0.19681352
0.12827387 0.75677425 0.22871518
0.1355977 0.75196135 0.156928
0.14281315 0.81935257 0.18875897
0.7122676 0.46189907 0.66980326
0.7382179 0.53898245 0.7358032
0.91723317 0.57305586 0.69349647
0.76002574 0.5626707 0.6805174
0.7430852 0.56124955 0.64908224
0.8370097 0.7235594 0.7812988
0.32633874 0.18885982 0.49922067
0.33080956 0.26459664 0.59591454
0.02836277 0.31758422 0.3041125
0.5339164 0.44400728 0.3762311
0.40544346 0.4656677 0.39601976
0.3058063 0.40882868 0.31103772
0.35569194 0.44611213 0.32058027
0.20100054 0.55349004 0.7091734
0.22576553 0.5176072 0.63692224
0.4145457 0.4657359 0.71987647
0.70219797 0.6706733 0.6207674
0.6627274 0.68800163 0.64051247
0.707239 0.6233855 0.588757
0.46522003 0.58570623 0.5347757
0.21434969 0.50922084 0.51959646
0.19451964 0.4681826 0.5149471
0.24976206 0.44179094 0.29082668
0.19933808 0.44417298 0.32341787
0.25453433 0.48156697 0.31157574
0.3606557 0.6675611 0.5085326
0.35176075 0.60632193 0.53587246
0.27436876 0.15734869 0.49651194
0.7800962 0.3676813 0.5389544
1.0710571 0.4608763 0.5389641
1.1823801 0.47912768 0.5583508
0.9087992 0.48966342 0.5576481
0.7016894 0.29761767 0.6898221
1.1731626 0.5233664 0.52137876
0.08593187 0.61581683 0.24473086
0.085310735 0.73524964 0.26626298
0.073301636 0.9665926 0.19153866
0.0970614 0.57809556 0.18853447
0.20441112 0.35597882 0.4180516
0.08908014 0.49080628 0.24746066
0.49877748 0.505037 0.5351952
0.6323392 0.59197867 0.5342159
0.6173031 0.5935446 0.52527535
0.5923037 0.5875197 0.52123976
0.71948314 0.55856466 0.57119113
0.8144643 0.49807838 0.5797308
0.27565876 0.32622468 0.55351067
0.12452655 0.31471497 0.23033166
0.34123307 0.31722543 0.17933327
0.82654554 0.4128925 0.21690184
0.5380114 0.36645168 0.21054831
0.301504 0.3434704 0.17519107
0.3567637 0.29461673 0.20057029
-0.0074962974 0.6359643 0.22997814
0.8161828 0.4176066 0.30893955
0.018447079 0.5989046 0.1759612
0.028400071 0.3677451 0.23285568
0.13866055 0.45636725 0.6585161
0.057606466 0.57803434 0.6350933
0.27340758 0.4406993 0.6599614
0.25048566 0.41758686 0.73539966
0.1347748 0.4845716 0.6874392
0.21348774 0.40296638 0.69792527
0.21647292 0.4953103 0.7036237
0.1553281 0.4980561 0.6163219
0.39819416 0.48374286 0.669506
1.0798066 0.59268564 0.6361364
0.4698058 0.5023926 0.6819117
0.3003294 0.4603297 0.6023659
0.5407574 0.6294073 0.63413477
0.024852939 1.199369 0.48793894
0.4733784 0.57967615 0.7704988
0.040520407 1.1637986 0.33737013
0.12225893 0.46209612 0.7338072
0.13999948 0.5419294 0.7114882
0.14467672 0.51027507 0.7409648
0.12205673 0.44362348 0.62362874
0.5019843 0.51522666 0.5458279
0.15978357 0.46584696 0.6232882
0.07959318 0.33755982 0.6559636
0.117115855 0.37825656 0.6432864
0.7086795 0.47137445 0.56017834
0.046924025 0.5614096 0.399275
0.69433993 0.40750748 0.32737315
0.3832366 0.46401778 0.54628754
0.25344574 0.4322912 0.55417114
0.16320288 0.34328914 0.42589855
0.01087179 0.4551079 0.83143824
0.0020564124 0.68888134 0.8290341
0.007218875 0.6143656 0.85115075
0.17574507 0.391038 0.77085704
0.0128913745 0.7229662 0.8489253
0.021441601 0.45427078 0.8014719
-0.03292185 0.27420712 0.7899235
0.019352652 0.6097384 0.8635821
0.21559238 0.4527422 0.7394877
0.16065851 0.4244746 0.71748
0.22584426 0.46183318 0.27814734
0.41634947 0.45999998 0.26159248
0.23692128 0.46860594 0.40226513
0.3060739 0.6199591 0.3269546
0.71406597 0.54500604 0.3944305
0.11349926 0.35600185 0.2536417
0.100653246 0.30984008 0.39262503
0.047453865 0.3342226 0.42039987
0.17266163 0.33137593 0.42743582
0.036945283 0.49237022 0.43481478
0.050637502 0.42043364 0.4171296
0.018323816 0.40758377 0.41416866
0.07985318 0.3283556 0.4615462
0.075987935 0.42490992 0.5025744
0.16415948 0.50512415 0.40977338
1.0847646 0.5485439 0.44172034
0.094976015 0.35957855 0.49387148
0.04809971 0.29293263 0.5252796
0.013562702 0.63421196 0.44866043
0.07127411 0.7026887 0.60128605
0.01926317 1.0807467 0.5773953
0.14380735 0.30092323 0.5511513
0.16220236 0.4281237 0.49319088
0.11931644 0.6804875 0.657167
0.16895473 0.5170807 0.7049826
0.192011 0.57997036 0.38119912
0.13240725 0.7101687 0.29792422
0.083603345 0.50456613 0.2181514
0.049406916 0.48408562 0.2001057
0.051982388 0.49695116 0.21045631
0.045508042 0.4548499 0.22124755
1.0293919 0.5636673 0.84630895
0.19346777 0.48389804 0.419505
0.31805342 0.63313586 0.21713486
0.16800553 0.6227256 0.1977406
0.17943302 0.5492698 0.1947506
0.12673126 0.49907565 0.19714263
0.044295494 0.5470844 0.12966888
0.0774078 0.85282 0.10342237
0.110593125 0.3570194 0.13206482
0.18625239 0.4882744 0.18680263
0.15639877 0.4668514 0.14408395
0.13495451 0.4924348 0.5124897
0.13939552 0.48309693 0.50313735
0.12829623 0.45205098 0.52737576
0.141209 0.45417377 0.5432595
0.17940024 0.55223763 0.5494146
0.18744358 0.70957726 0.55517447
0.36646366 0.19213897 0.6805199
-0.07284749 0.29637164 0.8666874
0.48079273 0.23226875 0.78935784
0.15338176 0.3392269 0.307006
0.11064877 0.29207402 0.28504506
0.10859068 0.38621545 0.2659127
0.17090249 0.48762745 0.37022012
0.22084042 0.5625625 0.3558691
0.15444444 0.59600306 0.34202445
0.20468777 0.62783134 0.40213722
0.12941831 0.65881586 0.28013965
0.23019582 0.58978033 0.33835813
0.1749085 0.53832954 0.5956323
0.15723434 0.5326332 0.5672314
0.0495364 0.5714867 0.33013746
0.15211785 0.7444932 0.37217078
0.13364923 0.56370646 0.35840386
0.25251773 0.24336863 0.54964095
0.0439082 0.43336874 0.16416591
0.03171806 0.43965006 0.18572518
0.017203234 0.37574998 0.20677203
0.021578126 0.51038635 0.16607434
0.028127946 0.47940546 0.17403802
0.15348199 0.38043165 0.6057974
0.11814818 0.40216723 0.66223466
0.10353626 0.42262095 0.6270954
0.114891306 0.40415847 0.6375497
0.11749982 0.44844294 0.549223
0.15193665 0.42467928 0.62205344
0.1326387 0.5730339 0.29326132
0.06996335 0.59883636 0.31659514
0.094629705 0.5203161 0.31951112
0.08389951 0.4337734 0.35722464
0.16003099 0.76963854 0.4032448
0.07981401 0.5569935 0.36359257
0.08445676 0.5972242 0.34113112
0.4723034 0.21357942 0.5583743
0.3053096 0.21100804 0.55869937
0.39034545 0.19286126 0.6000469
0.6003966 0.2985846 0.54432046
0.8784295 0.41123694 0.6351843
0.9168766 0.39664146 0.61969763
