0.077164024 0.5010359 0.45924908
0.07133857 0.4131737 0.49308985
0.25030237 0.5485391 0.49402934
0.07803291 0.4741695 0.45995438
0.09922245 0.45116776 0.46837312
0.10482497 0.0049608015 0.6230423
0.18007204 0.05592472 0.44697255
0.0391252 -0.017400466 0.64604884
0.008387625 -0.017841943 0.5079072
-0.054710224 -0.0523706 0.54805624
-0.018291883 0.5383635 0.25349432
-0.017440125 0.24032354 0.28350884
0.0567609 0.15804738 0.31963974
-0.004480295 0.8472674 0.23793617
0.062214844 0.26832494 0.31441265
0.075455874 0.47238037 0.5857184
0.12844414 0.51062864 0.5283625
0.11246778 0.3932457 0.5104561
0.02666308 0.0040378273 0.56467587
0.81036425 0.33364618 0.5909063
0.084228516 0.040208064 0.45515043
0.091970444 -0.029489346 0.5818688
0.03556893 0.05576234 0.6245732
0.6002685 0.19326267 0.56867486
0.9022079 0.4316609 0.5626958
1.086383 0.40855736 0.5726529
0.95959044 0.5127034 0.8026646
0.99389625 0.44357926 0.5944281
0.5427861 0.30967164 0.81564695
0.89839596 0.42796347 0.7318802
0.36016998 0.44585317 0.66474074
0.23786643 0.52196836 0.2793305
0.21575102 0.51313895 0.3022126
0.16328683 0.6659408 0.2876383
0.39224648 0.37160072 0.45914257
0.5277737 0.3334038 0.43941796
0.010434132 0.5361043 0.583803
0.0984375 0.3467399 0.58521956
0.21574041 0.5186608 0.41558725
0.19663644 0.5211327 0.42091805
0.20271382 0.44689697 0.57213306
0.16970232 0.5709108 0.61259145
0.09631734 0.8957522 0.54066104
0.11749796 0.71347225 0.53483963
0.8120847 0.83055216 0.36282223
0.39179623 0.7447532 0.3331837
0.53051716 0.71810544 0.29906142
0.5916022 0.7335429 0.27372983
0.8088434 0.85488087 0.3023795
0.79159915 0.8084031 0.25748402
0.02454796 0.034760274 0.4850301
0.1329521 0.06705589 0.5631883
0.06883345 0.06461361 0.45164603
0.009890828 0.017631933 0.5284024
0.48787728 0.18541595 0.52322984
0.20567912 0.108488105 0.47341615
0.06863557 0.02537937 0.5343581
0.058168493 0.8692747 0.2262074
0.08446827 0.7619825 0.21918242
0.11589271 0.80805755 0.23635207
0.17773056 0.7368208 0.18031876
0.13788824 0.8723627 0.19426353
0.6615416 0.44768482 0.6297831
0.7032497 0.52236444 0.67546886
0.9001489 0.58693695 0.70871466
0.7383603 0.57342386 0.6765072
0.72344637 0.5590228 0.62780136
0.8278947 0.75033677 0.75251585
0.41989315 0.22495705 0.48798752
0.34561178 0.24682331 0.5849552
0.031219652 0.2212188 0.29490507
0.4048312 0.34099394 0.36625022
0.34574875 0.38397902 0.42716902
0.33316377 0.3476227 0.33273804
0.34305373 0.38853538 0.3179509
0.24271822 0.56424326 0.726736
0.3554401 0.5815675 0.54577816
0.37988076 0.50033504 0.690038
0.5896853 0.64091927 0.62226063
0.60447973 0.6726006 0.63688916
0.61708593 0.6083952 0.5020571
0.42619348 0.5413498 0.5261606
0.18919557 0.50022346 0.49510252
0.15614697 0.47269392 0.47430176
0.26272583 0.5130062 0.28351593
0.23702714 0.53069544 0.2991848
0.2687271 0.552014 0.30557978
0.68686366 0.72713673 0.3060012
0.6361145 0.75134873 0.20298317
0.76597524 0.75229275 0.1761361
0.88175094 0.8654516 0.14269546
0.39763132 0.66631174 0.49611676
0.36784932 0.6042954 0.49848282
0.21411234 0.068825826 0.6376341
0.18931207 0.07239872 0.53985727
0.21802154 0.043568283 0.5204023
0.21967518 0.0132287 0.5661709
0.11366801 0.03581271 0.82452327
0.0022790134 0.01804325 0.76861614
1.1830425 0.434043 0.7802063
-0.14206573 -0.16333294 0.4179182
0.6630455 0.27187765 0.5862469
0.27447712 0.23630187 0.60871917
1.0552182 0.41327912 0.61464924
1.0334173 0.3900077 0.5957089
0.28052902 0.31144592 0.59401375
0.75926876 0.29336426 0.675489
1.1347959 0.53502333 0.57611305
0.10295695 0.59478027 0.26573864
0.10039047 0.6413102 0.29081947
0.0800834 0.92668194 0.22081082
0.11142567 0.61436355 0.1894002
0.011441961 0.41167822 0.3203174
0.18002802 0.4878859 0.18143322
0.49690437 0.48812103 0.5007482
0.56558806 0.55330163 0.48822618
0.5621292 0.5713785 0.5338307
0.5854203 0.5920079 0.5304363
0.7572174 0.53798956 0.62855804
0.8839784 0.489325 0.5557977
0.17427027 0.29997212 0.56798744
0.78197664 0.30353075 0.48450452
0.47297028 0.16071993 0.49098492
0.40516987 0.08697502 0.46581692
0.6763818 0.26986206 0.52130675
0.58849335 0.20210266 0.48710126
0.49038854 0.17552543 0.5118831
0.24855345 0.11386861 0.44922513
0.9428227 0.4101851 0.42226136
0.9198342 0.37353572 0.52266186
0.08006774 0.23768595 0.26357108
0.11608122 0.2933401 0.21654133
0.9763157 0.444615 0.16008466
0.35068443 0.25572884 0.23476692
0.44804788 0.38484854 0.14360096
0.28522915 0.2564362 0.19063523
-0.015759118 0.6010874 0.20076187
0.3838683 0.2109569 0.076899864
-0.020953044 0.5156054 0.1611603
-0.0006486699 0.3220808 0.20733899
0.40399447 0.18633047 0.44345522
0.08412692 0.26016492 0.59138197
-0.023295924 0.26083964 0.6171777
0.053874314 0.29391482 0.53791636
0.13982178 0.03077842 0.41065514
0.02320673 -0.08000349 0.3315764
0.17320172 0.029810589 0.27113158
0.17559883 0.045188963 0.37023777
0.17686972 0.07262742 0.51964015
0.055115435 0.012600176 0.4291306
0.5247504 0.21642211 0.34102887
0.16161795 0.06080309 0.5636656
0.42133552 0.17484821 0.47360528
-0.032892935 -0.04446517 0.47107297
0.13354483 0.4775208 0.60389656
0.053751726 0.61913866 0.628519
0.29064754 0.4462031 0.6637529
0.067960374 0.38632625 0.6128307
0.13990736 0.5371997 0.62138426
0.03915021 0.45982623 0.566561
0.13013323 0.59110916 0.5569289
0.054190286 0.47843927 0.51218456
0.37371373 0.4912269 0.6273832
0.87568295 0.49322087 0.60007167
0.36235392 0.45954192 0.6816331
0.3120661 0.44904616 0.61298215
0.4398634 0.61611724 0.5784372
0.040303797 1.0732775 0.5368579
0.4852902 0.55010855 0.72694224
0.16099617 0.8407368 0.3025286
0.15645964 0.4166047 0.6948541
0.22949103 0.5274125 0.60519236
0.25635305 0.4974075 0.66594476
0.075648405 0.45150957 0.5114259
0.83606243 0.5947937 0.4874255
0.082797594 0.55411595 0.5525515
-0.0043474063 0.26874468 0.61581606
0.115145005 0.3571532 0.6210455
0.9503064 0.51731336 0.57632923
0.19242936 0.48443007 0.3198712
0.11608213 0.5749449 0.31244516
0.38299713 0.45955068 0.553209
0.28054717 0.44290388 0.5035885
0.17158759 0.3258823 0.44918692
0.9480084 0.3664941 0.44873565
0.96723413 0.39960298 0.45500612
0.94285035 0.37869 0.4283554
0.9495199 0.35216832 0.43690062
0.9019273 0.35042393 0.41375595
0.92642224 0.3528347 0.41486228
0.946465 0.3750417 0.44677925
0.6659235 0.13476643 0.15888678
1.0186827 0.44611436 0.45625538
-0.058980703 0.5665275 0.77816516
-0.0043105558 0.9134649 0.7564892
0.06319767 0.636302 0.775693
0.27495667 0.4093629 0.76546633
0.09170161 0.74974906 0.7837706
0.074760206 0.5092223 0.71376264
-0.1218758 0.2238293 0.73541784
0.13215771 0.47477302 0.78022647
1.0344273 0.42125732 0.6881806
0.7421691 0.29446915 0.553253
0.27101004 0.08649238 0.51358896
0.8645399 0.32950577 0.59645385
0.8868232 0.3624459 0.5385548
0.89383113 0.36433315 0.58184355
0.19692802 0.46361792 0.7012417
0.16797876 0.44966853 0.6989319
0.2906833 0.56472754 0.305691
0.42249706 0.4838196 0.2547207
0.34346452 0.54137594 0.29361165
0.36852986 0.52166605 0.15333422
0.25555745 0.36410004 0.11470862
0.17857274 0.31938136 0.05277697
0.048263457 0.2814921 0.4444477
0.014341813 0.28080824 0.44253004
0.06519984 0.35757178 0.42087126
0.019198123 0.48875982 0.37831122
0.036638405 0.40321487 0.42682594
-0.007646717 0.3775943 0.40497768
0.035427466 0.27793437 0.44907057
0.06072249 0.39252737 0.516776
0.080919445 0.4443652 0.40133888
0.6099806 0.47109145 0.45419288
0.013664272 0.3682021 0.4664961
-0.03359747 0.23106745 0.5309034
-0.011450395 0.6932005 0.47944808
0.044506706 0.89677835 0.57969296
0.057597242 1.0698545 0.5318799
0.06406117 0.26137966 0.53362054
0.16563204 0.39974767 0.454319
0.13603437 0.71602654 0.627123
0.15540269 0.5287194 0.6811721
0.2349909 0.6326047 0.3581673
0.1359793 0.749617 0.29268306
0.037108224 0.39246637 0.2518643
0.05897706 0.41618252 0.23445289
0.060655493 0.46007162 0.21938756
0.032262906 0.3944504 0.24077775
0.75795877 0.49470115 0.6539757
0.07016926 0.3435101 0.42432135
0.34142685 0.6264287 0.20467538
0.18673697 0.6234281 0.19784328
0.17141435 0.58167243 0.16656253
0.123036616 0.48022926 0.18178543
0.051969633 0.51599014 0.08605471
0.053148158 0.70021576 0.14215447
0.36636227 0.4637512 0.061844442
0.1719383 0.5300654 0.1399695
0.1600363 0.50566757 0.114936605
0.65639496 0.2383194 0.5067649
0.79014945 0.25613302 0.42641246
0.619262 0.20638242 0.37243146
0.059894547 0.4949628 0.47004914
0.05165243 0.5193653 0.45255852
0.08233873 0.43093887 0.490287
0.113354824 0.43792814 0.47761226
0.05354409 0.48134363 0.5022233
0.10823303 0.66589427 0.5104091
0.4904735 0.25006482 0.71767145
-0.1407128 0.31839737 0.8686567
0.4020088 0.18896219 0.60588783
0.56857914 0.35944587 0.14071107
0.81033504 0.41382232 0.20939197
0.45357248 0.35971648 0.1578154
0.17268255 0.36857516 0.3039049
0.092379004 0.29434618 0.28557998
0.14480379 0.33037868 0.27785212
0.12599061 0.49552295 0.34774446
0.22139108 0.5708748 0.34078234
0.15423921 0.5570433 0.36185318
0.19497764 0.61600906 0.40864992
0.1299114 0.60310364 0.2861696
0.21558988 0.62792945 0.3385256
0.17756444 0.5776987 0.5657977
0.13844645 0.5622464 0.55251
0.06233797 0.5077303 0.3428052
0.13609976 0.56983036 0.39123708
0.0744612 0.472199 0.39910454
0.19774246 0.24559236 0.57873815
0.01719302 -0.0020776466 0.58637553
0.020604424 -0.025694981 0.5870427
0.10235384 0.0006245747 0.5515613
0.13042611 0.05858205 0.5515323
0.028698858 -0.0033264086 0.5532145
0.1301862 0.043890603 0.728298
0.04229392 -0.06842243 0.52691835
0.018903293 0.43671033 0.1374039
0.064101994 0.42804575 0.17042564
0.060132742 0.35542285 0.15173104
0.044885397 0.45377544 0.16229083
0.037449606 0.4173388 0.1726946
-0.012987107 0.33826816 0.5354944
0.07527114 0.37037358 0.6016684
0.044725668 0.34945548 0.5911315
0.03152037 0.3486775 0.5831238
0.043850653 0.36426866 0.520414
0.14353517 0.42050004 0.56804633
0.099600114 0.45157674 0.32233405
0.08055729 0.5880201 0.31193143
0.11018395 0.47303677 0.31478173
0.09050009 0.43678743 0.33730996
0.13922632 0.71551526 0.37249243
0.077793375 0.487424 0.3412575
0.097304344 0.53364193 0.33713305
0.68263656 0.3012403 0.584208
0.25361708 0.1809769 0.58679664
0.26486796 0.1722737 0.5842376
0.10796787 0.10188961 0.5420385
0.95226157 0.4305095 0.5828231
0.6513332 0.28896603 0.57347035
-0.13921443 -0.22980386 0.50007683
-0.10472835 -0.23057124 0.594971
-0.0006262362 -0.14895037 0.5938295
