0.096982256 0.5489441 0.42404583
0.12219349 0.48007712 0.42586443
0.20397191 0.5530541 0.49958044
0.115623675 0.5140458 0.47012976
0.10104181 0.5049744 0.4391817
0.13474467 0.0120311305 0.59028506
0.19098262 0.030795902 0.55744386
0.24892321 0.060022116 0.73747194
0.12362218 0.011015184 0.77363
0.03113835 -0.031869076 0.6816453
-0.030836597 0.6650552 0.19122717
-0.023336083 0.39083627 0.28910437
0.018965323 0.29809484 0.27734095
-0.011785045 0.81514186 0.19808653
0.00039716065 0.43888175 0.29697186
0.030827358 0.57689905 0.5319871
0.16384503 0.5732589 0.5396333
0.06545474 0.40339768 0.44755754
0.03684757 -0.0054775327 0.44014883
0.7627383 0.31437337 0.5332203
0.10523534 0.04565464 0.5204173
0.13720459 0.0046577975 0.56897616
-0.012007549 0.042114474 0.56942725
0.8330372 0.34010118 0.49992225
0.7554013 0.3665229 0.49396697
0.85526913 0.3431658 0.4992065
0.34559327 0.2979173 0.7921392
0.7995733 0.3541202 0.6090597
0.47925174 0.31440395 0.7518337
0.8316583 0.4006011 0.7476944
0.1957273 0.40695846 0.6844387
0.22958815 0.51371765 0.29046777
0.18975514 0.5370136 0.31910235
0.17387599 0.6512485 0.28692973
0.28637654 0.43572956 0.36594617
0.7122118 0.41604123 0.3791989
0.10528451 0.48809683 0.59621656
0.07299873 0.38138458 0.5506412
0.19525562 0.5338799 0.43282768
0.17207968 0.5106097 0.4421892
0.20647064 0.46330607 0.5622858
0.20326222 0.58291256 0.5865865
0.08863602 0.8489268 0.44213286
0.0884849 0.75164914 0.45722088
0.8347699 0.8155914 0.35546845
0.40175766 0.7262109 0.43377626
0.6033428 0.7501143 0.30760133
0.58139086 0.7312547 0.29912895
0.88553655 0.857247 0.32031673
0.7955713 0.7823345 0.29575637
0.003503438 0.016490273 0.50346506
0.03561038 0.04964624 0.51135296
0.09862616 0.050414793 0.49590266
0.04028143 -0.0014820918 0.5535126
0.32595414 0.12008621 0.5394525
0.10797419 0.10213531 0.51490855
0.07462987 0.035648905 0.48283815
0.06867883 0.8477567 0.2154367
0.07763015 0.7325807 0.23018873
0.14134315 0.7017856 0.23578589
0.17756316 0.6785977 0.20984909
0.1579862 0.77665585 0.19704328
0.62263185 0.41485342 0.66136086
0.69989175 0.51779854 0.72816336
0.8882249 0.5697315 0.6744077
0.7122238 0.54737306 0.6995176
0.7331304 0.5656174 0.6551317
0.8014171 0.6955454 0.7427745
0.3326689 0.17385353 0.41666716
0.32927257 0.23367289 0.52597415
0.013479948 0.31626758 0.28600302
0.2754742 0.3206572 0.33379504
0.32151198 0.4173711 0.43415082
0.29574716 0.3498389 0.2726021
0.32805097 0.39119545 0.2909211
0.2719434 0.58862585 0.7159114
0.47586232 0.6373156 0.5881791
0.48168927 0.5417351 0.6902101
0.59870756 0.67151177 0.623554
0.60669225 0.6875085 0.6518725
0.45284253 0.508987 0.45220968
0.4484136 0.5752036 0.53387666
0.19080229 0.5057227 0.5025623
0.21990378 0.5149833 0.45951068
0.3003267 0.5092425 0.26847082
0.24712284 0.5249642 0.31388277
0.29172626 0.52820706 0.30542442
0.1550222 0.5783853 0.36670575
0.665806 0.80590504 0.21774831
0.83034855 0.87838846 0.17099836
0.9373098 0.9295475 0.15507145
0.40863168 0.70485437 0.50445294
0.37776756 0.63367975 0.4993113
0.2148715 0.06619257 0.66609645
0.2191968 0.06803235 0.5294049
0.23185296 0.021604858 0.52648276
0.2632371 0.053310186 0.52618825
0.13911393 0.03385488 0.6438956
-0.01933039 0.052342318 0.62410617
0.8862069 0.3875886 0.65504265
0.080706805 0.004202731 0.25068185
0.7003146 0.28059548 0.5198741
0.38954896 0.26671505 0.559353
0.9749143 0.40185106 0.61957264
0.75927913 0.31882 0.5400462
0.13051009 0.23125786 0.5616591
0.339136 0.21579108 0.63998735
0.789939 0.41745657 0.5105567
0.10078328 0.5617978 0.2535787
0.08845641 0.72814006 0.2693889
0.09677686 0.87503177 0.19549426
0.119849056 0.5550226 0.20578435
0.07867545 0.46114352 0.2137034
0.1527409 0.40766388 0.20580064
0.513704 0.5135325 0.49167198
0.5299721 0.5461267 0.50393784
0.64045364 0.61171854 0.5007416
0.60177636 0.60735786 0.50823796
0.7089198 0.55678254 0.578105
0.79601496 0.44762766 0.546757
0.20811698 0.27065548 0.5452181
0.6512488 0.23813912 0.47118112
0.07358749 0.008856792 0.43609938
0.09168944 -0.03215324 0.32241344
0.5700441 0.24903798 0.52932227
0.75602573 0.27546912 0.45195073
0.25222373 0.07640819 0.42795736
0.51773584 0.20707586 0.46777797
0.8797299 0.37344113 0.3695219
0.90223825 0.37326372 0.51933265
0.03158267 0.41339725 0.22870144
0.13967505 0.4398122 0.20246553
0.8726639 0.4648228 0.2478521
0.33839554 0.3645945 0.21831451
0.26399672 0.42997718 0.20608945
0.2533881 0.3401162 0.22422163
-0.010388605 0.6960559 0.2133674
0.6475394 0.29910862 0.09803079
-0.010096639 0.50180614 0.1697967
0.015796557 0.31938422 0.19398874
0.38769418 0.18477571 0.43577042
0.024710797 0.23897171 0.55124176
0.024436187 0.3096758 0.57561916
0.040394593 0.21723679 0.5504853
0.09083138 -0.02377513 0.36734542
-0.017604977 -0.095013715 0.27601883
-0.05177448 -0.11180558 0.26375148
0.124223284 0.0017858371 0.43701515
0.06988059 -0.016220212 0.687181
0.086037084 -0.019555278 0.3436539
0.2781638 0.12165765 0.40164465
0.09578147 0.02257121 0.4965454
0.06916861 0.012098718 0.51448
0.009372469 -0.07492537 0.55938375
0.14648576 0.4867172 0.62032986
0.089961395 0.6070718 0.6219479
0.32621354 0.46171027 0.6755471
0.18572871 0.41385096 0.6558629
0.2077837 0.51942664 0.6753223
0.374012 0.55570036 0.6320492
0.31526113 0.61863 0.6699432
0.30936635 0.59526825 0.583933
0.371368 0.47799796 0.6208296
0.95143515 0.5319619 0.67398465
0.44976676 0.5057632 0.67847466
0.26004001 0.4507502 0.58931756
0.46686977 0.61990297 0.6012405
0.06004639 1.1011723 0.45766464
0.6242201 0.61221963 0.74729896
0.08297203 1.0070782 0.31139922
0.176026 0.47980553 0.7517148
0.1379333 0.54000777 0.68179464
0.13040555 0.48392037 0.7180097
0.22686478 0.48362768 0.57971895
0.95020366 0.63068086 0.5640892
0.047557857 0.50469047 0.5511331
0.081644215 0.30912155 0.6103704
0.14324641 0.37706614 0.61378384
0.99302715 0.5212706 0.61048687
0.63145024 0.49494466 0.3503339
0.4716692 0.48608625 0.34757498
0.34483218 0.45241588 0.5182042
0.2516085 0.45030603 0.4753131
0.120510176 0.3133004 0.37784347
0.9155012 0.3904227 0.47355047
1.0188887 0.43665665 0.45327106
0.9606787 0.4083736 0.3947474
0.862554 0.37404543 0.4274132
0.87531394 0.3628938 0.44919905
0.9682227 0.40781072 0.44338498
0.85330796 0.36513358 0.47133818
0.583986 0.25692737 0.49198034
0.7935546 0.3729818 0.42846045
0.022723429 0.5252761 0.80184186
0.009016886 0.88705444 0.7712265
0.03462835 0.8559767 0.7497494
0.17357394 0.39080203 0.7793093
0.03661997 0.9206796 0.79624546
0.07286222 0.5048015 0.77963066
0.045128245 0.31144837 0.813604
0.09572777 0.52063096 0.8569063
0.9177107 0.36855847 0.74758923
0.8937041 0.34798777 0.57219756
0.35547775 0.13756266 0.5243764
0.82306 0.31045273 0.6009697
0.84576124 0.33144528 0.5696535
0.69950676 0.28118163 0.58519065
0.2730983 0.5201473 0.7142271
0.20273598 0.45685145 0.70860314
0.18112932 0.49194995 0.3903511
0.35980308 0.41828442 0.27016068
0.1871587 0.5253384 0.4137562
0.31686163 0.6576083 0.32284957
0.71700454 0.54942364 0.32290483
0.3516587 0.36138818 0.31830782
0.11807739 0.29079598 0.381768
0.059906818 0.31810015 0.40541682
0.038119353 0.38794118 0.4238285
0.051822707 0.3387925 0.31867138
0.032771725 0.48623276 0.37632984
-0.004776925 0.43834305 0.3908719
0.010795239 0.2991293 0.4444916
0.092509136 0.3884308 0.4719203
0.11766836 0.51286125 0.32111156
1.1646799 0.6475015 0.44654033
0.018184464 0.34818017 0.4859422
0.032395102 0.29455173 0.5531297
0.006934114 0.68943316 0.4464361
0.109547526 0.7361791 0.62745523
0.033288665 1.1308318 0.5301027
0.03092955 0.39389133 0.54128873
0.0021523647 0.41872016 0.44097358
0.16619685 0.7677433 0.57824063
0.22316442 0.5037427 0.66728985
0.21839939 0.62399703 0.35155067
0.1560953 0.6780576 0.26944536
0.034057043 0.44647306 0.23346679
0.07455631 0.44471335 0.21732184
0.035718232 0.42431754 0.20512433
0.021642558 0.41313353 0.22395758
0.64936787 0.38813493 0.49686232
0.12336481 0.5066718 0.38665804
0.28041476 0.6288169 0.2034081
0.20485768 0.60730046 0.17735648
0.19108588 0.5453138 0.17218661
0.11470753 0.5353645 0.17146176
0.08547214 0.43867648 0.097320445
0.054515414 0.7004199 0.11401189
0.06469109 0.3548322 0.12588584
0.16261427 0.5015246 0.15120682
0.1357061 0.46795952 0.111988045
0.5933619 0.19585449 0.47786435
0.7226611 0.24945506 0.39348373
0.3464728 0.07500621 0.34827346
0.12073569 0.5360512 0.44373962
0.119198225 0.56505936 0.43173724
0.10589084 0.47485763 0.4707481
0.11720772 0.48071784 0.48074755
0.16877161 0.5391528 0.41002384
0.13343734 0.6360726 0.4643595
0.457231 0.23254415 0.6666677
0.021523438 0.34303832 0.90597856
0.3004133 0.14157805 0.72799885
0.61531514 0.40010712 0.17365032
0.46297097 0.38270572 0.18831275
0.41551018 0.39625147 0.22481358
0.1731496 0.35000277 0.30203485
0.09678553 0.28663144 0.3014197
0.14436993 0.3532372 0.27299654
0.1284043 0.5316213 0.39273545
0.19736956 0.5608816 0.37848517
0.17261866 0.59268653 0.3523483
0.21630274 0.62356234 0.39863387
0.13761926 0.63723594 0.27192676
0.22070357 0.63782054 0.37111428
0.18842804 0.5285105 0.5609015
0.17516713 0.558061 0.4904925
0.08685706 0.5184961 0.2949521
0.12588543 0.590079 0.30980265
0.064356 0.5258364 0.32661626
0.16529298 0.24120879 0.55040216
-0.024814293 -0.020820744 0.50406384
0.020136666 -0.017968051 0.48743045
0.12765998 -0.023676306 0.4259186
0.08372229 -0.0120572075 0.5637983
0.030154467 -0.0048860684 0.536641
0.06652203 0.04637736 0.5901265
-0.018259756 -0.09423166 0.3487007
0.0072580576 0.44539702 0.14021
0.029969584 0.42155182 0.15876564
0.04421649 0.3654368 0.18070078
0.053464253 0.40959144 0.16944326
0.034512706 0.42547232 0.18355937
0.06067895 0.35746616 0.53702736
0.12569788 0.43460053 0.60716677
0.11388984 0.44679785 0.5991453
0.09945309 0.40618664 0.56878626
0.124515176 0.48141316 0.5323478
0.17306802 0.4404111 0.5624823
0.09036662 0.54561025 0.29790115
0.09142457 0.6373134 0.27261686
0.1071464 0.45702526 0.32215875
0.03900905 0.45227957 0.36922204
0.18663865 0.63153374 0.34172082
0.08202149 0.5119485 0.32569426
0.09376042 0.54596376 0.34060204
0.5524997 0.2322039 0.5724683
0.15350026 0.13237998 0.53823197
0.37910265 0.19053686 0.6130551
0.08485707 0.10400684 0.53797114
0.9458356 0.42237023 0.61260855
0.8444404 0.32615697 0.6611823
0.3280673 0.044348333 0.22916256
0.30542862 -0.008606739 0.31446657
0.3128498 0.050461378 0.30576143
