0.07066566 0.6040641 0.42870373
0.15942541 0.39363718 0.42912805
0.25360146 0.52486473 0.5241206
0.08623014 0.5129341 0.46712896
0.09043937 0.47382525 0.46915647
0.067182094 0.0123486 0.6036582
0.238832 0.09817055 0.49126816
0.06749652 0.005814966 0.7401551
0.021413624 -0.015411034 0.676796
-0.04094921 -0.03818819 0.64905584
-0.0090581775 0.48147237 0.23554282
0.020685926 0.29780665 0.23997703
0.077581085 0.25094426 0.28806168
0.021097884 0.82448876 0.26656717
0.020921804 0.4016687 0.3077264
0.09043217 0.48590615 0.59852004
0.17236307 0.5422583 0.54705703
0.0594344 0.36372185 0.49631903
0.09241352 0.016279299 0.54634476
0.5240452 0.17867137 0.63455355
0.089428976 0.056566097 0.5015043
0.15221687 0.006916702 0.6006373
0.1434475 0.08615755 0.5848916
0.9330808 0.3590578 0.53392375
0.98958313 0.4022306 0.616515
0.957535 0.39026695 0.6241168
0.6311435 0.38451988 0.76777244
0.9988498 0.3949948 0.61653495
0.63684595 0.3450042 0.8032733
0.9531386 0.4247001 0.7258227
0.20744193 0.42815137 0.683901
0.22894487 0.500354 0.30416453
0.214852 0.5282296 0.2799285
0.15815063 0.69045186 0.27831665
0.099365726 0.35904926 0.4671986
0.1737101 0.3100893 0.40369105
0.07102643 0.44808123 0.5809277
0.12067519 0.39222845 0.5832408
0.18350236 0.49133486 0.4213722
0.16818717 0.4994662 0.43982455
0.2047064 0.4644901 0.59967774
0.17277542 0.5722581 0.55603343
0.079610325 0.82776904 0.5216061
0.105188735 0.80598307 0.47903007
0.7931794 0.8054564 0.328459
0.4650203 0.7515253 0.330376
0.5612622 0.7558441 0.32775158
0.54792404 0.71571803 0.28921077
0.83685446 0.84329355 0.30167764
0.74947035 0.7581321 0.2792453
-0.006784603 0.019769318 0.4919354
0.025587741 0.08654089 0.54722226
0.120965004 0.07705738 0.5128359
0.03481821 0.024643932 0.5652896
0.6747329 0.24428284 0.58517635
-0.030487865 0.085883014 0.5292413
0.01385542 0.05480298 0.51085913
0.07053393 0.84471524 0.21710347
0.07984635 0.7642094 0.20327282
0.12030734 0.78009737 0.20166595
0.19445926 0.6433128 0.1795886
0.1614621 0.8231536 0.17048651
0.64886945 0.43745884 0.66011685
0.71709675 0.52044624 0.70510745
0.9202371 0.5824219 0.694831
0.7398329 0.55927217 0.6977065
0.74685454 0.5821581 0.6308437
0.8068677 0.70911396 0.7300153
0.39321887 0.21714246 0.5080141
0.33636457 0.23517147 0.58726823
0.060085535 0.27978715 0.2960078
0.25548798 0.37092644 0.35963643
0.33772883 0.39289752 0.43389368
0.3326275 0.37433773 0.26113653
0.32892758 0.39339927 0.26718852
0.22524102 0.5533947 0.70095325
0.3399851 0.5276817 0.5695454
0.34739745 0.44263908 0.6440312
0.6458744 0.6563933 0.58913195
0.6379179 0.7088741 0.6258626
0.75681615 0.6018754 0.5104304
0.42095912 0.5368891 0.50270283
0.20240536 0.46004772 0.49836534
0.24619794 0.45075503 0.46272925
0.3619175 0.5135765 0.30625287
0.253711 0.45290583 0.29227316
0.312383 0.5043999 0.31722102
0.35704094 0.6643127 0.29511315
0.65248394 0.7760514 0.22945307
0.78572094 0.761713 0.21716696
0.8170922 0.8300322 0.137768
0.41991955 0.6507771 0.50141215
0.3987859 0.55803454 0.46902633
0.24543446 0.100756094 0.5185606
0.21958895 0.10047479 0.496634
0.33905554 0.09705891 0.53877056
0.33561406 0.06549778 0.7610496
0.091926694 0.037923753 0.87892795
-0.033984117 0.11341402 0.74361145
1.0187348 0.4255575 0.7180349
0.60309577 0.15943019 0.40009204
0.70309556 0.22481856 0.6180354
0.06811649 0.19480765 0.587507
1.060509 0.40552473 0.63584375
1.1111703 0.4020985 0.6493306
0.7815261 0.4037754 0.69817215
0.03109639 0.10140313 0.6611384
1.0989395 0.4208428 0.6475134
0.05995968 0.63277817 0.25045967
0.06212104 0.82688653 0.24661513
0.06571165 0.9085591 0.1991672
0.08313724 0.6442349 0.17901391
0.04324966 0.5107212 0.29144293
0.16289505 0.44535303 0.27002788
0.5234721 0.49867174 0.47469312
0.67064196 0.5659344 0.49228495
0.5952949 0.5866301 0.50325596
0.58314645 0.6087431 0.5237731
0.71505225 0.5453949 0.5967658
0.75464356 0.4657441 0.54036546
0.41865295 0.3451934 0.5398541
0.84492666 0.31876957 0.5021433
0.25260913 0.061658118 0.5112163
0.62314016 0.17695731 0.52574414
0.20200506 0.04390304 0.5406549
0.79336256 0.29386568 0.5019998
0.5677686 0.18127152 0.5055458
0.21185723 0.10822501 0.4615543
0.5020236 0.24087515 0.40979043
0.38553715 0.18925211 0.541325
-0.03068538 0.34431192 0.2576036
0.00034816936 0.35424575 0.2431512
0.3573537 0.2705657 0.27227718
0.057802726 0.26216877 0.27987826
0.11739268 0.42621294 0.18959424
0.0864762 0.3181476 0.20989385
-0.0063862205 0.69332945 0.20197064
0.7803228 0.2850772 0.23792554
-0.053796984 0.516925 0.19327825
-0.003238283 0.35536078 0.21142751
0.28644818 0.1722615 0.38526487
0.054390088 0.23905563 0.62284654
0.04904413 0.27949202 0.6085567
0.10165509 0.2927441 0.5846925
0.032450154 -0.0025283694 0.531296
0.01060557 0.005519606 0.33457723
0.018318176 -0.04965967 0.4002034
0.03767284 -0.0031308532 0.4910367
0.07193915 0.008968838 0.7055402
-0.01684156 -0.01608853 0.44463384
0.4823556 0.17838435 0.63327086
0.18002948 0.089888364 0.42772853
0.23407315 0.088367224 0.57757795
-0.09618989 -0.072744444 0.51397073
0.12974773 0.4624748 0.6159076
0.0594193 0.6266537 0.63662815
0.27195048 0.45768982 0.67291623
0.13673955 0.424522 0.67139703
0.14828852 0.5265986 0.6551259
0.27148905 0.38148767 0.62742996
0.24322063 0.4392546 0.6032653
0.21521996 0.45752987 0.54714453
0.37567377 0.47504 0.6037624
0.8519697 0.46668866 0.5660717
0.37109303 0.44420344 0.67847794
0.3016849 0.4624394 0.62121457
0.5307489 0.64720047 0.57496625
0.060093172 1.0226963 0.52580094
0.505879 0.61733794 0.75895846
0.10226664 0.9645158 0.31488585
0.14362659 0.48601517 0.7797436
0.11992794 0.5229882 0.655025
0.09934968 0.48005417 0.7099867
0.18572606 0.4110552 0.52147645
0.79101264 0.6036389 0.52692807
-0.017302573 0.63082063 0.5979241
0.053685054 0.3004825 0.60491896
0.124813884 0.3856561 0.6295042
0.84092027 0.47345802 0.54645413
0.32343978 0.4716691 0.29471073
0.03747179 0.385511 0.425239
0.3317805 0.46579215 0.50655705
0.19981782 0.4724612 0.4656517
0.071831904 0.31761938 0.41881007
0.9370526 0.3693242 0.50449693
0.97429514 0.41028726 0.47815725
0.94728327 0.40441468 0.44427863
0.9365698 0.3522949 0.5115392
0.9527966 0.36726868 0.5047939
0.9328855 0.363584 0.45975327
0.98642683 0.38032308 0.51976734
0.9999691 0.31235743 0.56758094
0.97865665 0.43323135 0.5739649
0.049358502 0.4956967 0.7950854
0.028242514 0.7851397 0.807393
0.053977564 0.70082855 0.80087864
0.11900585 0.3807823 0.79856604
0.062679686 0.6812271 0.81367487
0.08014936 0.43565884 0.77374274
0.055250093 0.2659258 0.7762654
0.0815881 0.52252233 0.82830536
1.0068245 0.39798543 0.6945348
0.52194035 0.21437034 0.601428
-0.04773335 0.0013958439 0.5531673
0.91878355 0.34808624 0.69027686
0.9197409 0.3845319 0.6428409
0.95982695 0.3759157 0.54121614
0.20729497 0.43654397 0.6952893
0.17206787 0.4226426 0.6973522
0.4427408 0.47572884 0.36475402
0.79122597 0.44308499 0.34442854
0.50769943 0.52229726 0.44597667
0.31915233 0.446992 0.18480143
0.8872365 0.6063359 0.31454617
0.28438365 0.22865522 0.24035853
0.13441218 0.3100673 0.4038785
0.0805661 0.29506534 0.42798787
0.029464822 0.35524067 0.44643754
0.0913841 0.3266122 0.42769536
0.052813757 0.44522157 0.40848944
0.0026349388 0.42381713 0.3920428
0.03209637 0.29101792 0.46530247
0.067438796 0.38226166 0.49679157
0.05356714 0.41640428 0.435912
1.0957451 0.58980644 0.4106674
0.07498837 0.35768524 0.4997427
0.010996051 0.27317742 0.52736366
0.005824182 0.71529436 0.47243312
0.17930423 0.664178 0.5971419
0.05777227 1.0713247 0.51893854
0.050434045 0.31264853 0.5231073
0.15666406 0.36577368 0.48865128
0.099964194 0.58643377 0.6350378
0.1514112 0.46099716 0.6999229
0.18711162 0.654245 0.3678936
0.12646091 0.71941864 0.27765334
0.114047505 0.46605828 0.27416945
0.044078454 0.44514748 0.24166274
0.029833809 0.4534757 0.24792987
0.03386633 0.4387445 0.26198226
1.2459761 0.5636685 0.8088572
0.05989512 0.43313327 0.43543115
0.3490016 0.64854574 0.19296142
0.18527545 0.61536884 0.17474766
0.20489612 0.5326539 0.19379213
0.061694458 0.5576377 0.16022909
0.020330116 0.3781643 0.17097136
0.054061614 0.84798634 0.083396494
0.14236414 0.45173466 0.089245155
0.14207795 0.519701 0.12825552
0.12874347 0.5337559 0.12635148
0.7245795 0.2689658 0.53759545
0.7449279 0.26332256 0.48481858
0.64216244 0.19832239 0.68988305
0.12421231 0.5386138 0.49892408
0.11720136 0.5603689 0.46523094
0.11677114 0.44763812 0.4803722
0.118967816 0.42781237 0.4834974
0.12708123 0.5300434 0.5455402
0.15177464 0.6751723 0.51180905
0.453407 0.23774883 0.7280697
0.017598283 0.315426 0.8533325
0.27958998 0.11163421 0.6974611
0.13466235 0.29035985 0.2335098
0.33972752 0.3081001 0.3174582
-0.0050339773 0.27182055 0.32104084
0.1830866 0.37375012 0.31760553
0.09520514 0.32765236 0.2884826
0.10683077 0.36016884 0.260994
0.19692062 0.46701798 0.30794728
0.24401326 0.5262326 0.2840113
0.20035638 0.6300876 0.31498986
0.19344184 0.62573826 0.37518728
0.10219917 0.6052599 0.27952302
0.22370638 0.61627316 0.2921066
0.17723593 0.49446258 0.6049371
0.15893647 0.53918624 0.5401376
0.053092554 0.5964588 0.328767
0.1387056 0.6946063 0.32300466
0.058663197 0.5347538 0.34931165
0.17209011 0.2548988 0.5367985
0.011740655 -0.012264088 0.5551654
0.51381874 0.16060005 0.6119714
0.06834672 -0.0012737513 0.46195278
0.13084406 0.05506674 0.47975653
0.09132779 0.051951915 0.5544096
0.0151091665 0.049834378 0.7267779
0.026150268 0.004998639 0.44706544
-0.01607722 0.45982438 0.12491421
0.021343037 0.42866716 0.16582441
0.06608154 0.40782565 0.16835378
0.046565995 0.46523562 0.16357145
0.03806618 0.45911384 0.16978157
0.0674271 0.3310738 0.5344335
0.10721878 0.36580065 0.58664334
0.0807639 0.4067477 0.58289766
0.095231615 0.35977048 0.5875541
0.07532806 0.40571085 0.5192096
0.14826335 0.3571811 0.57112795
0.09668725 0.64762926 0.27535683
0.06581617 0.63003075 0.2869308
0.12824485 0.43988237 0.32047674
0.12183696 0.4521282 0.31890708
0.14471981 0.73050475 0.33885843
0.109278545 0.5245544 0.33060142
0.116843775 0.49919912 0.32152066
0.37061584 0.15893868 0.5789778
0.65685916 0.30642983 0.5886288
0.80414927 0.34863153 0.6175704
0.16066027 0.1308471 0.5536396
0.8221947 0.3433346 0.5826174
0.8307606 0.30979186 0.5645652
0.3359301 0.08434027 0.32659706
0.30669543 0.054206602 0.38377953
0.29758877 0.07220148 0.4062132
