0.055304624 0.53171 0.4334694
0.1000815 0.45054847 0.4597657
0.17297935 0.52953607 0.4986394
0.088754565 0.45518607 0.48014367
0.084740534 0.47344226 0.49168006
-0.0120548755 0.5203842 0.25637373
0.0008947998 0.32570314 0.28068152
0.025867801 0.29412448 0.27883905
-0.0017570145 0.766533 0.28171062
0.013081409 0.3895167 0.36406118
0.0629271 0.51797974 0.59947944
0.13682961 0.51251173 0.54268444
0.063738525 0.38640004 0.5116277
0.3404465 0.31114691 0.78531754
0.6106149 0.31136894 0.6104366
0.64984983 0.34108567 0.8042112
0.7832219 0.3685348 0.7204051
0.15940955 0.3728931 0.6725129
0.25088543 0.4946713 0.29530638
0.18812945 0.5188013 0.3080214
0.14470673 0.7045103 0.28080165
0.029104754 0.20989744 0.49829814
0.018737715 0.22929685 0.56305134
0.023813024 0.52663237 0.5456601
0.112266496 0.37571108 0.58485895
0.20570534 0.50200874 0.4241416
0.19208613 0.5040582 0.44276792
0.18327972 0.45134932 0.6050429
0.14589716 0.62568015 0.5356292
0.11975417 0.7738385 0.5063732
0.09602405 0.7728929 0.4739595
0.7854722 0.83500254 0.36201704
0.35604292 0.7436245 0.36192468
0.5436233 0.7368759 0.28743723
0.5897629 0.6800677 0.2482698
0.7795648 0.79716223 0.28218275
0.74374443 0.7208478 0.27924046
0.07289308 0.8439382 0.22327557
0.06568036 0.73845863 0.2042624
0.110468194 0.7805282 0.2097897
0.13520667 0.71154714 0.18580174
0.120865114 0.89252 0.16384754
0.665146 0.44368702 0.65571284
0.70047104 0.51092607 0.6867719
0.91824317 0.55238205 0.6410109
0.7300174 0.54200137 0.64017284
0.74110377 0.5614248 0.64618284
0.81638956 0.7079045 0.7624997
0.35805336 0.18980034 0.41161472
0.3486632 0.25710845 0.5285204
0.039301865 0.29994643 0.27457103
0.6901537 0.42469937 0.35141054
0.30206686 0.3702051 0.39664066
0.3130473 0.38278657 0.28626463
0.34050545 0.41712946 0.27434704
0.25490132 0.54838717 0.69055814
0.29431182 0.53703606 0.57871914
0.32968763 0.50778955 0.66741836
0.6006207 0.62283474 0.62249255
0.606492 0.6825532 0.64147997
0.58522236 0.5749605 0.50198144
0.42442676 0.5428457 0.51083595
0.1856474 0.46533448 0.49477768
0.18329626 0.4808324 0.50981796
0.32397443 0.48380804 0.29781565
0.28876558 0.47466505 0.32576483
0.3095158 0.5011509 0.3290464
0.37816846 0.59912103 0.4756264
0.31017587 0.5047059 0.47870865
0.38217893 0.17184305 0.5435995
0.324311 0.22381645 0.56374395
1.054544 0.41802752 0.5782318
1.0830715 0.4278748 0.55999684
0.1000914 0.25890577 0.6081408
0.70394754 0.27730823 0.68363446
0.79924965 0.345558 0.5113054
0.09357785 0.5414336 0.28960583
0.07102053 0.7369978 0.26040334
0.07887711 0.94175875 0.20385832
0.107681364 0.5629788 0.21064113
0.0312813 0.31620574 0.31696355
0.1344192 0.56569135 0.19966069
0.48838407 0.5133475 0.5356749
0.6498337 0.55178696 0.47734374
0.60975444 0.6117503 0.5398771
0.59426075 0.6213109 0.5436359
0.8100128 0.5608161 0.5886096
0.86011994 0.49625015 0.5629683
0.13155556 0.29244572 0.54163593
-0.03244459 0.25208384 0.23564914
-0.023629524 0.29267353 0.24449319
0.41647688 0.2998162 0.25776827
-0.024972878 0.22113429 0.24781173
0.010450952 0.29000884 0.2611127
0.00277555 0.23162808 0.25232854
-0.0003145188 0.65620077 0.20535482
0.54322034 0.24272944 0.15272593
-0.020249985 0.52249086 0.21214733
0.08116968 0.27981502 0.2247819
0.14376327 0.4228875 0.63397574
0.037505597 0.6742956 0.60798144
0.2760853 0.45337713 0.67612004
0.10974972 0.4837467 0.6309364
0.13872507 0.55163133 0.60723066
0.22981173 0.44770265 0.58321595
0.23524693 0.53779346 0.64853215
0.18327123 0.43349093 0.6092856
0.38121673 0.44152635 0.6548124
0.6918174 0.41277504 0.6442021
0.29404813 0.44734222 0.7135895
0.35109308 0.45052403 0.6320483
0.47791132 0.6028283 0.56463164
0.049903117 1.1180673 0.46727973
0.52133244 0.5452359 0.7476547
0.08958836 0.9849225 0.31456417
0.17600212 0.39528573 0.7044477
0.09799869 0.39342123 0.6106415
0.0678305 0.38030946 0.6426929
0.15052477 0.38227248 0.5608319
0.77271736 0.5985729 0.5333135
0.034055796 0.4916727 0.5642417
0.079733744 0.2822769 0.61692715
0.12295243 0.33813113 0.6687676
0.8698691 0.4900899 0.5865925
0.22947529 0.5056951 0.21707174
0.0055410415 0.4614234 0.38458973
0.3908124 0.42948228 0.54712445
0.22499847 0.41522133 0.5413481
0.09397824 0.2967501 0.41744724
0.01700005 0.5841897 0.76593375
0.012107648 0.96117073 0.78293765
0.022171397 0.7566955 0.7745169
0.097538225 0.34137964 0.7420256
0.028087523 0.93793255 0.7610966
0.04911976 0.5168608 0.7353876
0.005366951 0.27914292 0.7560983
0.046797745 0.48031878 0.80281943
0.2141591 0.44993567 0.6774966
0.17989567 0.43141222 0.68468034
0.33962306 0.5193735 0.28394902
0.30391663 0.43220276 0.34502047
0.28333187 0.44192553 0.32947347
0.30334124 0.5451794 0.26569316
0.41641086 0.4717185 0.33073896
0.22570348 0.43992388 0.3215816
0.0675849 0.3134453 0.41886997
0.060375605 0.3119939 0.44687226
0.050084345 0.36056274 0.44975346
0.021062545 0.56698674 0.3306508
0.023223333 0.49469018 0.38729212
0.023735635 0.42750978 0.39798915
0.015466377 0.33540785 0.4607458
0.093510754 0.36102343 0.45229948
0.044718705 0.5211961 0.39213067
0.6697968 0.48802716 0.43098405
0.010053594 0.3920824 0.49031037
-0.0016910657 0.27887943 0.52436215
-0.003949344 0.6754841 0.45897502
0.065253645 0.8736044 0.61803174
0.035677835 1.1124346 0.5074437
0.020426754 0.3323636 0.5532926
0.042430826 0.3532005 0.5212264
0.1892249 0.57591224 0.62554955
0.19040349 0.4399737 0.6703944
0.16347316 0.61783814 0.401046
0.13454321 0.70252544 0.29947096
0.046334386 0.41904807 0.26907578
0.022778621 0.44750237 0.21431124
0.01143606 0.4050092 0.26522258
0.021075588 0.40032476 0.2530803
0.62612855 0.5950457 0.632791
0.04501386 0.44499022 0.45367616
0.30749115 0.60941434 0.20565689
0.18025398 0.5898514 0.18941772
0.16769317 0.54442513 0.18244761
0.12086458 0.45778465 0.18895149
0.051277336 0.3769586 0.12424445
0.09147402 0.7707918 0.05379329
0.14881143 0.46880323 0.08496648
0.16870686 0.47492748 0.16856393
0.17565715 0.4532013 0.13610107
0.046407077 0.6582725 0.46863502
0.054366328 0.57517594 0.47915006
0.06986797 0.45487005 0.5061318
0.074815884 0.440643 0.51078635
0.08107215 0.57202965 0.5133443
0.100111276 0.6593097 0.5237527
0.43024963 0.20660008 0.72604436
-0.053605966 0.2865271 0.85572594
0.39236563 0.1301634 0.7433082
0.14498097 0.3748418 0.3230573
0.10021845 0.30886063 0.3062681
0.070085794 0.42907864 0.27498195
0.13124919 0.49815005 0.38639176
0.21619171 0.5538263 0.37393492
0.13669845 0.5068801 0.35388973
0.20805544 0.59664136 0.38260415
0.13427319 0.6009464 0.31811553
0.2213405 0.6192251 0.3548079
0.1897288 0.4768284 0.57277405
0.15041214 0.5539975 0.5270138
0.050009172 0.44017243 0.35166705
0.09431028 0.5268486 0.32644993
0.04345073 0.4344399 0.3748545
-0.024596505 0.21391088 0.5843324
0.006472908 0.432563 0.13732179
0.04160969 0.39026195 0.15012857
0.06804882 0.38960958 0.1824747
0.044451084 0.40149176 0.1846698
0.0027025864 0.41925317 0.17929919
0.017761506 0.3162102 0.560908
0.056235615 0.3354944 0.61317104
0.060608197 0.37813848 0.5699062
0.048921898 0.33329004 0.58937585
0.035601735 0.44042683 0.5065911
0.12483678 0.39338022 0.5938941
0.048943996 0.5399971 0.3318993
0.051594898 0.6541907 0.27476433
0.09489469 0.45102233 0.32519394
0.08749175 0.43346053 0.37851608
0.1421053 0.6635323 0.34781438
0.07698527 0.48052287 0.32041892
0.067035355 0.51571786 0.32644376
0.063093066 0.028750498 0.5887302
0.3699564 0.20575283 0.5985608
0.44621417 0.23943391 0.62565064
0.0721301 0.061244678 0.5751562
0.88243115 0.40053236 0.6140411
0.6821848 0.33160347 0.6452189
