0.04763268 0.5248016 0.42010278
0.12595198 0.36838338 0.43543535
0.21840313 0.53693235 0.50278646
0.044403996 0.5696768 0.45812476
0.05628012 0.54099953 0.4672491
0.086259305 -0.00089915097 0.70382965
0.1888792 0.025929581 0.53176546
0.3263312 0.118812285 0.7865839
-0.0049383566 -0.025126196 0.75031304
-0.034064777 -0.026964098 0.68483174
-0.031154208 0.54907686 0.21916716
0.042287778 0.20613384 0.32612187
0.09396015 0.1927523 0.31231627
-0.022759192 0.75954986 0.24829488
-0.040057607 0.35766777 0.27604026
0.107117295 0.46030185 0.59079695
0.18242109 0.55875796 0.53176767
0.064585954 0.39460123 0.4684608
0.08324885 0.04510974 0.5772118
0.34679288 0.116147205 0.62720346
0.094068065 0.062706165 0.56246656
0.022882313 -0.061561383 0.5709179
-0.0006585419 0.03885912 0.6131706
0.329051 0.16498193 0.49733168
1.0087419 0.4392651 0.5681914
1.034356 0.37079358 0.4639187
0.9062529 0.44316104 0.8043425
0.9467849 0.3933685 0.58944523
0.47850242 0.31141388 0.7492411
0.761462 0.34683678 0.7443358
0.35201085 0.43863955 0.5953065
0.20981905 0.5681025 0.28893787
0.19853199 0.52587384 0.29597002
0.16035333 0.65170616 0.2943505
0.6412626 0.38801703 0.3961907
1.0170915 0.4783055 0.4159369
-0.023215696 0.5983946 0.5176754
0.055786394 0.44337088 0.5438095
0.19636616 0.4959202 0.43799746
0.18631801 0.5307544 0.44221187
0.17561445 0.46074638 0.57859826
0.15274316 0.57963634 0.5292217
0.06935864 0.8785389 0.48464835
0.07735059 0.7467261 0.46495736
0.8031751 0.80204713 0.34135723
0.45953655 0.75240654 0.33454013
0.6495127 0.73454195 0.28544885
0.64190453 0.66855323 0.2786109
0.84817004 0.85381836 0.31401607
0.7890458 0.7370313 0.24540512
-0.0006590113 0.043410905 0.54988194
0.028967083 0.0062174723 0.568215
0.08702214 0.030974407 0.4971457
0.045783035 0.0044867285 0.5628036
0.5736304 0.21121413 0.5121766
0.13433579 0.083896875 0.5523145
0.0041954145 0.0090297125 0.50729793
0.06673998 0.83044666 0.22733296
0.056026716 0.79035026 0.20374794
0.13152704 0.7533311 0.21949486
0.16950366 0.7527275 0.18303256
0.15263382 0.83648807 0.17084199
0.6433258 0.4014283 0.6601171
0.69848144 0.49268803 0.70526165
0.9063304 0.56309474 0.6646712
0.6967402 0.4967644 0.6408298
0.73681456 0.56034976 0.60224414
0.78171736 0.68450797 0.72784156
0.4485042 0.20117459 0.5067143
0.3517737 0.21942097 0.568629
0.059797052 0.26536396 0.2912677
0.46500617 0.39250788 0.35410643
0.375868 0.4032481 0.43252194
0.33325338 0.35482714 0.27353328
0.37388247 0.39053285 0.2986691
0.24818885 0.56383276 0.6963701
0.40758458 0.5804542 0.52071774
0.33849725 0.4885359 0.6427927
0.59904546 0.61660534 0.59600645
0.6333972 0.6709838 0.6424871
0.81618327 0.6326228 0.55625385
0.47363117 0.5602681 0.52953887
0.18097828 0.49062866 0.49788684
0.14978707 0.47483042 0.4584481
0.30282292 0.45909014 0.30539092
0.28425378 0.46330336 0.33898395
0.33203483 0.5101547 0.33086532
0.2571208 0.64911276 0.21830663
0.5689534 0.6630903 0.22205542
0.7120351 0.70664644 0.18645298
0.7872342 0.80249745 0.20194988
0.460418 0.65168214 0.51956
0.41284996 0.5763813 0.50763476
0.17533416 0.026795086 0.59640783
0.17983793 0.035419445 0.54292434
0.27348787 0.045266278 0.6610745
0.1730355 -0.0028531179 0.72855514
0.013541248 0.041140195 0.8348602
0.0810018 0.05605518 0.67619306
1.3334789 0.45156932 0.7174592
0.031983733 0.018185414 0.34280568
0.72862196 0.2696176 0.6007047
0.20089784 0.16061571 0.63976824
1.2380652 0.4555891 0.66332114
1.3990777 0.44688833 0.6247108
1.1257427 0.5622531 0.58101535
0.91555756 0.39052507 0.7450924
1.2958244 0.49979007 0.6070259
0.06240205 0.58516717 0.275819
0.06739515 0.7424781 0.2828492
0.08636427 0.9634623 0.13915524
0.10171936 0.56358 0.18425329
0.22233981 0.34062842 0.2252372
0.210545 0.44430327 0.17861769
0.5016692 0.46252534 0.5180871
0.5346715 0.51581836 0.5022101
0.588214 0.57805043 0.51989603
0.5898612 0.5986518 0.5228301
0.758876 0.53937995 0.53503394
0.73150295 0.4331949 0.50768584
0.41910595 0.36221537 0.5640338
0.7629869 0.29881167 0.486911
0.47277725 0.17124252 0.49133116
0.32360083 0.05766077 0.43483305
0.08405657 0.06679339 0.511233
0.60356635 0.20769364 0.45075262
0.47099394 0.20914048 0.4680974
0.22948366 0.07526402 0.50559217
0.8589695 0.30999696 0.43091017
0.471596 0.124337226 0.56006163
0.08717942 0.36386248 0.18609127
0.19577244 0.35744008 0.18496501
0.5080824 0.34599563 0.18315619
0.42827997 0.31400326 0.23915286
0.30752793 0.3696244 0.14987187
0.23615253 0.32040578 0.20268479
0.005808845 0.6459457 0.1955251
0.6556181 0.23779538 0.044836447
-0.024519555 0.40322462 0.1876652
0.14947808 0.32962504 0.19443697
0.27120402 0.1311293 0.4192856
0.08168037 0.2975 0.61706907
-0.0052919015 0.2537935 0.56758976
0.08070956 0.3031135 0.53274703
-0.028863095 -0.031840988 0.57092404
-0.080210604 -0.051139265 0.23304893
-0.10995399 -0.060140595 0.26509154
-0.010975413 0.021495879 0.39565063
-0.12597623 -0.053266697 0.6550088
0.008510172 -0.014462076 0.46586734
-0.09830157 -0.04413487 0.47166616
0.07151243 0.015541434 0.5724444
0.09245991 0.027614359 0.5497085
-0.1796462 -0.078029744 0.4783792
0.11415947 0.48167816 0.61308813
0.027623247 0.6098672 0.63656545
0.25434613 0.4306462 0.6614239
0.096457146 0.42073664 0.66580236
0.10122737 0.49003044 0.6555285
0.19108686 0.478933 0.5961384
0.16250044 0.56916285 0.5808629
0.1102718 0.5441388 0.544063
0.3918602 0.44720003 0.5927652
0.80453277 0.44240522 0.6457399
0.3706597 0.47175422 0.668892
0.3620224 0.49184316 0.61135375
0.4713041 0.5989215 0.61559784
0.0019999295 1.2010707 0.45224148
0.5310285 0.62689453 0.73087454
0.07605743 1.0561979 0.2714265
0.16814381 0.5356085 0.6783869
0.15411279 0.5238992 0.67380327
0.057920136 0.49798754 0.6981712
0.1653491 0.4850293 0.5340634
0.53227836 0.5564602 0.5122344
-0.032194242 0.48050022 0.5824209
0.019094795 0.3816922 0.61087847
0.08571719 0.38181874 0.6185555
0.7218845 0.50900596 0.5844198
0.2619742 0.5305118 0.33709836
0.35586798 0.44573507 0.21787412
0.4180501 0.4612223 0.5499777
0.34226444 0.45353124 0.5332953
0.13855493 0.285686 0.42306334
1.0574808 0.39216065 0.47918934
1.0238854 0.39223647 0.43992585
1.0616562 0.40834978 0.4376704
1.0707566 0.3910579 0.44501585
1.0786968 0.40164375 0.47012943
1.1500688 0.42834547 0.4308557
1.144894 0.41888505 0.5071728
1.4707118 0.48406914 0.35960054
1.1750462 0.4186131 0.44498765
0.025682725 0.55930066 0.7952631
0.0072791055 0.87241477 0.799887
0.041587844 0.7061432 0.8210605
0.1037318 0.40168646 0.7622796
0.04703857 0.7895959 0.803419
0.065028064 0.5567374 0.75944173
0.00266435 0.32113874 0.8266852
0.06737281 0.5912536 0.82799107
1.0910372 0.42831108 0.7202884
0.925523 0.35746065 0.58691764
0.62484473 0.21888033 0.45264965
1.0131596 0.4021047 0.7269743
0.9571932 0.3883907 0.643315
0.9605064 0.37235558 0.56190497
0.18518732 0.45649043 0.6887599
0.20048085 0.44084838 0.68530834
0.18382996 0.5374043 0.27121556
0.19171679 0.47753486 0.2580889
0.23266414 0.4762793 0.3289138
0.03644059 0.5414458 0.16996019
0.36127892 0.48397768 0.24336962
-0.0044502094 0.52174884 0.042160597
0.08603386 0.30652356 0.40467012
0.07041946 0.334734 0.4358586
0.016595855 0.38596532 0.39622796
0.024125472 0.46457633 0.36863357
0.022294864 0.43361765 0.41404003
-0.012031667 0.42200902 0.3959217
-0.016243756 0.2623272 0.42819434
0.109105945 0.44267014 0.46218753
0.04128299 0.5634359 0.36610723
1.4006312 0.65385824 0.5220025
-0.025364704 0.4069281 0.4629647
0.0024075583 0.33755657 0.5410868
-0.009012826 0.6525925 0.453866
0.04314902 0.9152877 0.4083758
0.031425685 1.1525995 0.467511
0.17561066 0.39197353 0.5209082
0.044538796 0.3609901 0.46322381
0.11207499 0.70731467 0.5794846
0.16910845 0.55946577 0.61173606
0.18580246 0.62514824 0.3989815
0.1323021 0.66810924 0.28982294
0.06401396 0.44832328 0.18301384
0.07033466 0.43283293 0.19743913
0.02770394 0.415473 0.20624629
0.010302737 0.40182543 0.2155855
1.4922627 0.66109556 1.5174059
0.012425028 0.5209923 0.38384658
0.34233117 0.65023994 0.18407892
0.18175715 0.6147695 0.1930756
0.16073135 0.54997265 0.1672413
0.09843314 0.5205166 0.13331932
0.03359826 0.37816218 0.102137215
0.0684435 0.6660357 0.062483512
0.23186389 0.41758367 0.0025011748
0.18713483 0.52004963 0.14477608
0.16027555 0.50403357 0.13186403
0.5652516 0.1486685 0.4735335
0.74684656 0.22974867 0.39600182
0.11586164 -0.10734285 0.5314599
-0.0010258183 0.59893996 0.43539035
0.010666691 0.52285945 0.43258268
0.047913916 0.47956195 0.47791183
0.0474566 0.5187239 0.49796468
0.019118078 0.5084227 0.48250133
0.08919973 0.6311578 0.47434998
0.41802272 0.20373577 0.6957767
-0.015101165 0.27339467 0.88345283
0.43234438 0.15946975 0.71433175
0.41545954 0.28325826 0.11180505
0.9114874 0.37258226 0.22459869
0.85088587 0.37717894 0.20291151
0.20598644 0.35146877 0.28636742
0.0823365 0.30382308 0.27962196
0.15965715 0.33707845 0.2521062
0.12368624 0.5446806 0.32614988
0.1827865 0.56797326 0.33905685
0.15852524 0.5911066 0.30108446
0.20816967 0.61451054 0.38046688
0.13578148 0.6166877 0.28514344
0.19760415 0.6407625 0.3344705
0.18928292 0.56416637 0.56146926
0.112674475 0.61900413 0.5061364
0.04840813 0.52306694 0.27976102
0.117499955 0.6229535 0.28349763
0.038664244 0.53649986 0.29138637
0.497274 0.30900726 0.5543807
-0.0076376274 -0.022846542 0.5674562
0.10260715 0.0059583783 0.5269155
0.05415353 -0.029656142 0.5903274
0.0499493 -0.018785954 0.5931294
-0.0031209067 -0.052688457 0.58612376
0.044809274 -0.01618988 0.74481714
0.11544493 -0.014877975 0.4559278
0.021399923 0.42912462 0.14106129
0.049629197 0.43494883 0.17028564
0.071730696 0.38526636 0.172578
0.06488111 0.4112647 0.1536682
0.018264338 0.40481216 0.17074153
-0.00017751008 0.42702493 0.5653669
0.063127235 0.43672934 0.60926443
0.04736586 0.45118544 0.58514524
0.03881514 0.4352177 0.5924476
0.020575874 0.49546883 0.53275585
0.10032585 0.41296917 0.5769213
0.0723703 0.5174555 0.25626636
0.070695296 0.6409875 0.28975743
0.116689086 0.4724591 0.31596458
0.075962 0.4435787 0.31246382
0.13622224 0.7260398 0.3239876
0.09374978 0.54319173 0.296148
0.056205224 0.5645362 0.31428033
-0.010448195 0.01894164 0.59169924
0.36567026 0.22390136 0.59229726
0.5067357 0.21959013 0.61740625
0.14208588 0.13096812 0.5299792
0.74712497 0.29774985 0.579189
0.8114912 0.30891928 0.68132097
0.32263762 -0.0025168508 0.56463385
0.1620785 -0.09230744 0.5618634
0.35597184 0.021435454 0.64223176
