0.09034967 0.58719695 0.46202415
0.122385405 0.41626576 0.50343937
0.1717672 0.57762724 0.49309397
0.111644596 0.4680936 0.4689073
0.119419314 0.5071043 0.47748488
-0.032266043 0.7155879 0.19902243
-0.031684875 0.32911623 0.2722872
0.02228649 0.27083698 0.27098995
-0.0050911307 0.8896006 0.2910084
-0.02250456 0.5299844 0.3336311
0.09660039 0.55748546 0.57533675
0.17192237 0.5254676 0.5699822
0.09407586 0.3788192 0.5087505
0.79800713 0.4059334 0.8755614
0.9632424 0.40144178 0.60299015
0.5858033 0.35271078 0.8061729
0.87049955 0.42243537 0.71746933
0.35297662 0.4542404 0.6732575
0.23414254 0.5365412 0.29497492
0.18658656 0.5166363 0.31011415
0.15189798 0.7050971 0.26463902
1.1090033 0.5423766 0.62856406
1.0256326 0.4921503 0.5822438
0.07019516 0.5199996 0.5517608
0.11716588 0.40945405 0.5913509
0.21034229 0.54279596 0.44412917
0.18537295 0.5296006 0.45222896
0.17949978 0.49810162 0.5861554
0.17908865 0.5692522 0.5547002
0.11334247 0.84568006 0.52629876
0.07795068 0.7746962 0.47904825
0.80298996 0.8161315 0.3668118
0.39574054 0.79737353 0.31908125
0.6239309 0.7687366 0.32675785
0.548432 0.7208613 0.28644043
0.8379151 0.8414409 0.27228218
0.78353673 0.79647607 0.28329185
0.0699518 0.8803745 0.20461403
0.060121484 0.8052945 0.18325602
0.13032892 0.7573489 0.2312493
0.1495019 0.7810947 0.1808354
0.15315324 0.8319121 0.1830303
0.63862914 0.458155 0.6396903
0.68553686 0.5201366 0.6896153
0.9625497 0.601287 0.6666729
0.70393276 0.55563474 0.66625327
0.75769496 0.5925679 0.63631237
0.8068264 0.7227706 0.7322387
0.4122916 0.21020901 0.49627537
0.36053386 0.2843647 0.54672176
0.056386888 0.2739329 0.27196878
0.43162122 0.38882145 0.36865723
0.42257404 0.41972 0.46903956
0.33221292 0.33425045 0.30938578
0.34085602 0.37114334 0.29667634
0.25034237 0.601143 0.6950432
0.32353848 0.5943388 0.576698
0.40443045 0.4999347 0.6500291
0.7098318 0.71622473 0.6063198
0.70106727 0.73957324 0.62509125
0.66301996 0.574649 0.5097699
0.4504711 0.5725051 0.54171926
0.16658324 0.4941158 0.54458064
0.152443 0.47121504 0.5555292
0.26827767 0.4376994 0.30958456
0.20011075 0.4203602 0.32491618
0.2542874 0.45999888 0.32595623
0.4035503 0.6922635 0.5369876
0.37521553 0.5993385 0.56763864
0.080300525 0.062778756 0.62661594
0.17101848 0.1663633 0.61917466
1.1210964 0.48737216 0.5956013
1.0898373 0.40657702 0.5977579
0.511657 0.34713218 0.6478489
0.4520173 0.28677556 0.74397105
1.1380637 0.4901384 0.66694784
0.097883046 0.6201707 0.23876666
0.06892678 0.8120328 0.2446345
0.095812194 0.98102784 0.19953337
0.13583662 0.5825262 0.19851564
0.28518915 0.4871243 0.44735003
0.11800597 0.5530458 0.28245193
0.62402457 0.5712722 0.52841944
0.73834187 0.5707305 0.53159785
0.62623733 0.61236435 0.51947784
0.6016448 0.62615407 0.5327552
0.7045161 0.5669591 0.55716383
0.8179639 0.4756424 0.56688064
0.31190124 0.2923191 0.60250324
0.014292177 0.30004305 0.2407207
0.24494837 0.357445 0.2075211
1.0651426 0.44914535 0.26259506
0.5339573 0.3423534 0.2187174
0.49771845 0.42975885 0.21384925
0.54926217 0.36436117 0.20949963
-0.003897585 0.6248903 0.23060386
0.73953503 0.33561593 0.11643365
0.006575443 0.47308847 0.18364236
0.04014328 0.38429624 0.19877732
0.14743829 0.5190268 0.61142236
0.039603844 0.6740407 0.5912995
0.31993264 0.4875608 0.67133814
0.17633717 0.39055833 0.65945184
0.19701941 0.48073348 0.6595651
0.31204456 0.44532427 0.5678831
0.36379978 0.5375339 0.55526286
0.29909816 0.5044467 0.5368238
0.4042951 0.5722574 0.6556804
0.8376711 0.4354026 0.72287387
0.46847215 0.50186044 0.6828803
0.33532667 0.54684305 0.61771286
0.5414447 0.59643775 0.58209056
0.054036394 1.0926327 0.51266444
0.49248475 0.5918383 0.75416
0.14974204 0.8709749 0.30182546
0.2084657 0.5004148 0.7473206
0.48669016 0.59058386 0.6430721
0.39663967 0.5186417 0.6268963
0.3935424 0.49174547 0.56805205
0.66079324 0.6194684 0.58172303
0.26868933 0.57649624 0.561758
0.12549771 0.30785406 0.6321731
0.14443944 0.445703 0.6432179
1.0112691 0.50904894 0.6561532
0.30518863 0.7085148 0.45792633
0.4745476 0.6454494 0.2939406
0.3747518 0.46144184 0.5699847
0.25729543 0.46715307 0.5546131
0.15877584 0.32392418 0.46869397
0.008795202 0.55096704 0.81696814
0.041397534 0.82131165 0.79835427
0.08210805 0.77975154 0.8125771
0.2197133 0.34484813 0.8087597
0.099819764 0.7670218 0.8059358
0.10858612 0.47860733 0.76874864
0.056249384 0.32786337 0.84667516
0.12768003 0.4670479 0.8206767
0.25812197 0.47721162 0.7067941
0.18203898 0.4714732 0.70233697
0.4938591 0.5926826 0.32074875
0.790179 0.5066737 0.33451822
0.7167623 0.60451555 0.42993605
0.7071363 0.5979827 0.29776195
1.073725 0.6227588 0.36148703
0.59983987 0.49624988 0.4191916
0.10454462 0.28191704 0.39009088
0.050194576 0.33506578 0.4188457
0.21363372 0.48598522 0.4222501
0.08397661 0.39766803 0.40066808
0.023837224 0.5399936 0.3832196
-0.012820989 0.49794638 0.37686956
0.11404295 0.30990732 0.4578995
0.12946618 0.40761152 0.5496966
0.25187778 0.60295886 0.38493854
1.061187 0.53378165 0.4819792
0.18111679 0.43827504 0.46958917
0.033801433 0.2875866 0.54500055
-0.007445626 0.66909575 0.48970342
0.07788655 0.8244847 0.61401135
0.048850078 1.0992507 0.4928162
0.2533732 0.39822635 0.5387665
0.49927947 0.5002782 0.49468678
0.20152089 0.54335445 0.63740486
0.21595551 0.549096 0.6608105
0.26958978 0.65111077 0.43034834
0.18502793 0.6962303 0.29917786
0.1057415 0.48405948 0.20328666
0.09441764 0.4400113 0.20699582
0.066909716 0.46113452 0.22360106
0.048196983 0.45689973 0.22779612
0.55315596 0.26325276 0.73997647
0.29543558 0.5436298 0.47760183
0.33660856 0.6534784 0.18934461
0.23331468 0.64378476 0.20771025
0.21727735 0.6056405 0.1864929
0.15183312 0.61257076 0.16609201
0.061460204 0.3672097 0.0974855
0.10249383 0.737708 0.07755555
0.5453301 0.38737932 0.10282662
0.16931076 0.5052972 0.15069288
0.14395918 0.5079158 0.11789926
0.09103307 0.6004245 0.5075221
0.10147866 0.60357815 0.512089
0.12481257 0.5119401 0.5151626
0.13314193 0.48987675 0.5257032
0.1760374 0.58298355 0.5249961
0.18320353 0.68107355 0.5598163
0.4994998 0.26201138 0.7453364
-0.031444915 0.3184468 0.9004458
0.42547345 0.17131142 0.77006876
0.18620884 0.36776814 0.30416214
0.1561601 0.32049415 0.31171334
0.1501546 0.32091805 0.28331918
0.15048006 0.49481744 0.37032712
0.1737732 0.54835707 0.34566075
0.24092671 0.66044945 0.31256205
0.25127786 0.66862655 0.37857324
0.17853913 0.60543585 0.33481735
0.21962124 0.626353 0.33932593
0.22152376 0.6241117 0.5817416
0.19007854 0.6019656 0.53922373
0.12243323 0.53559184 0.31242323
0.21629336 0.6856849 0.3435644
0.10867964 0.5490655 0.3577996
0.40691084 0.31428757 0.5988601
0.029923793 0.45653066 0.1381742
0.02535304 0.4568401 0.1584481
0.05502759 0.3643184 0.17447817
0.054632876 0.39105222 0.15607378
0.036709704 0.43336305 0.16334197
0.42400223 0.48124042 0.58501863
0.13470304 0.40480542 0.6384667
0.14158681 0.41065392 0.6157644
0.14483397 0.41042396 0.6234607
0.099861555 0.45423016 0.565462
0.13867074 0.4905813 0.59887886
0.13073194 0.62960947 0.30103317
0.10379033 0.6034932 0.32137465
0.13846911 0.47769144 0.31789133
0.09514462 0.46424013 0.32076818
0.20417902 0.75232434 0.36482614
0.13203205 0.5710967 0.30872914
0.11275545 0.5584396 0.33223125
0.07593844 0.055952094 0.5642896
0.37448314 0.24078828 0.59661657
0.5574782 0.27003318 0.6052148
0.0519412 0.08603601 0.5665581
0.8399136 0.3639291 0.6380126
0.846845 0.35461068 0.6636533
