0.045740366 0.47399497 0.43078694
0.14205492 0.44895035 0.47061446
0.20720729 0.5022893 0.5109905
0.09841712 0.45743012 0.46626046
0.09259263 0.45195425 0.4821216
-0.004968893 0.54018414 0.24011841
0.011466835 0.33053303 0.32286742
0.032821223 0.25447363 0.30669028
-0.034167487 0.749779 0.28826177
0.20838793 0.38286006 0.30222473
0.064280525 0.5484698 0.57604456
0.1602611 0.5601533 0.5699381
0.06967826 0.39578646 0.49450776
0.61674225 0.3485679 0.846261
0.8575206 0.36408627 0.6005824
0.46456957 0.2904442 0.77170765
0.7490228 0.35924822 0.711441
0.17804734 0.4385618 0.64101374
0.13342781 0.568594 0.28750378
0.20127614 0.5322296 0.3065454
0.17139046 0.668769 0.3019336
1.1851654 0.5726237 0.47532585
1.2169759 0.56213915 0.53947085
0.13002197 0.43227315 0.5817462
0.076051064 0.38690418 0.59076136
0.18211342 0.5055533 0.42737123
0.17577285 0.5040158 0.43484864
0.18445784 0.4411385 0.57674956
0.18614788 0.59732044 0.5950303
0.08248517 0.8441167 0.49359438
0.10703993 0.71117413 0.47518697
0.82225156 0.81892383 0.38735935
0.44896126 0.7456756 0.3828182
0.5719613 0.7171654 0.3302962
0.5335504 0.7047107 0.28519955
0.8148421 0.84783953 0.3039557
0.7546908 0.774629 0.30807683
0.07331213 0.8467468 0.21629044
0.08550056 0.6975988 0.22595766
0.15284385 0.6903302 0.23135653
0.17855904 0.6961777 0.21570706
0.16410057 0.78733546 0.20567262
0.705006 0.5023493 0.67226946
0.7140643 0.5452603 0.6931001
0.94795454 0.6116884 0.63132083
0.7326272 0.57711315 0.6640109
0.74438775 0.60493255 0.6451353
0.76266485 0.70084393 0.71092
0.4109241 0.20821941 0.51324075
0.33258933 0.2509764 0.569459
0.024999801 0.32683235 0.25823
0.25935662 0.3811053 0.3381785
0.38411653 0.46182775 0.45195135
0.3011671 0.36653703 0.29093596
0.23318699 0.43989122 0.2639048
0.28513107 0.5703773 0.71925306
0.4895298 0.58218527 0.5428212
0.46331012 0.49398714 0.69374454
0.65652657 0.67598915 0.59659106
0.6700764 0.6980313 0.6495319
0.7447591 0.62632155 0.520019
0.45076615 0.5579831 0.54151136
0.17782573 0.49068546 0.50037307
0.14392817 0.4758728 0.4896657
0.24224679 0.47243887 0.27940676
0.21854143 0.4582525 0.29690516
0.25296992 0.5065459 0.30534852
0.3551253 0.6326747 0.5069412
0.30963746 0.54172254 0.54628175
0.4829312 0.20023905 0.58105093
0.78917205 0.34212834 0.6289639
1.1685704 0.4947173 0.62748957
1.2806838 0.47807378 0.6006819
0.27684397 0.3204682 0.66291565
0.8264431 0.3335601 0.7999407
1.2307675 0.5438853 0.6159464
0.086120635 0.576394 0.2954499
0.09580682 0.6647403 0.266591
0.106519654 0.92818224 0.20590186
0.13047424 0.54176706 0.22239783
0.295629 0.5814197 0.45036915
0.14810558 0.5387967 0.22420153
0.5559286 0.51740813 0.5928874
0.6233674 0.56508756 0.48496908
0.6455366 0.6107443 0.53774244
0.64640105 0.6302346 0.542316
0.7476219 0.5800871 0.62231636
0.73208857 0.4450509 0.5052199
0.34549388 0.32844198 0.5907608
0.33454663 0.411214 0.2426219
0.81918037 0.49781984 0.25326538
1.0355191 0.44794762 0.25137123
0.9312718 0.44796044 0.27058235
0.92740905 0.5218914 0.1659212
0.7456714 0.4550144 0.20218447
-0.01785526 0.6486913 0.21116155
0.7311547 0.31255895 0.051150754
-0.008879762 0.54057103 0.22640207
0.19898103 0.36815846 0.24202466
0.13891804 0.4573019 0.6375706
0.03257778 0.6527351 0.618556
0.26174977 0.4407878 0.66208416
0.11050092 0.41361123 0.65923244
0.12096023 0.43114752 0.6187818
0.32398766 0.4747463 0.5381791
0.34832016 0.5438798 0.54719514
0.30285233 0.46755892 0.5366064
0.40498707 0.47360182 0.66680896
0.79559934 0.45166445 0.650686
0.36461836 0.4476586 0.6752077
0.27385348 0.4424634 0.6251654
0.53570783 0.5917785 0.6304081
0.03938667 1.119575 0.48057958
0.50255173 0.53775746 0.7731651
0.18149552 0.8619994 0.3330699
0.06652829 0.44484568 0.8120637
0.2588628 0.41529167 0.6400384
0.1816145 0.4200915 0.6974973
0.24728929 0.41684574 0.56064963
0.71354425 0.5664767 0.5619144
0.09229723 0.37581217 0.5867522
0.0065809153 0.3047155 0.6393253
0.15291321 0.35979545 0.6273232
0.8909532 0.5099426 0.6247912
0.2515147 0.5258743 0.3472175
0.44738108 0.4753899 0.4288933
0.38411072 0.45712674 0.5580773
0.20996277 0.43737566 0.48241186
0.107962444 0.33817768 0.42833027
0.026710607 0.5705843 0.8364352
0.025454883 0.70746803 0.85488343
0.04260498 0.6636698 0.86892045
0.072091 0.35533744 0.77799606
0.035021406 0.6990443 0.8486334
0.050665822 0.64307964 0.8358834
-0.016979035 0.30947083 0.8110926
0.0263111 0.5586799 0.8860174
0.2993887 0.4588825 0.7218467
0.2067494 0.4378302 0.7078497
0.35249454 0.5554026 0.26554948
0.7166889 0.52684104 0.21685427
0.8791267 0.6819918 0.350935
0.43874508 0.63563454 0.31168124
1.0243899 0.6871213 0.37376228
0.3135091 0.33690727 0.15424074
0.07295072 0.28982592 0.40881953
0.045846608 0.314905 0.43503723
0.025700383 0.3619377 0.4418153
0.026941568 0.46700037 0.43084687
0.023674756 0.40771365 0.4217181
0.012368973 0.38719714 0.3981621
0.053172015 0.27974552 0.45377478
0.044890665 0.39206964 0.47814637
0.06147199 0.51682997 0.38084573
1.0896509 0.5786274 0.50425524
0.02151702 0.3619988 0.4770308
0.0059631616 0.29103562 0.5226711
0.016738717 0.7399617 0.4664458
0.12812458 0.7722378 0.6084124
0.04082873 1.1205616 0.46893743
0.07914321 0.33368045 0.5210687
0.19093798 0.37572342 0.48070058
0.0772955 0.7304067 0.6795997
0.1360231 0.55416954 0.6932012
0.19902231 0.615286 0.39343932
0.14787251 0.72061586 0.28296998
0.05430701 0.45558178 0.22820368
0.0543423 0.46648997 0.23018071
0.0016037561 0.45020878 0.22727352
0.002913855 0.43206465 0.23741958
0.7537094 0.4133085 0.90681005
0.14309426 0.42422014 0.45655453
0.31964946 0.6569702 0.17865708
0.19773254 0.5710597 0.20771818
0.15967949 0.539689 0.19188726
0.08468053 0.5461955 0.21013302
0.12813388 0.39725518 0.1764385
0.05147215 0.7813982 0.11074221
0.34852934 0.36643374 0.1014852
0.1547217 0.49650663 0.16299687
0.16104406 0.49939275 0.12356995
0.08588228 0.4742381 0.47302547
0.06690766 0.5005765 0.4568287
0.0699214 0.44675976 0.49012783
0.08103328 0.4480502 0.4919556
0.05411382 0.4046049 0.4895779
0.101074465 0.57496095 0.50474894
0.41940618 0.2164037 0.71329516
-0.0029480793 0.41250473 0.9067832
0.43922353 0.19842786 0.7402369
0.19072893 0.33309394 0.32305738
0.07981885 0.25362867 0.3116207
0.14968072 0.2805571 0.3040543
0.16908912 0.4653725 0.36423787
0.21907102 0.53832847 0.35126248
0.20351075 0.5851879 0.32470724
0.22413318 0.6513415 0.38259208
0.13910061 0.61508214 0.27218458
0.24174772 0.6189395 0.3379637
0.17663877 0.545631 0.5711915
0.1590893 0.52777004 0.55364585
0.038590424 0.4957592 0.3522962
0.13367316 0.5678905 0.32703635
0.027270842 0.42468232 0.36891413
0.74522656 0.35897183 0.56292266
0.0029898323 0.45592624 0.15561637
0.03662117 0.41070086 0.16733274
0.042754896 0.38914347 0.17100087
0.042800874 0.4082054 0.15133971
0.0061717927 0.46934813 0.15128663
0.018582575 0.3101982 0.5767966
0.07695623 0.35930902 0.6359145
0.03529848 0.37134403 0.58357435
0.03634912 0.34738493 0.5996231
0.032492556 0.36711437 0.5390502
0.14144829 0.40444273 0.5732894
0.15181625 0.5669658 0.25767934
0.07884491 0.6499115 0.30503294
0.101253495 0.46088964 0.3475999
0.08697427 0.3992799 0.3476819
0.13404924 0.7607802 0.35823718
0.07113767 0.49558204 0.34481046
0.07158929 0.5218488 0.3411393
0.2653757 0.14556812 0.59609234
0.21260712 0.20272604 0.5864433
0.607885 0.2811494 0.5353077
0.13413851 0.110310584 0.5707274
0.9649966 0.46307856 0.611964
0.82983446 0.34749877 0.62267536
