0.07484766 0.5484851 0.46277112
0.064666614 0.4111258 0.40897
0.21134077 0.5399922 0.5200931
0.096528195 0.5036738 0.4635896
0.09416515 0.4810857 0.4507234
-0.026896216 0.6351505 0.17900138
0.03787879 0.22029439 0.2728646
0.11222319 0.26141658 0.28510833
-0.0500243 0.74864185 0.33635712
0.30192327 0.39527285 0.28870857
0.05207101 0.54829514 0.5695791
0.119017765 0.5645861 0.5460115
0.073685445 0.3770781 0.46392673
0.42070913 0.34120318 0.8006187
0.68584305 0.32671332 0.5786303
0.741085 0.38169983 0.87761426
0.7973709 0.35174474 0.79395854
0.31892806 0.40344214 0.7000174
0.23543955 0.53004616 0.2692931
0.19309686 0.5148596 0.32619303
0.14047532 0.68913144 0.29187414
0.29737568 0.33498728 0.39214176
0.59107727 0.4471384 0.40747285
0.1696172 0.4659945 0.58094394
0.09345177 0.40278515 0.56975555
0.16321793 0.48171085 0.42436713
0.16254756 0.48557517 0.43810207
0.14888187 0.42506313 0.5684839
0.19089286 0.55136156 0.55467045
0.08843465 0.8080825 0.51748645
0.094621696 0.6704952 0.4861483
0.8046001 0.811991 0.37389547
0.41634327 0.7116204 0.35200185
0.616164 0.7087808 0.31758922
0.59370315 0.6599447 0.2595048
0.79158163 0.8065699 0.31882638
0.7470482 0.7344402 0.27471215
0.064147055 0.8310513 0.21953347
0.050280936 0.7694711 0.18156657
0.10507024 0.79060763 0.2019019
0.1341922 0.7147277 0.15053482
0.11335431 0.8696999 0.14506897
0.6680911 0.4523247 0.6515995
0.69541574 0.49854898 0.7169961
0.91371524 0.5771782 0.66867
0.7250435 0.54848754 0.6882428
0.7690668 0.58106464 0.6707252
0.8532091 0.718898 0.7394533
0.39224482 0.218562 0.5365189
0.2783082 0.245938 0.54200757
0.09188957 0.29430267 0.2904843
0.2217555 0.32027563 0.34973633
0.39446473 0.4093416 0.43070984
0.25967252 0.37469128 0.33509958
0.261325 0.4501896 0.2840793
0.23286976 0.5526984 0.6880177
0.29367292 0.6155004 0.5652441
0.3514102 0.52353233 0.6576325
0.6397416 0.65149003 0.6395947
0.68480647 0.72152513 0.6636176
0.6385398 0.53854895 0.52911925
0.43614984 0.5548773 0.51277494
0.1461932 0.46461716 0.47503263
0.14192443 0.4665942 0.46056724
0.23383102 0.42763928 0.30028397
0.19740088 0.46142974 0.3321463
0.22757156 0.46935597 0.32904816
0.34827858 0.62369525 0.47791332
0.21500684 0.49629274 0.4557432
0.06451352 0.03158662 0.63454473
0.89390457 0.35722557 0.60226077
0.9400316 0.36688676 0.6307487
0.7995026 0.2969435 0.623729
-0.053492412 0.19121325 0.5877893
0.8400063 0.34743717 0.76182306
0.81102955 0.33179465 0.59538555
0.106920145 0.5433334 0.25813484
0.045242954 0.7699914 0.23294619
0.06519006 0.9720027 0.17015657
0.11373295 0.56834626 0.18372111
0.14147359 0.395473 0.31236035
0.07329804 0.36915168 0.25656444
0.5172698 0.5217372 0.517179
0.6922117 0.5831464 0.52385724
0.65052396 0.59715825 0.5229166
0.6207852 0.6061625 0.5212101
0.77963173 0.60602933 0.61614865
0.71130306 0.43810531 0.5380005
0.12191419 0.24014646 0.52176976
0.15063384 0.34158728 0.20059127
0.4091345 0.37549993 0.17440864
0.9899325 0.4706055 0.24626783
0.8058811 0.41028318 0.23948482
0.49310946 0.39128307 0.16635573
0.57597166 0.37796116 0.19256425
-0.007412255 0.5659505 0.20405546
0.51715964 0.23741457 0.16575739
0.0034808405 0.44829735 0.17678851
0.022335362 0.34370756 0.2079616
0.15323818 0.44569424 0.637239
0.0745406 0.6148504 0.6220084
0.24725397 0.45297655 0.6560445
0.20408075 0.3340298 0.6946803
0.16290122 0.4646403 0.6395184
0.30530208 0.50072974 0.4985677
0.2945569 0.519356 0.55805254
0.28771293 0.5209926 0.48523057
0.32920146 0.4534775 0.5647178
0.5452977 0.35916016 0.55169433
0.4550897 0.47883114 0.64902985
0.32077003 0.4608224 0.5829912
0.46275288 0.6477918 0.59827965
0.033875726 1.1539732 0.49371797
0.4747128 0.6116089 0.7563838
-0.0017332882 0.9556022 0.33385062
0.15272504 0.52897245 0.7523842
0.21317342 0.52610296 0.6308118
0.11719757 0.50150126 0.7046945
0.22863565 0.49090633 0.51801074
0.24119033 0.53588563 0.44197077
0.065813586 0.60513365 0.5660757
0.06892233 0.2981385 0.61930484
0.08320449 0.34481516 0.62358236
0.36292255 0.41370788 0.48218358
0.22144341 0.44765544 0.32520494
0.67438185 0.4759368 0.36537164
0.3243791 0.4330597 0.5359922
0.2117029 0.3868151 0.5020152
0.14317861 0.2842481 0.46032107
0.046908446 0.62559456 0.8000094
0.021048993 0.8858934 0.7679155
0.062292993 0.81656516 0.74548674
0.1712558 0.31579286 0.8280291
0.067447335 0.81971025 0.7866699
0.12852849 0.5129642 0.7874605
0.06710221 0.2919881 0.82984966
0.09974375 0.6144689 0.81399226
0.22241719 0.4714354 0.70561504
0.18808804 0.4171984 0.6868699
0.1845727 0.441686 0.30982733
0.654465 0.41765586 0.29248846
0.807746 0.58077353 0.39300537
0.3007398 0.46160436 0.21350089
0.953504 0.56243414 0.32324365
0.00058175623 0.18231499 0.17053036
0.3806858 0.36972323 0.37998706
0.060001694 0.32588804 0.37381154
0.13940746 0.37415698 0.4031182
0.09336796 0.3729763 0.40502435
-0.001119718 0.42507574 0.41505796
-0.035959296 0.41538635 0.40284127
0.005730033 0.30863017 0.42441678
0.095183045 0.43642256 0.4181654
0.24305996 0.5856342 0.40267408
0.22236319 0.3485225 0.48907644
0.09541802 0.38043743 0.5273171
-0.01955717 0.30248147 0.5048132
0.010436691 0.69725937 0.47823
0.15245199 0.63178617 0.5913505
0.018701144 1.1538655 0.49762446
0.15300673 0.37782028 0.53684795
0.2747268 0.45070434 0.4647776
0.16254301 0.6652766 0.6618925
0.21517563 0.50691324 0.70173603
0.20419444 0.59455544 0.39940882
0.14786637 0.72170824 0.27814835
0.14095448 0.48209205 0.2535596
0.0649852 0.5299119 0.21140085
0.04874473 0.4818875 0.22067285
0.028669208 0.45972332 0.25209936
0.017569974 0.15173 0.6971164
0.25570247 0.4987709 0.41252017
0.30702633 0.62837917 0.19392842
0.1693753 0.5698131 0.2444221
0.16674158 0.554527 0.17672667
0.12532243 0.47352356 0.21471682
0.008005902 0.44100478 0.11562158
0.10554422 0.76010734 0.1416787
0.4861663 0.42823812 0.09541989
0.16464609 0.50855815 0.13965899
0.14848967 0.4535294 0.12678249
0.073740125 0.5595151 0.50461614
0.074851304 0.53904843 0.5035787
0.076272935 0.47157326 0.48706472
0.096200734 0.45840174 0.49464446
0.1383943 0.57494724 0.55656576
0.16333115 0.65927505 0.5446282
0.48193914 0.2500353 0.7780466
0.01325462 0.37566423 0.8940773
0.29403454 0.11071455 0.6099777
0.18240502 0.38508865 0.3147694
0.09713132 0.31461486 0.30106533
0.0876483 0.3841397 0.26685458
0.068055704 0.4732729 0.36718512
0.106416784 0.5012367 0.34436828
0.19129403 0.58110577 0.3260218
0.19232273 0.6319739 0.3733781
0.13814037 0.52739847 0.29302248
0.20893954 0.61525697 0.34808004
0.18981926 0.51065093 0.596875
0.14024213 0.6036026 0.5498838
0.07864754 0.6825791 0.3377797
0.14625287 0.7880097 0.33289117
0.05795446 0.6959459 0.38033497
0.5670513 0.3166755 0.5807074
0.015627496 0.4597324 0.11701834
0.031158336 0.42804334 0.1327024
0.054712433 0.39029017 0.16706437
0.03539499 0.4305791 0.14650446
0.06564081 0.4245623 0.16442156
0.13108608 0.40326783 0.58360285
0.14212279 0.33852807 0.6356155
0.1313967 0.37038007 0.6187669
0.1339642 0.3582833 0.6263099
0.094369255 0.44858104 0.5369867
0.14839567 0.39943054 0.55405295
0.2392154 0.54628897 0.32413447
0.08674141 0.64088136 0.29237208
0.09842536 0.47095266 0.30920023
0.058108542 0.45046997 0.3460096
0.1384154 0.8012156 0.3513347
0.09950288 0.6236492 0.32407558
0.085954726 0.6369616 0.31930578
0.031684123 0.0133839585 0.59791577
0.3204618 0.22055039 0.6004833
0.37638628 0.20509374 0.6389643
0.090875484 0.0969919 0.55854183
0.67487746 0.31920958 0.5734866
0.61227965 0.27807352 0.5253842
