0.065891415 0.53635913 0.43425345
0.11054146 0.41525757 0.47936758
0.16923231 0.5499922 0.5164362
0.093101576 0.4897052 0.4814715
0.08115271 0.5419413 0.44488123
-0.03514024 0.5830013 0.21337482
-0.029784746 0.29151267 0.30406186
0.011619661 0.23366243 0.31897086
0.026113637 0.77819043 0.27495277
0.04528948 0.3488629 0.22500011
0.041525885 0.64665014 0.55786854
0.1851989 0.51604646 0.52337587
0.06573114 0.37258062 0.4793219
0.75507635 0.40949184 0.8373524
1.0125586 0.43004203 0.70793736
0.6181534 0.32325283 0.84485745
0.81218785 0.386809 0.7240839
0.11577911 0.36270165 0.6355603
0.26446262 0.5431804 0.29480886
0.1918731 0.5240526 0.2943645
0.16788438 0.66154474 0.2880101
0.08017528 0.2748098 0.3832994
0.67962164 0.36508253 0.45095852
0.019500658 0.5558537 0.48610052
0.07487233 0.41736844 0.613358
0.20877895 0.5093421 0.41455954
0.18451223 0.4874322 0.43699607
0.17456715 0.47245282 0.56528115
0.20287228 0.52087724 0.5809738
0.0722711 0.8751564 0.50093436
0.08428636 0.7664369 0.47489092
0.812661 0.8496463 0.33739984
0.48084447 0.7489293 0.35457632
0.57289845 0.69675976 0.3067659
0.64146906 0.6793875 0.2577845
0.8186864 0.8353084 0.31769648
0.83296865 0.8031688 0.23569402
0.07999537 0.8304375 0.23097938
0.07729503 0.73084825 0.20759949
0.14100856 0.7338132 0.23955029
0.14526567 0.7481458 0.17905694
0.12824503 0.88328934 0.16607869
0.709284 0.4582482 0.7128209
0.7202396 0.51680785 0.73836
0.86268926 0.56246066 0.6895611
0.75146455 0.56509274 0.7065049
0.7717704 0.56747496 0.6614645
0.8307119 0.6991344 0.75511265
0.3656054 0.19314033 0.48908332
0.30143723 0.23413661 0.5238542
0.053411007 0.2811736 0.28978252
0.32633248 0.37260213 0.37266135
0.3691649 0.3840719 0.37413844
0.31155667 0.41016015 0.35190085
0.34699252 0.44238827 0.35464063
0.22179177 0.6058598 0.67959046
0.3838931 0.58528024 0.54016
0.41541067 0.5003029 0.69507647
0.5892377 0.64383286 0.6360843
0.6007226 0.6773919 0.6594074
0.7044379 0.5852767 0.55212563
0.44959745 0.5598081 0.52495426
0.17804927 0.47373676 0.494625
0.14554228 0.45059726 0.46760166
0.3223227 0.4778339 0.28573093
0.28353116 0.45987862 0.30812997
0.29486609 0.48776814 0.3245825
0.41894856 0.69288844 0.50537366
0.38029218 0.5594088 0.5174023
0.54584926 0.2165497 0.557586
0.80375344 0.3491273 0.60623825
0.9767584 0.39256924 0.52844495
0.9266736 0.35212213 0.5291411
0.2671748 0.24591413 0.6085376
0.6901741 0.3317051 0.6330346
0.78536576 0.33764392 0.46304402
0.10969424 0.54139555 0.2837403
0.10158007 0.67275345 0.2872935
0.08364106 0.9209007 0.20061857
0.114185154 0.56803024 0.20883906
0.13350461 0.2428202 0.21257642
0.18981022 0.42417082 0.16578823
0.52051485 0.5150451 0.5134148
0.55180484 0.5429963 0.51624143
0.6095304 0.5821276 0.50801146
0.57794666 0.58231044 0.5164958
0.83622324 0.6162133 0.62739915
0.79538953 0.43978912 0.55018425
0.2195529 0.2700113 0.5645797
0.023991786 0.25103846 0.19926322
0.050878245 0.25552464 0.14876723
0.7979209 0.43328196 0.24633357
0.13704127 0.23873973 0.1821096
0.116266586 0.26799574 0.16971868
0.056462504 0.26158255 0.19621664
-0.011896849 0.61016065 0.19532266
0.6226771 0.2314918 0.11492352
-0.027657501 0.3665072 0.15355977
0.27851635 0.3060081 0.20962107
0.11686537 0.55553555 0.6160637
0.02980243 0.7417202 0.5933597
0.29877123 0.45918906 0.6738989
0.1319795 0.4560758 0.62832963
0.122071385 0.5612238 0.6251309
0.15005529 0.49345765 0.54301447
0.19358167 0.5861448 0.5847939
0.11137523 0.50558513 0.43487054
0.39940205 0.4941548 0.67833096
0.89791745 0.5244559 0.635605
0.43375972 0.47412896 0.6853557
0.33763024 0.4599404 0.6208356
0.46880552 0.5959097 0.58336323
0.023392595 1.1063399 0.5024556
0.44778746 0.55758 0.75387245
0.100057274 0.89683443 0.27775407
0.12577462 0.48838723 0.7356384
0.0063030906 0.6543632 0.45495844
0.019755408 0.6131416 0.5749463
0.067058176 0.42828244 0.4537402
0.8728452 0.6581481 0.51865304
0.0010789856 0.6271327 0.46547887
0.06763022 0.37023962 0.5863081
0.11882107 0.38604236 0.5587537
1.0188619 0.52201754 0.6187557
0.034641206 0.66501194 0.27358913
0.0899201 0.32347125 0.28941268
0.38926283 0.44867167 0.55051535
0.25734523 0.43415463 0.50918424
0.17377406 0.31361976 0.41576135
0.0016707741 0.6098848 0.8075025
-0.0017934442 0.89328086 0.75559133
0.010254577 0.82907873 0.7856027
0.12443023 0.42856073 0.75274366
0.01648556 0.8620264 0.79693645
0.040198065 0.5891346 0.76161265
0.021471981 0.4126606 0.8420105
0.033627503 0.62361413 0.837021
0.20764363 0.50667506 0.7003356
0.18043923 0.45693704 0.66704696
0.2594482 0.48659432 0.34593567
0.70138824 0.45443255 0.33567443
0.40375108 0.49173182 0.37568054
0.36377534 0.5308023 0.30022225
0.69520193 0.46853584 0.27007625
0.40564933 0.43605623 0.21435997
0.08832586 0.23777199 0.37709063
0.086664826 0.30856583 0.39642933
0.14806326 0.33102062 0.34863916
0.0159185 0.5340853 0.43580842
0.01625454 0.49798632 0.42829037
0.01408691 0.46124378 0.39149573
0.0254208 0.3784858 0.4420884
0.14026743 0.4000692 0.4864795
0.07743321 0.521423 0.37833315
0.67640024 0.45319116 0.4884058
0.029734343 0.41566634 0.4657206
0.009175904 0.302419 0.51875925
-0.0033928752 0.7226539 0.47681564
0.085804105 0.81056255 0.59204805
0.02768822 1.1056116 0.54768366
0.055800408 0.33998078 0.52459395
0.04700094 0.42483985 0.4247289
0.14464442 0.65805244 0.62668216
0.18789339 0.5641667 0.66112673
0.21310619 0.5972012 0.4169503
0.15634716 0.61516184 0.31035572
0.107479945 0.48163182 0.22168615
0.05183449 0.43296695 0.23517603
0.03605253 0.4141803 0.21455649
0.029494006 0.40594274 0.23355463
0.93408126 0.5341645 1.0495293
0.07323692 0.47830784 0.3727806
0.2972677 0.613395 0.2079598
0.18243694 0.5711338 0.1905267
0.16327083 0.50902444 0.18885091
0.15426591 0.46154717 0.19544312
-0.06712159 0.3468529 0.09547073
0.069659665 0.69061834 0.043007642
0.12264079 0.3375107 0.15642253
0.17103848 0.49197096 0.15038621
0.16710344 0.46415722 0.13555641
0.07792368 0.59972864 0.4841666
0.054762766 0.573904 0.44113186
0.08182872 0.50864667 0.48676708
0.091191396 0.4903185 0.50323945
0.061477028 0.66778296 0.43502292
0.108188376 0.69040406 0.48040375
0.37856188 0.2089898 0.7117265
-0.02697064 0.3572397 0.94191104
0.45883837 0.18425849 0.7588668
0.17996156 0.35802492 0.29676375
0.113005474 0.30803475 0.27770212
0.105746016 0.38380963 0.2685096
0.1570288 0.47642112 0.35890028
0.20419937 0.54331064 0.33697656
0.15721169 0.59773195 0.30182776
0.22407305 0.5905482 0.40665957
0.15324017 0.5580124 0.27843753
0.21775728 0.6244715 0.34631935
0.19440576 0.55239654 0.56253844
0.1320595 0.6660575 0.5143661
0.075877294 0.48515725 0.3059291
0.14323786 0.59955424 0.28010157
0.06975979 0.5697249 0.28944618
0.10033333 0.17164049 0.5310052
0.07576598 0.40230742 0.14672953
0.058206193 0.40532342 0.1853978
0.07064206 0.40632242 0.19223928
0.040467177 0.4389827 0.14624386
0.043103322 0.44036776 0.1706927
0.023193896 0.44300532 0.44464922
0.06798405 0.4336201 0.5496477
0.06564729 0.46983677 0.5359122
0.03742472 0.43173492 0.5087621
0.055573676 0.44537973 0.4949117
0.13066271 0.4334811 0.5411876
0.08028542 0.52255356 0.24053746
0.08720217 0.5567349 0.3131122
0.09830712 0.45532 0.28012824
0.0873061 0.49427605 0.3097122
0.17128447 0.68626374 0.3583984
0.1004193 0.5208336 0.2942261
0.08877272 0.53630394 0.3011366
0.13215837 0.035966307 0.6095795
0.3549862 0.21218726 0.5794028
0.6730016 0.32015902 0.57066077
0.1609248 0.13871175 0.55412066
0.84442955 0.40689266 0.6002412
0.813956 0.35756052 0.6382604
