0.06271741 0.49597046 0.4090237
0.1490328 0.38622537 0.46418047
0.19590779 0.533742 0.50860906
0.09877561 0.47763073 0.45683372
0.09754261 0.44741407 0.45262593
0.07221241 0.01124654 0.58967984
0.17038289 0.057357788 0.54586965
0.28698516 0.09948941 0.7286556
0.03842735 6.107241e-05 0.5561827
-0.007928882 -0.017634675 0.555909
-0.009395916 0.5947351 0.24318272
0.014374036 0.34607592 0.2838649
0.10865547 0.26366928 0.28978267
-0.025999416 0.8461583 0.29308492
-0.027262818 0.39452335 0.3239599
0.08079092 0.47581747 0.545625
0.1714409 0.5228286 0.5338726
0.051665824 0.3496051 0.46814024
0.075139806 0.014947258 0.58276033
0.22510315 0.12045929 0.53408796
0.11213735 0.06047609 0.55909234
0.0529004 -0.015911467 0.52967775
0.0388202 0.022933409 0.63769644
0.43111572 0.1687006 0.5086859
0.8901475 0.38540533 0.552653
0.8153749 0.3190125 0.5762133
0.6177865 0.3901615 0.8180313
0.9555229 0.42045775 0.66393924
0.49236593 0.33158365 0.7862703
0.8451054 0.38573337 0.72647375
0.111455776 0.41661754 0.6746416
0.24134263 0.49588573 0.29687047
0.19990085 0.5315961 0.30385435
0.1378132 0.6825517 0.27532363
0.089823335 0.2848987 0.4664219
0.23980789 0.27858436 0.47229683
0.106806874 0.42569825 0.5836478
0.049274024 0.37755832 0.5404714
0.19456404 0.48787853 0.42431816
0.165647 0.49872327 0.42162383
0.16027121 0.45730808 0.57157636
0.1638358 0.5297574 0.5923556
0.107346445 0.7276686 0.5156379
0.11379126 0.59900576 0.48933458
0.8134666 0.8488861 0.36491007
0.3969966 0.7849931 0.36754847
0.5668913 0.740828 0.30269414
0.51971895 0.69950795 0.27790856
0.79070294 0.8396443 0.28776726
0.7416028 0.73566437 0.2662596
-0.002561573 -0.010442838 0.49187446
-0.0050058886 0.043802045 0.47573087
0.07765961 0.0744135 0.54707813
0.058442514 0.018896662 0.5651752
0.24171361 0.0940481 0.51143795
-0.002915591 0.03966125 0.45631194
0.06852128 0.05845231 0.51763904
0.06663684 0.8573538 0.21477345
0.065473005 0.75736356 0.21189341
0.09616546 0.8387136 0.20612928
0.1337059 0.7272356 0.19070071
0.14338523 0.8574121 0.17438708
0.6895156 0.46094868 0.65479
0.71042466 0.51033 0.7162606
0.98958576 0.59495574 0.6791347
0.7449074 0.54718006 0.69128954
0.7585269 0.5781514 0.66202015
0.81191266 0.7003816 0.7484871
0.33133325 0.17637695 0.49948376
0.33164635 0.25687543 0.5531452
0.03720081 0.301348 0.2944122
0.29027852 0.37429556 0.29873344
0.37697062 0.40223294 0.39182675
0.24350128 0.44194672 0.27127907
0.25960407 0.4650046 0.28970912
0.25398475 0.57621235 0.7145486
0.34262362 0.5398994 0.5513685
0.31018564 0.45682472 0.6734511
0.5778662 0.64442676 0.6487797
0.6057448 0.6918934 0.66100293
0.50129884 0.57657427 0.56985015
0.43889958 0.586908 0.54515636
0.17770116 0.472506 0.47374973
0.1699954 0.44163656 0.4630114
0.29012448 0.4138259 0.33721498
0.24615976 0.4569998 0.33740985
0.2551731 0.49530786 0.34106684
0.31190842 0.5257944 0.20987177
0.6425539 0.73929745 0.23046055
0.75244117 0.7239556 0.20250905
0.9356404 0.8354357 0.14813823
0.3853691 0.67611057 0.5407729
0.3447502 0.56870884 0.54598
0.23322678 0.086931795 0.70968294
0.18995483 0.066781886 0.6216244
0.18926811 0.016633116 0.6629117
0.15662669 0.027626842 0.69908744
0.0740464 0.020088568 0.7045455
0.24870515 0.10768676 0.6495474
0.8377071 0.3814527 0.6549069
0.4990298 0.1492413 0.39244035
0.83662874 0.31962088 0.5930651
0.1920661 0.17410044 0.621359
1.0044221 0.41650686 0.6173323
0.9163708 0.35097507 0.5858191
0.623131 0.38487586 0.5775783
0.7785964 0.29773796 0.7211578
0.8874295 0.35469308 0.5542796
0.0781569 0.5890727 0.2533562
0.07123061 0.75105804 0.24260375
0.0769341 0.96211463 0.17178097
0.118642494 0.557755 0.19814998
0.062957 0.44087088 0.22652432
0.06962345 0.46431282 0.21006945
0.6048883 0.5267243 0.5024368
0.5084455 0.5206784 0.4828674
0.64091074 0.61759144 0.49981534
0.65500104 0.62957305 0.5198702
0.7784134 0.59463334 0.5813717
0.66167676 0.46807632 0.5455482
0.38466874 0.3058872 0.5179971
0.71320117 0.26254657 0.4375873
0.16856085 0.053800188 0.43060678
0.62297785 0.21831796 0.4181007
0.18743622 0.053366706 0.4338039
0.73212683 0.27078205 0.47242868
0.09253214 0.020698346 0.4283053
0.19425644 0.08219087 0.4275232
0.56649524 0.19719192 0.40092915
0.51581454 0.21891311 0.49479136
-0.04003239 0.35667163 0.21224685
-0.0049799457 0.34476867 0.19669059
0.8197751 0.4115063 0.2667336
0.22549452 0.33535916 0.26221484
0.09084934 0.30134255 0.1995624
0.02965384 0.29716867 0.2107327
-0.002050545 0.6483156 0.20965284
0.65394425 0.34504628 0.20679769
-0.024020527 0.52350795 0.12465201
0.05762256 0.38457832 0.18163854
0.3140847 0.22977391 0.38647413
0.030900717 0.2333926 0.58876085
0.023091566 0.29157168 0.58669484
0.0893518 0.26278082 0.5345838
0.02214853 -0.009118415 0.44823533
-0.08058354 -0.060136057 0.36238158
-0.23401502 -0.11461245 0.2942005
-0.028447386 -0.0007958859 0.39976943
-0.0078852065 -0.024311878 0.5735995
0.011959497 -0.00058908015 0.40556064
0.31422332 0.14190564 0.56459254
0.10764955 0.018807955 0.5981121
-0.12992582 -0.05174326 0.5260066
-0.13630483 -0.09624816 0.54435676
0.14143279 0.4628755 0.61806756
0.06444598 0.62034446 0.6056473
0.2759949 0.45370305 0.65685445
0.109695345 0.4214232 0.6726821
0.17433567 0.46180627 0.6319751
0.31726772 0.3827125 0.513254
0.34214813 0.52500606 0.56200004
0.29080766 0.49835727 0.53818023
0.3846107 0.49020204 0.62307733
0.71709573 0.41184375 0.58055514
0.28511277 0.4811077 0.6465487
0.33175483 0.4634873 0.61582536
0.5086694 0.6643782 0.59862
0.03340576 1.0759826 0.510818
0.5035904 0.58336174 0.7091914
0.1321043 0.8719581 0.28037724
0.121523604 0.48233956 0.70142376
0.19690195 0.3884739 0.5767601
0.1476795 0.41100404 0.6683249
0.20241754 0.3757238 0.54040545
0.7079522 0.56165373 0.54342604
0.06836909 0.43457744 0.5425355
0.03577252 0.33948043 0.5790508
0.10945469 0.3619983 0.5977856
0.8062869 0.46049795 0.59737355
0.23094836 0.35678148 0.22720933
0.06644602 0.41151813 0.31197175
0.4032478 0.47927475 0.5554208
0.14879426 0.48850173 0.5093891
0.05194783 0.45855573 0.32582748
0.84424645 0.35039935 0.4667308
0.87614846 0.35385153 0.46219137
0.89496696 0.35366842 0.42532504
0.81744385 0.3195758 0.4483237
0.82946426 0.3592044 0.46019715
0.83711106 0.33682704 0.4131214
0.87806976 0.37517694 0.4689852
0.43390295 0.13076836 0.30809096
0.9283655 0.36580667 0.5901128
0.05157755 0.5384724 0.8092015
0.032550525 0.81646556 0.7525582
0.07485217 0.7589328 0.73423344
0.15958445 0.3977829 0.7914073
0.07893704 0.74019337 0.76511973
0.08066754 0.46014342 0.8020777
0.017074887 0.3669163 0.8700841
0.123325035 0.55797786 0.8431757
0.88758534 0.363733 0.7272067
0.9537079 0.39463243 0.5227652
0.7582594 0.30965874 0.53888845
0.7274723 0.2988688 0.5834395
0.81829643 0.3377328 0.6953245
0.8369762 0.37491754 0.52584296
0.23252098 0.43797317 0.70412993
0.18286124 0.4264712 0.7069337
0.31598577 0.5297382 0.27531573
0.5547704 0.3751881 0.25728786
0.39715594 0.5038073 0.33408576
0.2731463 0.4797856 0.24435297
0.3494819 0.40813854 0.21599941
0.5530897 0.56239104 0.2614182
0.38858244 0.30421597 0.43947744
0.05926141 0.30751875 0.4176979
0.11906293 0.29386646 0.38477966
0.010052059 0.5395496 0.285033
0.004610084 0.51751137 0.39604574
0.03389367 0.4271348 0.36858124
0.11146933 0.33317748 0.43025076
0.08716002 0.41008726 0.44406056
0.049677927 0.6455091 0.3583552
1.4893116 0.7009765 0.4578156
0.01383118 0.40419552 0.46821922
0.027257457 0.3001848 0.5060718
0.020968027 0.70286936 0.45286623
0.071802646 0.9047275 0.5023468
0.03115872 1.0826089 0.511199
0.034885127 0.386112 0.5420568
0.07139464 0.27487832 0.4708379
0.15855856 0.58604807 0.62609154
0.15663218 0.53019726 0.66973704
0.17471452 0.65784687 0.39237922
0.12491785 0.68576455 0.2702884
0.083685696 0.43072867 0.2391505
0.063669115 0.43985823 0.22112545
0.04319145 0.45432538 0.20786345
0.050441515 0.40650886 0.24013656
0.6400102 0.45429018 1.074614
0.043667007 0.4109369 0.44629532
0.3071173 0.64736843 0.19863077
0.18194754 0.60752475 0.18242317
0.17735535 0.5591901 0.17015602
0.09457062 0.5533889 0.17361373
-0.005278308 0.48025835 0.078916
0.088861026 0.69076055 0.12060369
0.24160191 0.33972228 0.066342846
0.15648909 0.46324483 0.15941204
0.11107524 0.510095 0.14020735
0.61253494 0.21514618 0.49626988
0.4986811 0.12721793 0.38538477
0.54321605 0.024369504 0.3881097
0.06238338 0.55677 0.41268328
0.095745176 0.48549497 0.4099722
0.09357515 0.4553952 0.43963602
0.095102385 0.44429344 0.44820473
0.11667299 0.51429284 0.45844382
0.12340616 0.64124966 0.48491722
0.43103758 0.2134875 0.73295945
-0.03897428 0.3638289 0.9198535
0.41067085 0.18081778 0.68377554
0.4342995 0.31792402 0.18760806
0.29295114 0.27453774 0.24706551
0.390338 0.3762578 0.24852905
0.16897584 0.3812803 0.3154509
0.19111907 0.30784354 0.29467314
0.20222872 0.3560097 0.28734943
0.14129801 0.5086452 0.35616788
0.21206577 0.5433491 0.34560472
0.16710186 0.5617733 0.3255026
0.18749952 0.6065416 0.38612035
0.10467626 0.7043055 0.2653055
0.21479878 0.63462895 0.33167562
0.17178687 0.59769213 0.55976397
0.13404611 0.5631498 0.5141186
0.09427558 0.49327677 0.33044642
0.125423 0.66009575 0.30382076
0.09400177 0.5769706 0.34507206
0.059615955 0.19131938 0.60118526
0.0038234554 -0.00890284 0.5577542
-0.055609707 -0.04460877 0.5526176
0.041973654 -0.01358483 0.54815114
0.10776384 0.00851173 0.62205875
0.06327091 -0.00022546947 0.64220166
0.03689249 0.017708696 0.63992125
-0.10566093 -0.07645223 0.44061136
0.033354092 0.41595253 0.14501064
0.027292535 0.38466325 0.19615746
0.07399605 0.37782386 0.18573534
0.045984846 0.41381887 0.15448827
0.030404542 0.4538624 0.16368607
0.07216197 0.35172644 0.5051416
0.07958403 0.39561525 0.5884605
0.083015114 0.42879197 0.5571146
0.083929315 0.39149094 0.53262126
0.0497489 0.39702952 0.5187749
0.15258105 0.4289686 0.54290265
0.04752775 0.5832896 0.28718677
0.054942362 0.6101794 0.2940212
0.08074637 0.41761714 0.3163171
0.118352436 0.44502324 0.3175187
0.09675008 0.76841956 0.32446122
0.078275114 0.5422651 0.31332368
0.07494171 0.5315067 0.3155853
0.12853813 0.070942946 0.6252554
0.2727711 0.15278125 0.5680565
0.29170296 0.14704522 0.5957735
0.07266872 0.08473708 0.5708605
0.8281566 0.38628986 0.5883605
0.8752236 0.37871265 0.588389
0.09288117 -0.026719235 0.5460838
0.096832246 -0.025854528 0.51470923
0.18516058 0.041267745 0.61323637
