0.07286339 0.73797905 0.4400822
0.12048979 0.422159 0.46166527
0.3336904 0.5615796 0.49237847
0.08054406 0.5732192 0.4815488
0.10310914 0.48832858 0.47913557
-0.031025048 0.5685437 0.21952756
-0.0068468414 0.23023492 0.30239406
0.030012641 0.24629728 0.29828894
-0.03495646 0.7564112 0.19603267
-0.012662131 0.33138898 0.26560754
0.036741566 0.5022492 0.57431376
0.20708409 0.5836762 0.54033893
0.085575804 0.41128847 0.50870943
0.72560614 0.3914049 0.8831882
0.93164015 0.43044826 0.5932412
0.73446834 0.3465817 0.86542076
0.92458075 0.44576973 0.7558599
0.1605099 0.3950539 0.64922386
0.26310685 0.5199785 0.29131728
0.18459795 0.5081272 0.29857767
0.14930078 0.69603646 0.28328454
0.36887744 0.380379 0.41979265
0.6678946 0.4716963 0.38398528
-0.008351427 0.53468394 0.56163985
0.0478706 0.53295004 0.5888424
0.20360544 0.5368475 0.4226967
0.19494292 0.5418044 0.4310286
0.19782421 0.4558561 0.6040869
0.17992623 0.5742457 0.5834616
0.0970927 0.79939806 0.51922107
0.08549963 0.63026035 0.50287527
0.82383525 0.8480754 0.3906089
0.43624222 0.77954483 0.4235865
0.587204 0.74999166 0.34715742
0.5850787 0.7442876 0.30274183
0.8669985 0.87850344 0.32178837
0.7997973 0.8061404 0.3066414
0.06970014 0.8279414 0.2147732
0.06499584 0.7902223 0.18706538
0.12679635 0.7669859 0.20277154
0.1663639 0.6692101 0.16898659
0.13849388 0.8220515 0.17000146
0.74688864 0.48325455 0.66043633
0.73993915 0.5193259 0.7154774
0.9168417 0.5571338 0.64954996
0.7497488 0.5692886 0.68043506
0.76267636 0.58181405 0.6564756
0.8367262 0.7262337 0.7379923
0.3389032 0.16983211 0.4780386
0.3218756 0.2342878 0.5625885
0.04586876 0.32486907 0.2779616
0.43880302 0.36534914 0.39340192
0.41926378 0.41813746 0.46072894
0.29341605 0.42594507 0.27358717
0.29507583 0.44222566 0.27794653
0.2312141 0.5881933 0.68666595
0.5000097 0.6294118 0.5611314
0.50932986 0.57278883 0.65363675
0.70126647 0.71110535 0.62037617
0.66552657 0.73059297 0.64222527
0.8344629 0.5749049 0.57380176
0.41996855 0.55695343 0.52106684
0.21537095 0.5243341 0.49427253
0.33266646 0.5687239 0.478024
0.25901565 0.46254614 0.3246811
0.22966988 0.469159 0.35767704
0.26485118 0.50099653 0.3741634
0.39910597 0.6748457 0.5325703
0.3998255 0.61756814 0.5592927
0.58750176 0.20305182 0.5803697
0.8064321 0.36508742 0.5633144
0.99309057 0.38435736 0.6205064
0.9373978 0.3288634 0.51287585
0.2111657 0.27720696 0.56287044
0.78282756 0.3184011 0.702161
0.8492195 0.33886048 0.49189985
0.09697694 0.6319325 0.25078338
0.10199512 0.6863452 0.27722377
0.07999814 0.91600466 0.19928844
0.13818352 0.54218566 0.20960394
0.14310291 0.47525114 0.31921452
0.17401277 0.510073 0.23450586
0.518399 0.5274992 0.50539476
0.81004477 0.6341771 0.5228558
0.60392404 0.59912515 0.5154827
0.61598754 0.6134033 0.52238506
0.7880156 0.5975697 0.58382297
0.7725793 0.47159266 0.5787895
0.21556425 0.29754516 0.54641837
0.02458014 0.3021788 0.24243058
0.2153205 0.35309705 0.17700706
0.62545276 0.36142263 0.20690075
0.38179976 0.2925378 0.19104148
0.20207065 0.30261016 0.20667621
0.18912819 0.24873778 0.23752294
0.0030384772 0.573293 0.23671164
0.5218111 0.2910602 0.16236532
-0.013585653 0.46082798 0.18745431
0.049619112 0.31105873 0.25468475
0.11012983 0.5049945 0.6159317
0.037527632 0.65562665 0.5833798
0.31194085 0.45220906 0.6780915
0.12871532 0.41018358 0.70244676
0.12978764 0.5197836 0.60763806
0.15771598 0.49003503 0.52255166
0.2551644 0.6021656 0.53308785
0.2602674 0.5324176 0.5244214
0.4114943 0.51319826 0.61576927
0.7125011 0.4008767 0.6653804
0.50871265 0.56042516 0.67168903
0.30221698 0.50162673 0.6160448
0.46809816 0.6300912 0.58087605
0.06006027 1.0761067 0.5338732
0.4676227 0.56969833 0.75695467
0.13065569 1.0248804 0.2808415
0.148096 0.505106 0.7358001
0.070752226 0.49720708 0.5757076
0.07940461 0.47545812 0.6420771
0.118010595 0.5459243 0.5299064
0.5564855 0.5842178 0.508355
-0.01872493 0.5527184 0.5615077
0.054086316 0.36043885 0.63281643
0.16797502 0.4004927 0.65399283
0.9170266 0.50384367 0.6053187
0.11015285 0.5399462 0.32177883
0.025837135 0.23464674 0.14290166
0.37276283 0.46718693 0.52959067
0.22271888 0.41499534 0.5315064
0.14601482 0.28155822 0.5023059
0.014304202 0.44636825 0.79293376
0.011063721 0.8693172 0.7668807
0.039111402 0.70977676 0.77571607
0.18502991 0.41116637 0.80497086
0.026504885 0.8902961 0.7969835
0.020588685 0.45701632 0.791695
-0.0707867 0.18995067 0.87044066
0.04062928 0.49397716 0.83305544
0.27362555 0.52334535 0.6916965
0.18269451 0.46279117 0.7160739
0.2703351 0.5688833 0.40730596
0.06948935 0.4086735 0.28740013
0.21967313 0.56786156 0.45573354
0.0041246787 0.3921832 0.25860846
0.17441368 0.30803698 0.18196246
-1.0161109 0.013728477 0.051898815
0.074028954 0.29844156 0.40677875
0.05076223 0.33520618 0.41526473
0.024302058 0.35130593 0.40023345
0.06584528 0.41820547 0.40545708
0.00817731 0.4922575 0.42356944
-0.0025569387 0.46900168 0.4183153
0.08926359 0.33830312 0.48014718
0.12170647 0.44693008 0.5104494
0.0852413 0.5618471 0.38643062
0.86376286 0.4987384 0.4706033
-0.0015481226 0.36475864 0.511909
-0.017463189 0.30909395 0.52182
-0.0042918734 0.67320466 0.48762965
0.09457171 0.8629848 0.55414337
0.05702447 1.1187053 0.5099081
0.098685265 0.37690964 0.54948896
0.06276576 0.38870513 0.50767833
0.11592562 0.68761253 0.60266834
0.13972598 0.5105002 0.7164536
0.21798086 0.61821795 0.39877933
0.15542692 0.6652174 0.29647487
0.09838733 0.48492774 0.24034293
0.015821755 0.4535317 0.2474988
0.03335488 0.46726042 0.22652707
0.039817292 0.47033438 0.23874956
0.5887495 0.6427413 0.99868095
0.13252863 0.4814752 0.44726068
0.3078776 0.6320945 0.20789596
0.22610365 0.64633703 0.17168278
0.25116447 0.53007025 0.16690361
0.118429884 0.5550876 0.21382132
0.006196324 0.5110475 0.1454962
0.12584126 0.94377947 0.05765062
0.151437 0.30370033 0.109313436
0.15716836 0.48686948 0.16698939
0.13039435 0.49190095 0.13613462
0.105034724 0.6232326 0.47141302
0.06988697 0.67712164 0.4487723
0.12183276 0.5181223 0.49782425
0.12146866 0.5221118 0.49812144
0.116338626 0.60770965 0.5156386
0.071955085 0.78562534 0.52050155
0.43967927 0.2226876 0.7353845
0.0025604405 0.24536166 0.9205649
0.50807214 0.20622404 0.7197275
0.2102882 0.38580868 0.27505398
0.10776289 0.3135171 0.2737239
0.16077422 0.37225443 0.26224142
0.24632783 0.5222025 0.35093355
0.25624394 0.54736006 0.3450979
0.19738927 0.6500671 0.29864985
0.22072414 0.6546618 0.371408
0.1500017 0.6878036 0.2732569
0.24406901 0.61730707 0.3259607
0.17234492 0.56541026 0.5785057
0.14002562 0.5755446 0.52866435
0.10237034 0.5499177 0.32330102
0.111441255 0.76384604 0.3165028
0.052332163 0.5205929 0.3505463
0.5029618 0.35149035 0.5494065
0.01501001 0.40270594 0.15686011
0.048657104 0.40369937 0.17986704
0.084509104 0.335598 0.20050131
0.05277195 0.4089737 0.17261069
0.047087256 0.4429213 0.17948991
0.04758691 0.4411811 0.6007204
0.10515456 0.43261573 0.6386553
0.100707516 0.43158588 0.6312571
0.0750346 0.44037807 0.608929
0.06837468 0.4875307 0.5405517
0.20216954 0.51033247 0.60799307
0.115020916 0.51674855 0.29887062
0.110923335 0.59033775 0.2947251
0.16362306 0.4870635 0.32284135
0.115498886 0.47240213 0.3407418
0.12649569 0.84156084 0.34024537
0.1198605 0.5225321 0.32259512
0.10881567 0.61664116 0.30053103
0.1553946 0.0755385 0.5912483
0.6445049 0.3187147 0.5785991
0.5105948 0.22546811 0.6110238
0.04566205 0.062273532 0.5524608
0.9417004 0.40728307 0.6218912
0.93095815 0.39612415 0.6645564
