0.053093694 0.5387442 0.4579054
0.112506166 0.41782796 0.45171413
0.20892 0.5472748 0.4829678
0.075565346 0.56063074 0.48210198
0.10972208 0.46265543 0.47803187
-0.020603571 0.6632018 0.2248809
-0.02818628 0.41464174 0.27345133
0.022551045 0.26354557 0.32657963
-0.013431486 0.85356224 0.19672453
-0.0041511543 0.4863739 0.25537258
0.059574522 0.5430578 0.52768624
0.20780426 0.5212216 0.5105361
0.057327382 0.38169843 0.50848883
0.9269933 0.47497344 0.8668394
0.71125144 0.32067704 0.53873205
0.4975583 0.3049969 0.7940106
0.74306804 0.38598382 0.6881304
0.096084476 0.37989128 0.67470706
0.21363647 0.5437461 0.2902543
0.19098909 0.5354575 0.29289675
0.15540673 0.6948348 0.28450412
0.06317547 0.33192647 0.4172531
0.6485177 0.5131847 0.4285321
0.06434113 0.42748046 0.53344476
0.07220698 0.41513848 0.53771436
0.18718317 0.4972722 0.43447787
0.16979916 0.51309085 0.4306809
0.1583419 0.44799948 0.5624524
0.14400373 0.5653301 0.56393075
0.09072453 0.73006755 0.5714242
0.07595119 0.7448224 0.4856754
0.7974836 0.8179965 0.3861772
0.4366895 0.7549127 0.36090335
0.54895633 0.7439167 0.31701073
0.5327537 0.7025886 0.26746982
0.82970923 0.83944374 0.2915928
0.7430148 0.76366353 0.28880966
0.070411354 0.83710724 0.22479329
0.07056873 0.8300464 0.20175713
0.11649527 0.7702547 0.22373721
0.1899154 0.7155301 0.2077617
0.14568919 0.852105 0.16861781
0.6512484 0.4237674 0.6449584
0.72516304 0.51997226 0.70736444
0.9401164 0.576023 0.62487715
0.7552845 0.5455764 0.6884361
0.77808183 0.59215844 0.6636889
0.8368061 0.71039975 0.7397918
0.35489312 0.18174863 0.47444922
0.25332466 0.21509515 0.5521884
0.0036313497 0.368733 0.2640443
0.33577496 0.35736227 0.39349544
0.3171777 0.42311418 0.46754107
0.3108381 0.4065647 0.3038313
0.3485666 0.39860106 0.30110043
0.1984735 0.5549973 0.6852206
0.49755603 0.62222624 0.52804893
0.40564004 0.53185225 0.6339311
0.6416181 0.6701346 0.59704226
0.642884 0.7195097 0.6457423
0.49216887 0.6070296 0.54240006
0.44860357 0.58040446 0.53257555
0.14392704 0.49624205 0.50279725
0.099660814 0.47115064 0.48213676
0.22774787 0.43592596 0.26439533
0.19640799 0.422877 0.31887162
0.22115412 0.44946223 0.30651698
0.39909285 0.67576766 0.52830875
0.29714537 0.5605075 0.486403
0.8785531 0.3483897 0.54788977
0.7426937 0.36585397 0.60358876
1.0484838 0.41035753 0.5916874
0.95298076 0.39108557 0.53952014
0.24529943 0.3169868 0.57867
0.5643489 0.2709607 0.6518101
0.83557683 0.4051643 0.49774146
0.11138281 0.5128427 0.27495474
0.07681659 0.79485434 0.26429385
0.09843168 0.8850069 0.17887677
0.10580742 0.5973808 0.19160125
0.118570924 0.42788863 0.26829904
0.24589856 0.4652236 0.20789981
0.4915936 0.52436817 0.52243984
0.81180185 0.6221373 0.4925994
0.5923602 0.6049738 0.52267504
0.59869856 0.6227772 0.5237714
0.73724335 0.5693977 0.5306972
0.61334395 0.362693 0.5300994
0.4169335 0.32618886 0.527892
0.011737514 0.3146047 0.17991075
0.08132026 0.39506215 0.14692205
0.80193526 0.4481535 0.1989358
0.41218656 0.3811543 0.17167604
0.13759536 0.36038148 0.15631136
0.13776131 0.30659038 0.18427947
0.007911306 0.6165967 0.20617488
0.35098723 0.25900263 0.15501426
0.025936756 0.48658913 0.16516411
0.13925989 0.33830816 0.22999623
0.09492199 0.51167756 0.608539
0.017399076 0.67942417 0.5905412
0.29570243 0.43695903 0.6529483
0.021787327 0.42226338 0.6655189
0.06578015 0.54970336 0.63782763
0.29182202 0.54899013 0.50529927
0.25790474 0.6264788 0.53640753
0.23158313 0.54430395 0.5380767
0.33512864 0.45885682 0.56417996
0.8444651 0.4511494 0.5638456
0.14397986 0.40464127 0.6407497
0.30121717 0.47520602 0.62568367
0.5154875 0.618449 0.5625922
0.042287465 1.1349568 0.47506583
0.6449553 0.6309288 0.7190315
0.08055732 1.0287504 0.28734165
0.061428707 0.45928448 0.8040245
0.1252903 0.5832999 0.61356276
0.009021264 0.55132693 0.7139752
0.0999016 0.4786824 0.53426933
0.800795 0.6308042 0.4928116
-0.013423633 0.56864005 0.5751905
0.03009788 0.33203846 0.65143436
0.0010852031 0.3585242 0.65102
0.7418938 0.46688896 0.5549435
0.22296819 0.6063904 0.2309938
0.0675015 0.362131 0.30522794
0.35990196 0.48254865 0.53596395
0.2197878 0.40985078 0.4611457
0.14974162 0.3481531 0.4150321
-0.0037046783 0.42056924 0.81208694
0.033002906 0.71970177 0.8461544
0.023831353 0.63940954 0.83278024
-0.0006241761 0.3886816 0.8111082
0.048475705 0.7123629 0.85599464
-0.0107847415 0.44494057 0.7873932
-0.020777222 0.28108263 0.8010755
-0.0004999824 0.49189258 0.8726086
0.17678899 0.49851364 0.686979
0.15120493 0.44744122 0.7005762
0.16610874 0.40349686 0.2570992
0.24397156 0.37591714 0.25870413
0.3020975 0.45759147 0.35582504
-0.09364548 0.46245462 0.18739758
1.0920193 0.66596967 0.27706772
-0.759311 0.13131556 -0.01303304
0.094484404 0.294622 0.4072621
0.10765222 0.3039509 0.4441874
0.029628005 0.35104197 0.41800594
0.035182633 0.42992675 0.34423077
0.007768832 0.52378935 0.38829812
-0.01169518 0.53994864 0.39849323
0.09085244 0.32456708 0.42742077
0.09401199 0.3810181 0.4928136
0.09702642 0.47902763 0.42981693
1.6353179 0.8601038 0.5190308
-0.0068327226 0.40421003 0.487226
-0.027582634 0.2683702 0.52778274
-0.010003265 0.7146797 0.47350323
0.10850628 0.82512355 0.5274952
0.04547884 1.0816905 0.54821324
0.011985224 0.35059875 0.5345581
-0.0025932677 0.35702026 0.47569373
0.0956247 0.62167954 0.6675338
0.099266365 0.50632876 0.72347486
0.21308146 0.5888889 0.40370646
0.111473665 0.72649467 0.28862163
0.05840005 0.426062 0.22928366
0.058919095 0.41587353 0.23093632
0.05531768 0.45834166 0.20266294
0.039952714 0.41565353 0.23195362
2.2256224 1.0714141 1.8506539
0.024703372 0.44473463 0.4221283
0.32513446 0.63838 0.18852398
0.17990837 0.6090323 0.19524002
0.13865797 0.5082105 0.16046658
0.1155072 0.46568614 0.18718657
0.01804493 0.5643839 0.067523785
0.07661559 0.82466054 0.017897628
0.2690413 0.44007617 0.08070858
0.1935407 0.4747008 0.12945695
0.21376708 0.48793668 0.13969865
0.053541258 0.61303794 0.45022243
0.018614631 0.5096345 0.4583167
0.032980032 0.48058105 0.48772195
0.038922 0.48983777 0.4955059
0.031012036 0.57132685 0.48460647
0.08112517 0.6171076 0.5319191
0.38062003 0.20734772 0.6985708
-0.012214851 0.29311344 0.87589544
0.42446557 0.16460934 0.601125
0.17602211 0.3749709 0.31457305
0.11945549 0.30026668 0.26898128
0.094541535 0.37064278 0.26804763
0.10328067 0.5396417 0.35227028
0.1882979 0.57852757 0.33787945
0.11613297 0.57775635 0.31815678
0.20156477 0.612134 0.39052296
0.16717327 0.5881903 0.30182856
0.250646 0.6328136 0.33892217
0.16570623 0.5511919 0.58133554
0.14787608 0.57872164 0.5321697
0.064384684 0.5327058 0.30577973
0.120929465 0.60255873 0.3151656
0.054644033 0.6065514 0.31349325
0.06257135 0.26100075 0.524168
0.05089302 0.43495476 0.13199699
0.04920664 0.4123296 0.16782129
0.061352257 0.38998204 0.18747865
0.040749855 0.4480182 0.15697142
0.034767 0.41766953 0.16794045
-0.08614291 0.38830107 0.55678415
-0.010719303 0.4186045 0.60910773
0.0011438988 0.4126454 0.60306555
-0.02177636 0.399965 0.5703776
-0.036169466 0.42735404 0.5186059
0.08394815 0.4344269 0.5606325
0.08047666 0.56956106 0.25287595
0.09260306 0.629448 0.29755667
0.06445257 0.44090462 0.35118282
0.086890265 0.47453636 0.34217247
0.1263124 0.7549369 0.32525647
0.0864313 0.5266996 0.3141295
0.076954186 0.55934244 0.30828887
0.66216326 0.2894927 0.5121668
0.42299658 0.19996144 0.5258845
0.45969802 0.19966437 0.5324772
0.04823091 0.066091195 0.5648905
0.845095 0.37420738 0.53635865
0.8051078 0.3782171 0.5103986
