0.12917906 0.526199 0.42337653
0.11141107 0.4002745 0.45386007
0.21741371 0.5108382 0.49452475
0.11963132 0.5194545 0.44358304
0.11883847 0.49725968 0.43584388
-0.022003934 0.48405787 0.22354457
0.035651546 0.2259391 0.2854834
0.087569505 0.24223071 0.28945854
0.0548414 0.5928082 0.3374513
0.26716834 0.22054291 0.31713316
0.07912842 0.579632 0.5298499
0.21707898 0.51792175 0.5411786
0.0725861 0.38684618 0.43338493
0.501016 0.29468977 0.835123
0.78810346 0.3751269 0.62061685
0.47404113 0.27518308 0.7687028
0.7791902 0.34517112 0.7065955
0.10530854 0.37379986 0.63495535
0.23488721 0.6150621 0.2986612
0.19366387 0.518392 0.31572485
0.17061484 0.6594688 0.29319528
0.37029317 0.3068171 0.4292913
0.66178274 0.33784387 0.32893798
0.12784192 0.3796314 0.55387056
0.05443339 0.35393178 0.51983106
0.21224934 0.48950833 0.4284295
0.18109147 0.5122165 0.43858173
0.19417018 0.4761546 0.5718035
0.20462634 0.5822954 0.5528605
0.15627792 0.6658364 0.5085503
0.13929273 0.6495852 0.5055665
0.8525263 0.83848065 0.37226224
0.4515129 0.75748247 0.33989555
0.60134256 0.7197381 0.335285
0.5966263 0.6744266 0.28700194
0.8411639 0.8454879 0.31936276
0.7281692 0.76943403 0.266582
0.06919646 0.85477334 0.21449324
0.06888065 0.8118722 0.19570401
0.1646662 0.70368683 0.2367461
0.12595068 0.80109024 0.16746652
0.16369721 0.7896046 0.17536886
0.6820617 0.44189677 0.6934369
0.71516836 0.5163495 0.7455804
0.88597274 0.53284645 0.7162314
0.7468704 0.5569876 0.72013444
0.755533 0.57632536 0.66027254
0.82245505 0.6954002 0.73899657
0.38399383 0.2099725 0.4767156
0.34137455 0.2374784 0.5817508
0.079921365 0.2726335 0.31011286
0.33593068 0.36984572 0.3774841
0.3417029 0.41108263 0.44110736
0.32135755 0.36653915 0.3125744
0.33455518 0.39584062 0.2986709
0.23522773 0.53281546 0.6907533
0.29072064 0.47072038 0.5860686
0.27641127 0.41539547 0.6706619
0.6041652 0.6498086 0.6338311
0.65476835 0.6981147 0.6461192
0.74292934 0.59848183 0.49626973
0.42136493 0.53975314 0.5327943
0.16234641 0.47989246 0.4960869
0.16072385 0.43684414 0.4691076
0.32379648 0.4908109 0.32622442
0.28057182 0.48958892 0.33948258
0.3172794 0.50876707 0.3469419
0.35112676 0.6355193 0.50537866
0.24102083 0.48273566 0.49352324
0.7436179 0.25073165 0.6060441
0.5024023 0.27926704 0.5465199
0.9554583 0.38508472 0.6263153
1.0722986 0.38189864 0.5651368
0.28313303 0.27116415 0.5649443
0.7852502 0.32687816 0.72470474
1.0152152 0.4272568 0.59840137
0.11301897 0.5436161 0.28494906
0.105450675 0.7271027 0.25587615
0.103299975 0.89246446 0.18301558
0.12167035 0.5960636 0.16002917
0.14469469 0.30526203 0.25023243
0.21889982 0.4494358 0.23332036
0.53345287 0.48843384 0.5317373
0.5785121 0.52444166 0.48187134
0.6083827 0.58250654 0.5185238
0.631776 0.606752 0.5281095
0.8110323 0.590054 0.57710946
0.7737607 0.4481427 0.5457067
0.23686284 0.27517852 0.5117645
0.09631835 0.29364827 0.22863391
0.30202368 0.25481644 0.17475548
0.8400909 0.3949677 0.22805762
0.48445442 0.2662618 0.18152109
0.36215684 0.245976 0.19183165
0.29332897 0.26455656 0.19548303
0.0003386736 0.6209806 0.21346363
0.691641 0.33608204 0.05914697
-0.0038670972 0.41537952 0.1743103
0.031370614 0.29231784 0.23088744
0.1571114 0.43354365 0.6043959
0.060123235 0.69944423 0.58690983
0.24213186 0.4661145 0.64591724
0.19058298 0.39525482 0.66385376
0.17012091 0.41521063 0.6438
0.21121246 0.2906942 0.63601184
0.23507577 0.39117917 0.63084036
0.237627 0.39339736 0.55192274
0.2662897 0.36388588 0.5557991
0.7550436 0.39815158 0.6449906
0.3587136 0.5049927 0.62751
0.29297695 0.4531124 0.6161389
0.4672894 0.605223 0.5836764
0.030980073 1.0652655 0.50179505
0.5146621 0.58616155 0.74874794
0.13082677 0.90176755 0.27405867
0.1360113 0.4237904 0.73665005
0.26781407 0.36500216 0.7190499
0.24232996 0.37837452 0.75598997
0.19078143 0.34563574 0.5451622
0.46249568 0.47081056 0.5630922
0.21112514 0.3355208 0.6258141
0.081479356 0.26884237 0.5870871
0.11867761 0.30749217 0.6022261
0.9473648 0.52154905 0.63550603
0.2008976 0.33162412 0.40130422
0.28385141 0.32674524 0.26222885
0.34424764 0.4335042 0.5387195
0.29254222 0.42576072 0.50677973
0.23094448 0.34188905 0.43383273
0.019594911 0.42350134 0.80748576
-0.022697985 0.66157883 0.7675436
0.062393308 0.46831778 0.8228355
0.14331973 0.3292586 0.8025461
0.046774294 0.62706274 0.7678311
0.020806652 0.42542127 0.76671505
0.012733463 0.2718598 0.7450908
0.07246022 0.4068604 0.8166486
0.20894621 0.43675604 0.6892735
0.1772874 0.458639 0.67150635
0.14189556 0.49262518 0.35474253
0.50145566 0.42845827 0.24377808
0.16803277 0.47724703 0.40202686
0.2345016 0.48305517 0.24589685
0.7398807 0.5443751 0.22996157
0.4573671 0.45828396 0.13789123
0.15014608 0.32242483 0.3929329
0.042421725 0.34869865 0.38191006
0.22452945 0.32643571 0.36573765
0.066399634 0.46622327 0.37912706
0.029109705 0.46789366 0.38310146
0.082173556 0.4026712 0.34460294
0.089699805 0.33779255 0.3989115
0.080383584 0.42082086 0.42004582
0.19838317 0.47969064 0.35449967
0.78602684 0.45663962 0.4625257
0.1778041 0.30672824 0.49827194
0.044332035 0.2673125 0.51526153
0.044158757 0.62861234 0.4977738
0.108333334 0.8409157 0.5417234
0.059710808 1.0172763 0.46742395
0.2021817 0.2972203 0.5337583
0.32986298 0.3136988 0.48316988
0.21233526 0.51841193 0.6003447
0.19293813 0.51114666 0.6278233
0.22687498 0.6496352 0.3729578
0.17245597 0.64810294 0.30250493
0.13428158 0.47944048 0.24736497
0.07436168 0.4683422 0.1831862
0.10760238 0.42935166 0.20392793
0.05623717 0.42138225 0.23790833
0.18746129 0.23215383 0.7052958
0.22820091 0.40899116 0.3549681
0.33844718 0.61713034 0.20120311
0.19182743 0.5883356 0.21790275
0.17269553 0.56698865 0.20001608
0.16082557 0.509815 0.18024504
0.06970038 0.42416406 0.07764275
0.11396918 0.6765353 0.07926749
0.21647781 0.34226927 0.091622695
0.18863827 0.49908966 0.14746848
0.19751048 0.49863848 0.16680323
0.14994216 0.5581517 0.45943877
0.14778614 0.55442685 0.43917796
0.15808661 0.46263823 0.47498614
0.15653944 0.46639138 0.47311264
0.23156348 0.5030357 0.49296656
0.23660703 0.6315217 0.5099647
0.4166114 0.22804481 0.676164
-0.053025454 0.32491094 0.8677724
0.421545 0.18036073 0.72741526
0.19617197 0.35836968 0.29903537
0.12179256 0.27458778 0.29896343
0.11671209 0.31567997 0.26919454
0.14574611 0.48970118 0.3160545
0.17961977 0.52921087 0.32436702
0.18407643 0.638741 0.2967924
0.20784482 0.65993744 0.39358893
0.19679213 0.58840394 0.3139013
0.22361632 0.6159943 0.35316625
0.19611678 0.5529551 0.5334936
0.20226744 0.53104204 0.49553916
0.11726369 0.57105416 0.32373866
0.22322628 0.6554181 0.30645442
0.17363712 0.49350968 0.34530166
0.38852993 0.257534 0.54240394
0.031575684 0.41724864 0.14069003
0.05647891 0.44820884 0.17126179
0.02568632 0.41493937 0.18570223
0.018025529 0.5114524 0.15783869
0.04010786 0.44895908 0.17915872
0.20871052 0.30672196 0.49390906
0.124295145 0.33445063 0.5853351
0.12894794 0.3446752 0.57586294
0.1308343 0.3398674 0.5317065
0.1415263 0.38256028 0.48417404
0.15067372 0.3792619 0.54957575
0.21833065 0.48755458 0.2734747
0.11063316 0.6316711 0.26433837
0.101130866 0.510711 0.32651928
0.10307158 0.47133946 0.3012755
0.20043522 0.6826984 0.33496514
0.13514882 0.5479064 0.2996961
0.113030225 0.5768285 0.31048796
0.36839193 0.18437508 0.5377149
0.7288133 0.34563875 0.5772851
0.6046548 0.2579817 0.6583351
0.060105678 0.09030039 0.54843163
0.8231138 0.37941256 0.62525296
0.83671844 0.36515924 0.62247366
