0.08162693 0.47587293 0.446265
0.21552378 0.44231424 0.42444143
0.16776057 0.5338631 0.5101091
0.10445953 0.45930395 0.474228
0.10994669 0.45268178 0.48206416
-0.01710423 0.6251544 0.22424045
0.011795688 0.22981599 0.3184496
0.032709673 0.18071611 0.3138121
-0.010962494 0.82880855 0.26395738
0.11878129 0.3601245 0.34509358
0.015270762 0.7025722 0.5310656
0.08892417 0.52718437 0.5218362
0.032238938 0.39631099 0.48024902
0.6568714 0.37870726 0.84717035
0.9597633 0.4101257 0.6650619
0.4256509 0.28246462 0.7522506
0.7228647 0.37540162 0.7014464
0.1368146 0.46805084 0.5950259
0.260375 0.515308 0.3020834
0.17073408 0.53520155 0.31383726
0.15137285 0.69374907 0.29320723
0.6947466 0.4225298 0.40649438
0.98286873 0.4343724 0.38550904
0.07833807 0.4585646 0.5607945
0.07383785 0.41879925 0.5616269
0.20607302 0.5028888 0.46865627
0.18308261 0.50246716 0.46137255
0.16869064 0.4499052 0.552691
0.174258 0.5702621 0.5605068
0.088290244 0.89573467 0.47394988
0.11489626 0.6656717 0.4845653
0.78567713 0.84045887 0.3597698
0.38501078 0.7593695 0.3786581
0.57597977 0.7485148 0.34349456
0.525531 0.72966266 0.2879183
0.82509476 0.85346353 0.29981288
0.68701625 0.7423526 0.2661313
0.07345613 0.8600421 0.2171933
0.080920465 0.7903341 0.21730658
0.1302563 0.7297704 0.23326007
0.14036283 0.7938899 0.20519143
0.15266724 0.82342374 0.19638869
0.6681898 0.43999073 0.67585856
0.70227045 0.49725848 0.7275543
0.8534186 0.553694 0.67883
0.7135515 0.54509056 0.70683813
0.7631083 0.58393335 0.6518474
0.8065459 0.7094153 0.7346915
0.35322228 0.18575412 0.493399
0.27681974 0.24186516 0.5332862
0.050615408 0.24362764 0.2875826
0.3012833 0.33117667 0.3507834
0.28188634 0.36905524 0.4435005
0.27481893 0.34561542 0.30599618
0.32633296 0.3609242 0.32252374
0.2633852 0.56503296 0.6822017
0.40920955 0.59146893 0.60149956
0.39849696 0.55386215 0.6831035
0.686812 0.70570314 0.65371656
0.6315165 0.7209767 0.6597471
0.6280963 0.53890544 0.51810986
0.4248176 0.5617179 0.52520293
0.1703771 0.48822108 0.5193283
0.10946922 0.49241784 0.50035113
0.24695963 0.41401884 0.33742765
0.20503911 0.45073977 0.36418357
0.21721986 0.47028166 0.36759946
0.36206737 0.67515016 0.52135444
0.2629137 0.5931872 0.54514396
0.6470505 0.22113186 0.6366919
0.9127633 0.41143456 0.62305224
1.1920303 0.44952416 0.63722014
1.3191504 0.4424961 0.5914743
0.3295192 0.35801044 0.6176183
0.5843782 0.26682636 0.71727395
1.2207115 0.44376674 0.6086559
0.057687804 0.64491785 0.23478481
0.062465347 0.7753171 0.24345201
0.079696566 0.9879136 0.17234614
0.104811795 0.58544457 0.1814597
0.10556041 0.43183193 0.30139312
0.24285614 0.4857317 0.21615407
0.45294255 0.47916928 0.5368186
0.65407914 0.5677525 0.50432324
0.59416145 0.5985534 0.5249756
0.5877933 0.6176152 0.51828915
0.774473 0.56549865 0.605586
0.94636047 0.5083035 0.4952058
0.2884956 0.31856936 0.5438398
0.2113896 0.36792743 0.2297889
0.33803996 0.38295043 0.21424939
1.0750978 0.44327274 0.24741629
0.9155497 0.4573675 0.26776809
0.49473 0.4322058 0.22841173
0.5104757 0.40757987 0.25399894
-0.01082325 0.6913061 0.1942189
0.6297385 0.25593343 0.1748659
-0.013862975 0.5424019 0.1930655
0.06413099 0.3072346 0.21046615
0.14531153 0.48043504 0.60248494
0.041201077 0.61494064 0.6236545
0.26664358 0.45664328 0.6698055
0.18824008 0.3771969 0.6418061
0.2078759 0.49113065 0.645443
0.4191326 0.5238307 0.57883495
0.3942977 0.59801996 0.5987301
0.37403417 0.54230154 0.54505193
0.38132504 0.53170633 0.70016044
0.35707223 0.26775533 0.6531669
0.36797935 0.5090688 0.6649511
0.29960695 0.4746319 0.6183282
0.48337963 0.64524734 0.61912566
0.049271174 1.1626897 0.49485794
0.4928787 0.5923449 0.7628653
0.1352871 0.9270314 0.25402898
0.14179656 0.47061107 0.727422
0.3052909 0.50520563 0.6318197
0.2689286 0.5073532 0.67198694
0.2649342 0.50974214 0.55018264
0.49122328 0.5859188 0.5335893
0.088708945 0.44384632 0.5524386
0.07501309 0.38217524 0.58006585
0.13158798 0.4030683 0.5925811
0.7508144 0.50820935 0.579204
0.35259074 0.46162373 0.39899674
0.59031826 0.37346473 0.33121744
0.37718678 0.46243063 0.5535414
0.21468979 0.41586873 0.5035907
0.09717743 0.2379727 0.4610898
-0.028060324 0.5839889 0.8180309
-0.019012056 0.9366822 0.7793163
-0.017840259 0.7751905 0.787507
0.20095909 0.3971708 0.7689753
-0.004267864 0.9200523 0.7854895
0.014557146 0.665635 0.76533943
-0.018436916 0.28117466 0.8672794
-0.0059605017 0.6758877 0.8432586
0.27376598 0.51471794 0.69603217
0.19990286 0.44683254 0.68246984
0.17203237 0.5200907 0.25781053
1.3263916 0.63091326 0.29109466
0.77146614 0.6219828 0.30104074
0.37796873 0.55482566 0.2027064
1.3708247 0.64188194 0.22001413
0.20097193 0.31658414 0.1891911
0.12621589 0.32960346 0.43628696
0.11889037 0.35467297 0.42079082
0.087698914 0.3148251 0.42562407
0.110812195 0.3706314 0.4346318
0.022969373 0.41089985 0.43016228
0.018857278 0.3528796 0.401469
0.20065364 0.25669178 0.4628008
0.10866747 0.43726164 0.5026305
0.0075711384 0.5796832 0.35700196
1.5332505 0.6930388 0.4889998
0.13192692 0.34784582 0.4990491
0.005085267 0.29801226 0.52598435
0.01035472 0.70339847 0.45776716
0.062870145 0.93533885 0.47839472
0.037161432 1.1424313 0.52619034
0.08452616 0.3425572 0.5407925
0.27343744 0.32241467 0.48683116
0.10994897 0.7661071 0.592062
0.2081218 0.48879027 0.6833346
0.2386998 0.63578856 0.42676553
0.12899584 0.75698245 0.28666705
0.056349166 0.4555085 0.22908849
0.041413113 0.4930645 0.20488489
0.0109343305 0.42046693 0.23119673
-0.00092240423 0.41761404 0.2442646
0.64204144 0.37352666 0.62321067
0.05458937 0.4274891 0.43423566
0.28262243 0.6336186 0.19177186
0.17927569 0.6127949 0.19512409
0.17162666 0.5578761 0.15156876
0.09754213 0.5901387 0.1604172
0.05399836 0.40274438 0.08157319
0.059035562 0.7098489 0.07046108
0.15735698 0.4297636 0.078784324
0.15446916 0.5014454 0.12840351
0.1480926 0.5045645 0.11745259
0.051878236 0.493203 0.4543365
0.06976219 0.48950472 0.45339525
0.08796393 0.46179855 0.49236324
0.11349333 0.47536266 0.49204558
0.087947644 0.48821488 0.45629236
0.13860318 0.5732182 0.49456784
0.38838226 0.21078224 0.6937171
-0.036791787 0.2968716 0.8526288
0.39530754 0.1848663 0.68136424
0.22532406 0.3751169 0.3327193
0.16674349 0.31813458 0.30141976
0.22787684 0.3515019 0.28290933
0.14747073 0.5522789 0.36298236
0.19199494 0.5567663 0.35977843
0.16341624 0.588061 0.31117648
0.24426624 0.6253973 0.40930623
0.13713607 0.65075934 0.30519092
0.2034916 0.6323961 0.3256048
0.20779279 0.5493628 0.564883
0.16175567 0.57211185 0.5383463
0.06978578 0.5583882 0.33449048
0.12678611 0.70274496 0.30260047
0.06449445 0.524582 0.33514762
0.2916821 0.34416738 0.5705878
-0.003061749 0.4845014 0.13304691
0.03567662 0.44965392 0.1455254
0.03411693 0.3888187 0.1669989
0.044717424 0.4179016 0.1484262
0.04095272 0.44931698 0.16127598
0.031444527 0.4156001 0.54422146
0.12436709 0.44170254 0.57239336
0.07634117 0.41831526 0.5690206
0.08163468 0.4463313 0.5541768
0.06689359 0.427278 0.53019524
0.15389237 0.4683028 0.5592644
0.09822572 0.4910265 0.28001392
0.08836697 0.5573558 0.31095672
0.04259737 0.45960912 0.30110508
0.062047213 0.42674562 0.32567877
0.15379894 0.65909374 0.3643811
0.11112055 0.53141594 0.30596486
0.09432175 0.5777184 0.31796727
0.37075898 0.2019287 0.54845834
0.59314007 0.26256037 0.601301
0.62525254 0.26771164 0.67643297
0.60528916 0.26469353 0.56485826
0.6430153 0.3414262 0.58443683
0.49650156 0.24954113 0.55419993
