0.09646742 0.50245357 0.41413242
0.08558569 0.40202686 0.44568545
0.19169527 0.5362326 0.49607104
0.07995205 0.5293889 0.458283
0.09078663 0.5319896 0.45648307
0.070677474 -0.0062868074 0.54843557
0.21710113 0.063461475 0.44202882
0.24315083 0.10740001 0.67302036
-0.012165487 -0.047822893 0.57690734
-0.058870666 -0.036233038 0.56769395
6.4350665e-05 0.63586044 0.2603854
2.4881214e-05 0.3370973 0.34201413
0.06848271 0.31654233 0.2914248
0.007452812 0.8239909 0.23333703
-0.008141823 0.31987852 0.29998407
0.028775252 0.58173513 0.5299594
0.18079244 0.51476115 0.5123841
0.0796116 0.39046788 0.4268381
0.21503606 0.152125 0.46869117
0.9911409 0.42519224 0.541641
0.06226206 0.011241294 0.48695344
0.16290483 0.0283438 0.5313158
0.04238284 0.060442388 0.60115683
0.5896002 0.24977922 0.52628386
0.51980394 0.30948472 0.5707101
0.9816694 0.40169084 0.5281849
0.6858461 0.37530565 0.80536354
0.8320375 0.37845105 0.56566954
0.42618492 0.2598175 0.7313019
0.80048287 0.4114238 0.688487
0.27640784 0.3791626 0.5690068
0.23385885 0.5172725 0.27578312
0.20967281 0.52071035 0.31190526
0.17480668 0.6702893 0.30705708
0.044097517 0.3625043 0.34967172
0.1801018 0.30635977 0.32445383
0.0018280521 0.5903717 0.52508646
0.15335648 0.36374342 0.5273726
0.17326644 0.5066485 0.45079237
0.1681079 0.5059558 0.4421867
0.20423862 0.43363494 0.55473423
0.19684643 0.5428498 0.5457828
0.08614998 0.8416601 0.5061105
0.08336663 0.6917009 0.48605126
0.82807225 0.8407833 0.36442852
0.40818796 0.7507112 0.37449914
0.56176454 0.73994064 0.30695158
0.5493475 0.68215585 0.27196586
0.80908614 0.8448435 0.30798808
0.7472105 0.7770913 0.25713342
0.048951305 0.050939076 0.4619853
0.33871362 0.17660187 0.5024231
0.14232765 0.087802686 0.54922235
0.06955704 0.0026944056 0.5486969
0.47890553 0.18637887 0.530821
0.1504046 0.11719647 0.54054964
0.043792885 0.0552871 0.488043
0.07422796 0.8453734 0.21850376
0.071876265 0.7660781 0.20617287
0.14922023 0.7390986 0.22946407
0.1658583 0.73409635 0.17269075
0.13243723 0.8827596 0.1539079
0.73329884 0.49304825 0.66257024
0.75173247 0.5490018 0.7116135
0.89423597 0.56798315 0.6308706
0.7608695 0.5812508 0.69616807
0.7835477 0.5850029 0.65012777
0.840029 0.7328555 0.7362432
0.3707482 0.19826522 0.4628455
0.38717028 0.257443 0.6074361
0.06530228 0.30287048 0.28460777
0.377332 0.36439434 0.34250593
0.34629127 0.40149114 0.42090952
0.28928912 0.3330596 0.28325298
0.34613094 0.37860185 0.28188658
0.22512957 0.5407255 0.706596
0.4135273 0.5834739 0.52895564
0.4079912 0.48533028 0.5991252
0.59812653 0.6571672 0.62106097
0.5936281 0.66915774 0.6316414
0.4175659 0.4439039 0.57028264
0.44920155 0.55618846 0.54221916
0.16777268 0.49191546 0.49275744
0.1451715 0.45161605 0.48971033
0.2710093 0.4642066 0.27391058
0.21745941 0.49048793 0.35116565
0.25926998 0.5166634 0.330449
0.20927858 0.6026099 0.28311977
0.57846963 0.73956895 0.22853462
0.850103 0.8419485 0.21079916
1.0154761 0.9221871 0.17491534
0.4015635 0.6532173 0.5559617
0.3197282 0.5227041 0.5616798
0.28977016 0.08475184 0.5090207
0.25068897 0.09716119 0.5604252
0.31808668 0.07856814 0.4100179
0.13931248 0.062231377 0.5393011
0.3488827 0.14452867 0.8224729
0.024173439 0.024276778 0.6206869
1.0453204 0.43201843 0.6441227
0.5882938 0.21650477 0.37759513
0.38945127 0.19325118 0.57930917
0.57943594 0.33359003 0.63575655
0.9978924 0.41517806 0.5916347
0.99815834 0.39588153 0.5929416
0.43479934 0.3374407 0.5325529
0.6770018 0.28718847 0.7811367
0.87468076 0.39144406 0.5374876
0.09238639 0.5734575 0.26805645
0.099073276 0.6826573 0.274417
0.106746815 0.9479419 0.19823122
0.13007121 0.546005 0.21910866
0.6172506 0.43748865 0.3624199
0.18303251 0.45812476 0.20193364
0.4763481 0.5000343 0.5889397
0.59978646 0.54402184 0.5234532
0.6495929 0.60161424 0.508437
0.62087584 0.6044369 0.5236556
0.7026396 0.5685031 0.5600148
0.94319534 0.55536366 0.592642
0.21860972 0.28024876 0.53695023
0.5800348 0.2020872 0.5140018
0.035584822 -0.016012087 0.4612295
0.7397469 0.2735055 0.41470152
0.44216844 0.18319434 0.48198396
0.84889376 0.32412815 0.46314913
0.46787134 0.15303564 0.48406178
0.2289834 0.13005993 0.4823771
0.9531262 0.3778981 0.44065326
1.0130992 0.4268274 0.5002125
0.0023914203 0.32032818 0.22751822
0.08072253 0.35004377 0.22282375
0.5683597 0.39531183 0.18551426
0.14060095 0.34127498 0.22533785
0.15004888 0.37471196 0.19342616
0.08596394 0.31790632 0.2203099
0.0011010692 0.5190501 0.21070254
0.588093 0.21555893 -0.085626766
-0.0016519502 0.3576028 0.19078164
0.09755917 0.35050184 0.23053183
0.36330488 0.21398565 0.38870585
0.044809073 0.2893834 0.59748864
-0.008989282 0.21556939 0.63441354
0.056553878 0.26051998 0.5896122
0.07859097 0.0068250224 0.46507
-0.083035015 -0.06244129 0.20943335
-0.34320414 -0.20462906 0.34401768
-0.07301941 -0.063455164 0.37645257
-0.05112715 -0.09149718 0.6389485
0.16737792 0.06961887 0.40103716
0.07961385 -0.011861861 0.37470055
0.15922362 0.046004515 0.50608855
-0.17042506 -0.098868996 0.46947992
-0.1852147 -0.13892195 0.67243266
0.10082363 0.49518153 0.610304
0.024408117 0.6307392 0.5849059
0.3111807 0.44301695 0.66222817
0.09839934 0.3638968 0.5860556
0.10748958 0.50057745 0.6257294
0.19137082 0.45289984 0.60661954
0.23401785 0.495189 0.5490324
0.2388545 0.47030616 0.54423296
0.24542728 0.39593858 0.66613096
1.132839 0.55101013 0.6760447
0.68501794 0.5142833 0.6536191
0.3385307 0.48215213 0.6027362
0.52742404 0.593433 0.5635918
0.048340317 1.0743406 0.5096362
0.56098896 0.5445214 0.71376306
0.09641072 0.94196093 0.3566419
0.15114073 0.400266 0.73610723
0.067684606 0.40870968 0.5897412
0.05447921 0.4436218 0.65926445
0.13320187 0.40655488 0.5171483
0.78372383 0.6211826 0.45680636
0.03051918 0.40975595 0.49767143
0.028481614 0.29043585 0.6011413
0.0723747 0.35658213 0.61350465
1.0642596 0.5673211 0.565331
0.19972137 0.45675835 0.2729603
0.47525913 0.33329582 0.41033483
0.38728172 0.45093971 0.5717532
0.28035462 0.39687064 0.509653
0.14229873 0.2919093 0.43398166
0.94515747 0.37708893 0.5101439
1.0434321 0.41769227 0.4539581
1.0076966 0.3818432 0.41733837
0.9202682 0.3531594 0.49947453
0.96346414 0.38205108 0.5119032
0.9692008 0.37449235 0.45603013
0.98230094 0.39658144 0.5143669
0.8282523 0.279234 0.5172784
1.213612 0.4909112 0.4745816
0.0061477423 0.5567291 0.8270642
0.012512561 0.8159286 0.75083375
0.040694624 0.6497246 0.77188873
0.08828783 0.38395655 0.77558863
0.03359738 0.65928066 0.7793599
-0.0070080236 0.5077497 0.743929
-0.020896874 0.27977765 0.856762
0.04222987 0.42995575 0.86657363
0.9982706 0.4017328 0.68373543
0.24833545 0.14205524 0.5493283
0.5156325 0.23850664 0.4903021
0.798477 0.3045063 0.5554453
0.8606199 0.332017 0.5895525
0.77720517 0.30803365 0.5165151
0.21099761 0.43089417 0.7125775
0.1775442 0.42763862 0.7079519
0.3310685 0.49243698 0.27064294
0.2532154 0.29337108 0.2820142
0.41483024 0.38702136 0.36627752
0.35200325 0.57580626 0.1628522
0.51941013 0.40693837 0.32690638
-0.3911641 0.3040619 0.092485115
0.15128577 0.35343865 0.41828877
0.08340897 0.33522844 0.43936062
0.07544042 0.35277992 0.35209346
0.21311706 0.3258819 0.42313617
0.010945678 0.469586 0.40913415
0.015256159 0.38546568 0.39861387
0.101924025 0.3488543 0.40486413
0.09266483 0.45328838 0.446517
0.09109893 0.4988706 0.36619318
1.3757838 0.62361556 0.5122778
0.05025538 0.29170167 0.42905235
-0.0014915988 0.29491457 0.5481753
0.015039384 0.6334396 0.47376573
0.12706861 0.7225801 0.54256535
0.061218563 1.0363066 0.54539555
0.019819412 0.28254676 0.47765636
0.054569922 0.2826186 0.38913482
0.14073656 0.8343526 0.5367175
0.17387916 0.48485017 0.6934208
0.2000789 0.602093 0.41136885
0.14768404 0.62383544 0.30199495
0.093511954 0.5292395 0.21989714
0.090628564 0.5084221 0.21540049
0.051803928 0.5304019 0.2027612
0.06320226 0.4955973 0.24134223
1.9670886 0.92470455 1.3895687
0.059534304 0.38464653 0.33134317
0.33344927 0.652234 0.19432884
0.17841852 0.6302454 0.20755902
0.14093907 0.56346655 0.17455322
0.12109386 0.4642262 0.17653537
0.088681296 0.5007223 0.095351964
0.10420549 0.75666606 0.054806586
0.20465243 0.39080366 0.103835404
0.15155599 0.47274226 0.14587244
0.1179848 0.4771312 0.12038621
0.8144133 0.2883108 0.5248814
0.92266744 0.307159 0.39348495
0.7087399 0.189027 0.43981183
0.07300684 0.49594402 0.44592673
0.07605982 0.4627736 0.42148656
0.09092563 0.44947493 0.4610988
0.10498004 0.46031004 0.48200405
0.07045296 0.46217203 0.43013972
0.11690052 0.55703354 0.49623233
0.48106575 0.23368615 0.7222302
-0.02943854 0.3324088 0.9546343
0.5135526 0.26638812 0.6424256
0.23393169 0.333181 0.21739385
0.43664068 0.29427245 0.23280776
0.6522302 0.42794582 0.26138556
0.21528351 0.35928765 0.30979782
0.1445351 0.28538686 0.28526878
0.17942375 0.38966024 0.27548683
0.13983336 0.51052254 0.39500362
0.20659661 0.5442745 0.36760217
0.16044013 0.61738884 0.31039095
0.2112751 0.6138532 0.3990698
0.1617166 0.62882197 0.32431906
0.24547833 0.6380193 0.32789105
0.16449043 0.5432467 0.5442722
0.13760914 0.6239851 0.480101
0.10535319 0.5532936 0.3076191
0.14384829 0.65331125 0.26054955
0.0874924 0.5180573 0.31338918
0.057511725 0.2078014 0.51977795
0.022545137 -0.0049990416 0.523106
0.35483256 0.09516229 0.5069916
0.15094358 0.018205736 0.46521866
0.1047189 -0.0035029799 0.55984604
0.06960183 0.013628308 0.58530754
0.26931226 0.16521414 0.6941791
0.24326634 0.06547937 0.4163319
0.056750603 0.4376366 0.1548582
0.042957507 0.4418753 0.14689076
0.078062534 0.43902528 0.16641608
0.058559366 0.47025254 0.14473109
0.042038254 0.47473475 0.17000926
0.010118015 0.32408273 0.47333163
0.08782346 0.4088872 0.5536212
0.054577142 0.4324773 0.5332687
0.06365301 0.3793398 0.51552063
0.058982976 0.40815082 0.4678411
0.18997186 0.3747192 0.50854945
0.09998674 0.5072877 0.2638352
0.08715856 0.5849476 0.30034402
0.11487364 0.49923992 0.3437301
0.104816794 0.46578377 0.36216682
0.13905326 0.6942363 0.32198584
0.115091145 0.564255 0.290276
0.10670459 0.5776258 0.29313278
0.08366465 0.050304092 0.58148956
0.49102226 0.27250448 0.6072026
0.6684382 0.32514882 0.6144151
0.07407186 0.11136834 0.57545704
0.95104873 0.4479132 0.62554365
1.0020489 0.4038563 0.61870795
0.2909435 0.0146595165 0.2537849
0.24873456 -0.015068606 0.35085624
0.3604816 0.056813713 0.41147232
