0.07664941 0.54486644 0.44128072
0.12177687 0.52968657 0.49387744
0.15056223 0.557483 0.5032629
0.0957781 0.4726711 0.4789209
0.085585 0.4797189 0.4858251
0.089524694 0.018509816 0.6286822
0.16235441 0.047232244 0.48150593
-0.06970306 -0.045747675 0.7017215
0.054981925 -0.0063092187 0.6504546
-0.099619284 -0.07116481 0.66042346
0.0046047308 0.5904623 0.20711926
0.026805833 0.31045893 0.2736067
0.07337067 0.22125584 0.29095408
0.042718634 0.78169936 0.2864349
0.046185695 0.41189334 0.27328047
0.08901097 0.47309494 0.5480837
0.092093796 0.6098365 0.5247957
0.3199805 0.4791696 0.5244911
0.03969522 0.041553475 0.56632227
0.93233067 0.35534585 0.5945196
0.07843482 0.065736 0.5027796
0.029042877 -0.004458137 0.6019436
0.017150968 0.083150595 0.66215444
0.7889032 0.2730852 0.5138391
0.63347274 0.41154867 0.5700063
0.972194 0.35512853 0.5749798
0.8059071 0.5091929 0.9295852
0.7829158 0.3761744 0.65809613
0.62122554 0.36732745 0.8123613
0.9045343 0.41754055 0.7163503
0.4845425 0.50468075 0.63960737
0.28259215 0.5528906 0.27972004
0.20788883 0.5444051 0.30378374
0.1662898 0.640845 0.288648
0.6739167 0.5405156 0.50230676
0.8242311 0.5519419 0.44618413
0.15049884 0.5444413 0.58224773
0.009214338 0.43795463 0.58911914
0.19701618 0.5076675 0.46230057
0.19370432 0.52529716 0.4669932
0.21431302 0.45857936 0.5895992
0.21304448 0.5234938 0.6165685
0.09031702 0.7839573 0.49780405
0.09910473 0.66877866 0.498491
0.77482533 0.8058906 0.3533246
0.3778109 0.7450945 0.34674078
0.5888211 0.73831826 0.31378838
0.54607475 0.68511325 0.24496955
0.8748603 0.85770816 0.29718325
0.8004399 0.79659146 0.26935387
0.069875285 0.03115768 0.51444936
0.17471209 0.11257036 0.55129254
0.06567714 0.077549614 0.47258943
0.030990183 0.014412884 0.5448158
0.5651397 0.18408576 0.52243656
0.41893095 0.18508276 0.4962601
-0.014248297 0.05581066 0.53200626
0.083216555 0.783741 0.23748663
0.049230732 0.76346654 0.20589897
0.10167747 0.7737879 0.21532291
0.1491723 0.7477536 0.18914878
0.11987325 0.87197405 0.16922718
0.6748018 0.45429862 0.6741819
0.7150126 0.5204697 0.73441297
0.9459063 0.59704113 0.65906745
0.7209844 0.5417598 0.69769585
0.7692099 0.5817794 0.65684384
0.828783 0.7013364 0.7835138
0.3528667 0.20041323 0.43841916
0.286256 0.23311555 0.52794737
0.06366436 0.29488406 0.27666673
0.4330274 0.40294683 0.40869325
0.34320104 0.40153947 0.43613493
0.2552806 0.3307798 0.2861044
0.32055557 0.37645233 0.28378752
0.22264053 0.60252315 0.69041646
0.4405527 0.66725886 0.6113433
0.33762252 0.48777807 0.68338364
0.7066248 0.6787135 0.60040236
0.6897087 0.7207374 0.63472205
0.7348904 0.7088149 0.48169953
0.45794177 0.56853795 0.5178823
0.15715027 0.5244637 0.50945485
0.12190586 0.5478134 0.48159224
0.19355385 0.46548223 0.31971118
0.19636214 0.5098455 0.3572365
0.21685566 0.51786536 0.37729073
0.9415665 0.7978129 0.28112674
0.6127155 0.79505384 0.24999958
0.87757814 0.8881374 0.2090905
0.8350591 0.91409343 0.12939978
0.38623512 0.6858236 0.49598274
0.31170303 0.62094384 0.5486701
0.17746712 0.091622494 0.54939216
0.21189179 0.11271249 0.49138618
0.21647914 0.107586965 0.60485387
0.067608245 0.062130857 0.5637375
0.07376358 0.09995644 0.8199024
0.050012823 0.0562096 0.70864934
1.0028156 0.43840164 0.63232344
0.06966735 -0.033180363 0.5752714
0.9058974 0.31195012 0.6518866
0.4428739 0.2889671 0.5838292
1.0413094 0.3724352 0.63316303
0.95436233 0.35149136 0.6053062
0.3493811 0.39654872 0.61267424
0.77981544 0.33081293 0.6899389
0.776409 0.42420083 0.5426723
0.07082058 0.5902335 0.26203072
0.05683028 0.79494095 0.25341603
0.073812194 0.9456354 0.17487466
0.0911767 0.5392476 0.19311526
0.06628811 0.48314124 0.2735424
0.13011691 0.42175055 0.26069593
0.5896313 0.54069096 0.51247674
0.7064859 0.5937392 0.48903784
0.63670963 0.6077745 0.50916624
0.63135034 0.6138014 0.5193053
0.727372 0.5319482 0.56126183
0.65921885 0.37369958 0.5877172
0.17591622 0.2891182 0.55561304
0.51072294 0.15635863 0.5230929
0.20772521 0.04529558 0.49741918
0.81905824 0.23535627 0.54035604
0.6437029 0.26634055 0.43669146
0.7847584 0.27144754 0.51261884
0.44801658 0.16679248 0.51251113
0.20958729 0.07929495 0.5345036
0.7750138 0.29704112 0.45229897
0.88505715 0.3353064 0.5633184
0.22402276 0.37329602 0.23180598
0.48915887 0.40317515 0.22576961
0.94693565 0.49383897 0.22876003
0.71771616 0.4298713 0.26958388
0.60290664 0.4343828 0.19302526
0.44966078 0.38504294 0.18735114
0.008502416 0.6182551 0.21680537
0.28529972 0.22028002 0.21140702
-0.030599676 0.49005705 0.19496664
0.49013048 0.4681298 0.20261532
0.26478451 0.21239835 0.35817835
0.0345176 0.30474457 0.6206756
0.038422607 0.28112587 0.56231713
0.047080047 0.28817293 0.5620328
0.08961309 0.010303639 0.50398105
-0.44801563 -0.23103702 0.34017295
-0.16914944 -0.10431298 0.44945943
-0.12023561 -0.09008329 0.47649047
-0.035699114 -0.03455837 0.6691521
0.022369515 -0.00359305 0.5015536
-0.0100509375 -0.0133848265 0.6521111
0.10873233 0.04696294 0.48970675
0.28472492 0.13316816 0.4657766
-0.15178691 -0.08384631 0.5091254
0.10950918 0.4865703 0.6199755
0.06294204 0.6881726 0.5991281
0.28844845 0.43484464 0.6698049
0.19017668 0.43515033 0.60902613
0.13508537 0.5473948 0.62580055
0.67143196 0.6639804 0.59257936
0.52055705 0.65916294 0.60673314
0.6058268 0.6865242 0.53770745
0.3308766 0.49691153 0.6831476
0.96120197 0.4846686 0.6701109
0.4638235 0.5247579 0.6847419
0.34839827 0.4661032 0.6690026
0.47887957 0.62912744 0.6080819
0.03501182 1.1547408 0.5104172
0.6134893 0.60592884 0.73256826
0.1229773 0.8894103 0.32416558
0.15680844 0.4676783 0.7501896
0.2760476 0.6972768 0.61694473
0.14396322 0.6271977 0.66301477
0.47939253 0.6449046 0.6047346
0.79556495 0.7032727 0.5260923
0.11283359 0.75941867 0.52222407
-0.009528607 0.3670865 0.6157466
0.10491276 0.40978983 0.65234053
1.1131049 0.5800788 0.6086713
0.61019385 0.71198964 0.27869418
0.72795326 0.49841523 0.36095744
0.3587752 0.43842724 0.58361876
0.24839525 0.39191943 0.5648745
0.12939486 0.3655465 0.4263983
0.93332213 0.42439425 0.47605085
1.0081081 0.3935154 0.4595313
1.0138187 0.38426942 0.4616124
0.9113443 0.372789 0.48820755
0.8995896 0.42775315 0.4890475
0.9475134 0.39825654 0.4391952
0.917635 0.43006432 0.48849863
0.7446186 0.184032 0.5719223
0.98723614 0.42275125 0.5118118
-0.023025751 0.53220916 0.7836781
-0.005427625 0.8493114 0.78672856
0.019813672 0.6770858 0.79001087
0.14885718 0.40959615 0.73923975
0.007072512 0.85339576 0.8058594
0.031559765 0.5160808 0.7352925
-0.03466349 0.28871083 0.73233753
0.020361256 0.5437308 0.80976933
0.97171926 0.42245317 0.7118081
0.2309009 0.12599173 0.52750504
0.7756383 0.31410384 0.52370584
0.87049097 0.30610216 0.701195
0.95175606 0.37112567 0.62800753
0.9251613 0.3695955 0.6193795
0.21912135 0.514806 0.70335966
0.18803044 0.45618123 0.7026198
0.41994464 0.57920355 0.33372614
0.42849743 0.6437457 0.23368317
0.689132 0.706255 0.35261685
0.4900596 0.56229633 0.30050555
0.71591526 0.74159217 0.2812443
-0.32232004 0.53368264 0.23383808
0.1642173 0.29957184 0.40250522
0.074665286 0.37461805 0.40851772
0.35515082 0.5864872 0.40248695
0.092837505 0.44167155 0.38818502
-0.000858441 0.5257239 0.3802508
0.025023345 0.5533873 0.36515427
0.072343856 0.41834742 0.4596626
0.07338654 0.46434194 0.5435081
0.25379255 0.51261526 0.43498114
1.0826225 0.70154047 0.44154614
0.09396747 0.487935 0.490376
-0.017237477 0.27843738 0.5054429
-0.0049957037 0.82116383 0.43803883
0.09915551 0.7334159 0.6300742
0.048440948 1.0543287 0.5208652
0.16627511 0.42876714 0.52541125
0.29690582 0.56040895 0.5029361
0.14483665 0.51922935 0.66389984
0.19659932 0.49038953 0.7166591
0.21492422 0.6035176 0.4185441
0.135229 0.65133923 0.29808643
0.19322802 0.50700545 0.19870847
0.070414275 0.4614457 0.21341291
0.07925771 0.47530577 0.1861977
0.09650577 0.45002198 0.20960069
0.41466165 0.4985115 0.61029506
0.35835916 0.5704844 0.47533104
0.28563046 0.62837815 0.2060582
0.1620192 0.59521693 0.18804929
0.16583201 0.5515342 0.16500196
0.15803516 0.52941096 0.20690587
-0.02082862 0.4404961 0.09340144
0.052339666 0.7655196 0.1062508
0.35838318 0.43809074 0.10540577
0.16178113 0.52888733 0.13245352
0.11828014 0.51445824 0.12360299
0.6469762 0.21464497 0.5658321
0.76577175 0.1901902 0.56723356
0.63296294 0.11127534 0.6273268
0.054704003 0.6125365 0.45806503
0.038866676 0.59157664 0.4461487
0.052575864 0.5325585 0.50514585
0.0643136 0.512121 0.5166302
0.08667015 0.5814199 0.47010094
0.09766083 0.70183676 0.5119743
0.43624246 0.20911735 0.7007634
-0.026564702 0.35837942 0.80546665
0.3711744 0.17001528 0.6368921
0.8924296 0.45517823 0.22440282
0.82585484 0.42887795 0.24971706
0.8577555 0.41517258 0.31545076
0.19539985 0.31738183 0.31254205
0.09934272 0.28428012 0.29682067
0.1506123 0.33335268 0.28418854
0.068283856 0.51826704 0.36172628
0.1195001 0.5568373 0.35241538
0.18978246 0.6232069 0.32954165
0.21209648 0.6215057 0.3898909
0.10611163 0.5938328 0.31582254
0.21291056 0.6158143 0.32352918
0.17745155 0.55898136 0.5781686
0.15876709 0.5426344 0.54452926
0.03483992 0.51545143 0.3104295
0.09845626 0.58763295 0.31149292
0.061128076 0.5439511 0.34407276
0.4161474 0.33049268 0.573204
0.0050910413 -0.0055010393 0.57609844
0.0792516 0.007959709 0.58219343
0.04854413 0.0016491786 0.5941979
0.07034299 0.030962013 0.56109506
0.0325754 0.009101529 0.67512774
0.06450264 0.08577656 0.7556427
0.042887725 -0.00804241 0.36766714
0.17463292 0.4623392 0.10649523
0.012051497 0.4471201 0.1509583
0.058376238 0.38475725 0.15827258
0.033651084 0.4245385 0.14250436
0.043639913 0.4235397 0.15347669
0.07362 0.5138091 0.58576304
0.06778295 0.45732492 0.61286455
0.04789131 0.4553094 0.56685024
0.079949915 0.47939306 0.6014295
0.047353253 0.4759722 0.5515066
0.122075 0.4869316 0.5912565
0.2657803 0.5876796 0.28794312
0.053860508 0.6117522 0.2876828
0.03899508 0.47736248 0.364586
0.09786503 0.50356954 0.3302374
0.14007871 0.61829615 0.3498603
0.12808171 0.5258751 0.3262102
0.062877394 0.5383477 0.32611036
0.23197447 0.158061 0.5341752
0.08525813 0.11295271 0.60040516
0.5297267 0.24512425 0.605076
0.003920108 0.06446003 0.5569908
0.93572897 0.4033256 0.5979864
0.7920619 0.33696407 0.63596565
-0.37672263 -0.25739032 0.32505646
-0.45595193 -0.3222291 0.39209157
-0.19566368 -0.15772939 0.39811265
