0.09412105 0.51709116 0.43611103
0.09891283 0.44232953 0.46811557
0.22647575 0.504464 0.4960903
0.110869355 0.4901415 0.48480904
0.1137646 0.46831578 0.4790447
0.07668878 0.009933718 0.52766323
0.20836204 0.04765761 0.4551605
0.39142 0.15625663 0.73066664
0.10354993 0.038061034 0.5957834
-0.0349878 -0.034787588 0.58349925
-0.042124502 0.5993771 0.22177431
0.0033960082 0.20081404 0.28336284
0.08200287 0.20304114 0.28400785
-0.027499504 0.68746954 0.28000638
-0.024222232 0.251398 0.33054185
0.06602941 0.49754202 0.55179375
0.12957737 0.56877464 0.5644609
0.093880296 0.37872255 0.49093205
0.09665159 0.048902825 0.59338415
0.49751672 0.21235946 0.59248674
0.21909568 0.08617776 0.4802422
0.07466769 -0.012446366 0.5967952
0.08789959 0.06437547 0.6017119
0.29300234 0.106471926 0.46123344
0.8640816 0.3679769 0.5613488
0.93852735 0.41851294 0.5171424
0.59528166 0.38678733 0.7521732
0.7706597 0.36674199 0.5527214
0.42717728 0.2904213 0.738676
0.82334864 0.40858603 0.7292386
0.12610614 0.35131735 0.6173748
0.20133868 0.5086987 0.2880363
0.22779438 0.53951925 0.31561485
0.17801446 0.60775816 0.29673642
0.32917383 0.3524269 0.43781227
0.43333334 0.3343718 0.4437433
0.13959154 0.47203773 0.56081975
0.08326211 0.39820418 0.55937743
0.20357713 0.51380676 0.41144735
0.17562366 0.5194116 0.4395852
0.18325253 0.44491342 0.5560023
0.16209593 0.5576798 0.53424907
0.094576284 0.8554946 0.48927894
0.097349755 0.6874929 0.49460727
0.7762723 0.8007893 0.37228388
0.45542592 0.7572053 0.3948801
0.5874804 0.7121055 0.31524566
0.57200134 0.68412185 0.2986982
0.7669771 0.81925035 0.30010012
0.69257104 0.72736037 0.2359772
-0.0034868643 0.023281451 0.5357921
0.023771893 0.062182266 0.5525895
0.14000815 0.08274904 0.5227
0.08779872 0.04011827 0.55379057
0.4968335 0.19893417 0.5295656
0.0043922924 0.058328398 0.53159267
0.015967816 0.040152498 0.48692906
0.06889682 0.8334694 0.22553232
0.08147407 0.73730755 0.18134853
0.13457775 0.7035548 0.22028655
0.15020964 0.69218063 0.16390121
0.16131982 0.76702034 0.16594696
0.6650493 0.43065464 0.65512097
0.7212342 0.52902544 0.70065045
0.9552944 0.56158584 0.6589068
0.765152 0.5670285 0.70875233
0.7440484 0.58227175 0.6483488
0.7954248 0.693888 0.7392372
0.33617717 0.16493724 0.46134222
0.32043758 0.22844455 0.51540357
0.071228534 0.2852263 0.29826352
0.35828364 0.34907615 0.40361452
0.3567068 0.43404528 0.47719774
0.27467033 0.34832695 0.35173938
0.3251845 0.38873908 0.33140326
0.22138336 0.5836024 0.7139628
0.63350046 0.59673727 0.60868126
0.4824057 0.52495486 0.68011135
0.62681204 0.64511967 0.6313442
0.61318904 0.7004464 0.6592645
0.49985355 0.5640498 0.51769763
0.4092179 0.54391366 0.5319136
0.16673264 0.49037164 0.50809646
0.12122634 0.48162508 0.50158
0.24519986 0.48398072 0.29888296
0.22995245 0.48307383 0.3361867
0.27410975 0.49873054 0.34131607
0.42105603 0.5111396 0.14573865
0.6301534 0.7501141 0.2376465
0.7827455 0.8095472 0.20699729
0.85441935 0.8718244 0.18724707
0.3617666 0.6714079 0.5169767
0.26217464 0.5522291 0.5483756
0.24335173 0.06785068 0.5543391
0.14914653 0.0540544 0.5916847
0.25510857 0.037493974 0.6460383
0.14183685 0.005552482 0.73059773
0.19349429 0.10556939 0.7658287
0.06706433 0.09312537 0.6908029
0.9482902 0.4380998 0.5966933
0.22585928 0.040191274 0.3377358
0.30578136 0.109605476 0.55138075
0.1919001 0.18892446 0.6026677
1.0981792 0.48039255 0.60404265
0.95034415 0.42248434 0.49897164
0.4723125 0.37192082 0.534356
0.8257592 0.35692424 0.7447327
1.1145324 0.52822113 0.48993206
0.10513598 0.5623619 0.2538172
0.11419928 0.67291296 0.26479957
0.09224377 0.9303653 0.19379282
0.11765355 0.56907487 0.17945237
0.08928864 0.43537393 0.27933747
0.16597849 0.54720235 0.2330651
0.43096554 0.4919123 0.5570824
0.6091953 0.5738008 0.51273113
0.57391894 0.578506 0.51628196
0.6305464 0.6148185 0.52177465
0.6737083 0.5060826 0.61324704
0.82469964 0.47933823 0.5555791
0.23534128 0.3152553 0.6121112
0.358831 0.12788045 0.493036
0.043907635 0.008687057 0.45506272
0.38667926 0.15798181 0.2350474
0.09224872 0.023439877 0.4268626
0.5356303 0.19668508 0.48731047
0.20048603 0.082508564 0.45748714
0.0874767 0.08737354 0.47547996
0.33180737 0.19031131 0.44698054
0.3376512 0.17674354 0.5062806
-0.009157039 0.26220486 0.2092259
0.04435727 0.25569195 0.195411
0.9739722 0.44586027 0.23308665
0.23842427 0.23686576 0.20670272
0.2380273 0.30963603 0.22402789
0.1826829 0.27757323 0.25254068
0.008896317 0.651357 0.2259669
0.617638 0.3952666 0.16761412
0.037728038 0.4390071 0.22722107
0.16512677 0.31644112 0.19982207
0.3488173 0.18406779 0.41640806
0.11333904 0.26037288 0.638667
0.08071481 0.26850492 0.61503595
0.12748137 0.30888098 0.5318341
0.010022864 -0.007858805 0.47143862
-0.12983999 -0.102281876 0.23256907
0.025311753 0.00093819946 0.23602489
0.09616611 0.030266657 0.2870107
0.012742054 0.0023167506 0.64557636
0.040332705 0.03115663 0.38369647
0.0705211 0.015429705 0.55728835
0.21211007 0.059008524 0.5339265
0.09649265 0.058084864 0.3866344
-0.2727168 -0.12032173 0.31220934
0.1410949 0.46560872 0.60867125
0.048901416 0.6080159 0.63192296
0.30457538 0.45033887 0.67719007
0.10245803 0.40027112 0.699885
0.12799701 0.5241064 0.6615301
0.3733399 0.48151812 0.68491614
0.35976422 0.5767144 0.68328655
0.39049158 0.51340365 0.6367227
0.24649802 0.42736357 0.6503201
0.855259 0.4490326 0.62238544
0.45172766 0.5212559 0.67234343
0.28575626 0.4553762 0.6544295
0.420098 0.5797066 0.62204504
0.033654585 1.0878296 0.4810512
0.38507608 0.5554387 0.76666474
0.09495379 0.94107026 0.26073012
0.15689014 0.44017136 0.7524967
0.30380696 0.4320644 0.6772895
0.20927814 0.43690038 0.7460006
0.3105993 0.45334816 0.55419827
1.0562983 0.65104294 0.59164053
0.211575 0.45603216 0.55805314
0.08063334 0.33343726 0.6199249
0.09459 0.3674248 0.61811364
0.93369085 0.5225639 0.5919818
0.35909647 0.53070533 0.37651342
0.30053967 0.38472724 0.32394955
0.3314379 0.4292009 0.5129998
0.27827182 0.43629158 0.48494595
0.17750278 0.3236349 0.4598601
0.8949778 0.38521045 0.4703887
0.8264526 0.365298 0.4831011
0.91728044 0.37423396 0.4066805
0.86375344 0.37435222 0.46598306
0.8600867 0.3776105 0.46785372
0.9278209 0.3774388 0.44785163
0.8860295 0.37992525 0.47423437
0.9360927 0.46948975 0.32062322
0.929402 0.41832757 0.48593578
-0.0060389712 0.55126214 0.80441546
-0.0022675171 0.84598017 0.80125177
0.047871068 0.5570212 0.83454996
0.12070226 0.3824085 0.8104693
0.057068292 0.68707275 0.8539486
0.061895244 0.45675278 0.80449575
-0.028438322 0.27916163 0.8218447
0.037902515 0.46319896 0.8506845
1.104278 0.46332693 0.69620204
0.52341634 0.29304755 0.54924726
0.06536272 0.049142774 0.5618313
0.92820954 0.4022407 0.61172414
0.93319595 0.3911711 0.6198242
0.85215133 0.38303033 0.5631758
0.17672943 0.4777028 0.7265897
0.14906545 0.4276796 0.69313353
0.28568134 0.4851182 0.30440846
0.49177155 0.4425375 0.17732242
0.22967982 0.46312916 0.38927203
0.2510324 0.5296365 0.23351182
0.748688 0.49241734 0.14436859
0.10266008 0.5022517 0.18920968
0.19717222 0.32079738 0.37526986
0.069216 0.29904288 0.45053336
0.17829247 0.40906835 0.384703
0.48655167 0.3785848 0.48340818
0.01781487 0.43788016 0.42879355
0.0334278 0.41924635 0.41102397
0.3298577 0.3630432 0.4052745
0.11681414 0.4359318 0.53151286
0.1170937 0.4318903 0.39543408
0.5825714 0.43253964 0.47995725
0.04661592 0.3757511 0.47176838
0.0064412095 0.27352372 0.53923774
-0.0045264065 0.6656705 0.47901574
0.04291017 0.8611442 0.5855576
0.015448578 1.1373101 0.5277097
0.0224295 0.3092828 0.5338972
0.13676281 0.38313735 0.44531035
0.20351306 0.5629395 0.63433886
0.20524755 0.48843044 0.6926273
0.21889707 0.63007927 0.37468436
0.17157665 0.626927 0.283154
0.09635729 0.43182966 0.2154751
0.057858676 0.45541283 0.19691515
0.049367182 0.39173728 0.19987692
0.045343645 0.38376266 0.24023975
0.9579977 0.6182314 0.6699933
0.08422954 0.45342863 0.42373353
0.2820284 0.62768245 0.2033254
0.18540938 0.6010718 0.18429488
0.15891251 0.56392026 0.16131374
0.15669733 0.6079067 0.15492845
0.022535942 0.38098416 0.056180675
0.13628092 0.7271019 0.071012974
0.25008738 0.38999802 0.10532106
0.1710749 0.51965714 0.15248226
0.17220381 0.5444425 0.13225397
0.40994146 0.12227912 0.50085783
0.9654957 0.37868503 0.25671858
0.67727804 0.34747565 0.13314416
0.09928514 0.5308063 0.46975303
0.07750129 0.5665034 0.4564386
0.1099067 0.46988118 0.49418432
0.106296964 0.46056348 0.5065872
0.13090351 0.52323705 0.50600743
0.17484507 0.61696446 0.52931464
0.41026574 0.1968086 0.6900279
-0.043209583 0.31754953 0.87806964
0.4525016 0.20265895 0.7657099
0.23026958 0.23405376 0.15573135
0.32272035 0.26175624 0.21034682
0.2033307 0.22971556 0.08714094
0.1923039 0.35771137 0.3179496
0.10955558 0.31919414 0.29271227
0.08127424 0.40158212 0.27465257
0.12168355 0.5129076 0.36837906
0.22693062 0.5583731 0.34485573
0.17610362 0.5799728 0.3309114
0.22272065 0.5954262 0.39771193
0.16574281 0.5880973 0.3172498
0.21917117 0.6054137 0.3372536
0.20731589 0.54213977 0.56344897
0.1791898 0.54568094 0.5193413
0.1434237 0.52043355 0.3671217
0.19383657 0.5776547 0.35671332
0.1321226 0.48935992 0.3552348
0.054801337 0.20889184 0.5622293
0.07629277 0.037823066 0.5086234
4.441291e-05 0.0052020103 0.53379166
0.0689868 -0.033909537 0.49640468
0.16171777 0.022523507 0.5958134
-0.009061411 -0.019670889 0.61788744
-0.03882599 0.012658216 0.6764935
-0.0017247126 -0.060872726 0.3858446
0.0026215278 0.4313046 0.13973905
0.04750144 0.4307154 0.16027233
0.0619338 0.37875932 0.18196252
0.047902115 0.44089746 0.14400895
0.045664422 0.41529557 0.17324793
0.10856144 0.4017582 0.53692865
0.08171706 0.39455608 0.5917955
0.09350501 0.39139223 0.5890755
0.079778634 0.39840624 0.57833904
0.06673756 0.4360085 0.52789104
0.11843766 0.44350436 0.5899305
0.11045452 0.5349612 0.2913248
0.10939883 0.5944877 0.29212224
0.09458818 0.45707583 0.33792916
0.106558025 0.47530198 0.34516764
0.19051632 0.6257154 0.36578783
0.124488 0.51474327 0.33322608
0.1030909 0.5289197 0.3290571
0.11209412 0.07526043 0.5414727
0.14199944 0.1551798 0.53369856
0.48323894 0.22259739 0.614265
0.10453752 0.09505441 0.54894614
0.72066987 0.32487565 0.59263164
0.7583793 0.3330413 0.5649454
0.0585159 -0.05638033 0.3537234
0.016274326 -0.07043215 0.3970202
0.11867466 -0.016257234 0.44599974
