0.041318815 0.4833388 0.4585581
0.12708616 0.40230674 0.4994069
0.22113149 0.53888214 0.49936146
0.08267024 0.47695014 0.47120544
0.1156819 0.4714132 0.48930502
0.026884075 0.5166872 0.21499231
0.04024898 0.26594996 0.27553862
0.095348984 0.19462553 0.27744117
-0.023415286 0.63630724 0.29638475
-0.04359493 0.3335305 0.3297353
0.0063661374 0.60268277 0.57229596
0.20142385 0.5158659 0.5764972
0.079451784 0.37655973 0.49546987
0.14742911 0.25398242 0.813643
0.7100178 0.34057194 0.59216636
0.5770742 0.3299662 0.8048556
0.8454816 0.4048152 0.69575727
0.18407263 0.42616385 0.6361193
0.19639778 0.51454055 0.3075993
0.20336841 0.5068058 0.30915192
0.16131891 0.65536505 0.2960842
0.4195211 0.3510611 0.42657778
0.9964665 0.47730428 0.4469426
0.063640505 0.4763124 0.58504725
0.12293124 0.37867147 0.57175916
0.19907297 0.47765768 0.4154067
0.1907622 0.48976108 0.426175
0.19578277 0.46153224 0.57009995
0.14072111 0.6236019 0.5554527
0.084097445 0.7585782 0.5437183
0.07761325 0.72783846 0.49842474
0.8378829 0.8464541 0.35125297
0.4780386 0.7572498 0.40502283
0.60637546 0.73239404 0.34392998
0.6080313 0.69815177 0.25571406
0.8876727 0.8630341 0.29630116
0.74098325 0.76242435 0.2762706
0.06674674 0.8625058 0.216582
0.066197485 0.71775997 0.19020593
0.11402018 0.74659157 0.19948731
0.14583346 0.74301684 0.16781577
0.15266603 0.7877981 0.17515251
0.6472913 0.44176593 0.6586295
0.693064 0.5018146 0.6797491
0.9529152 0.58809024 0.6772043
0.72512496 0.5470946 0.6721891
0.7747767 0.60726905 0.647422
0.8286502 0.7190294 0.74266326
0.3874547 0.21553952 0.4526907
0.34954673 0.25612333 0.5133467
0.04871066 0.24226007 0.28970763
0.45507693 0.4163565 0.42086753
0.36187753 0.4075166 0.46300367
0.34454054 0.38671595 0.27297935
0.36912808 0.42449003 0.29720592
0.27501252 0.5855035 0.6983542
0.41571105 0.58773565 0.59127337
0.44242507 0.5223733 0.66545665
0.6182363 0.6463 0.5849868
0.6080264 0.6765781 0.63415426
0.8857831 0.6801761 0.448954
0.46733996 0.5601194 0.53968024
0.17365995 0.5011991 0.50894487
0.15605612 0.49124265 0.513518
0.24506871 0.46640342 0.2671208
0.23259984 0.48546666 0.30564374
0.27527446 0.5075195 0.3127927
0.369938 0.65315443 0.51982933
0.3184852 0.5298566 0.49899647
0.85772073 0.31340644 0.62002444
0.9075432 0.3862879 0.6572092
1.0116154 0.40587658 0.639574
0.9900965 0.34791556 0.6378934
0.22711644 0.30085275 0.6247982
0.90050393 0.3289503 0.7185126
1.0334207 0.424137 0.6203266
0.0927943 0.55331707 0.27103916
0.09371671 0.6517809 0.29128385
0.09361021 0.897722 0.20498475
0.09359199 0.5455126 0.22659755
0.2533157 0.437124 0.22252715
0.18646742 0.5400409 0.21917641
0.53511494 0.50520194 0.4861823
0.7259561 0.6235299 0.4819323
0.6662251 0.6126693 0.5093928
0.6346152 0.61548674 0.51992947
0.70764685 0.5707605 0.6154072
0.8772257 0.5280425 0.5663081
0.3555444 0.36972144 0.5787046
0.13930972 0.30417293 0.23804408
0.3702644 0.32802352 0.18737006
1.1548504 0.47164792 0.21960473
1.0084504 0.4202118 0.21741495
0.32740307 0.43339646 0.1843625
0.25131053 0.31641814 0.20681477
0.0034872852 0.64125246 0.21591574
-0.051468898 -0.004551716 0.06956396
-0.016566511 0.47479796 0.20862222
0.07229251 0.41050363 0.20680198
0.121002585 0.48750317 0.6129507
0.06625472 0.67094254 0.59995717
0.28511092 0.42839453 0.6642711
0.07081658 0.45514125 0.631844
0.13986556 0.5056543 0.6303895
0.2799065 0.46368504 0.64491755
0.33950698 0.60882354 0.63337284
0.28031194 0.5700157 0.5609613
0.4042194 0.45664006 0.5925338
0.9404992 0.53458756 0.6263793
0.41697842 0.47777545 0.6250943
0.26217136 0.4401399 0.6087341
0.5073164 0.589479 0.62866116
0.047095906 1.1612068 0.47564906
0.4690934 0.5716116 0.763855
0.110432014 0.91568655 0.3310212
0.17988127 0.47621888 0.72908384
0.22342129 0.48689443 0.5770073
0.11715959 0.49547058 0.6009193
0.2707107 0.49699432 0.5600032
0.6914663 0.61336464 0.52951396
0.0952429 0.4811683 0.53117406
0.011558037 0.3172664 0.6265113
0.078591935 0.39229438 0.6191693
0.68823624 0.49231797 0.59568304
0.27471152 0.45311978 0.36928123
0.15403491 0.38736278 0.36778945
0.37431008 0.43844283 0.58231694
0.24954073 0.41914868 0.5304987
0.18792613 0.37720612 0.45515338
-0.023990396 0.63161325 0.81138307
-0.006904546 0.87493455 0.83332866
-0.0022667237 0.7916946 0.83445144
0.11726318 0.40126818 0.7573225
0.008321028 0.88183063 0.8710923
0.021445986 0.6738326 0.7835456
0.021770235 0.33818108 0.7919449
0.038282152 0.5846701 0.8645045
0.24103503 0.50693434 0.661341
0.17707427 0.47867155 0.6813158
0.2020136 0.45706952 0.34145427
0.43553385 0.41891733 0.29404002
0.4447444 0.50981295 0.3700833
0.23322506 0.527998 0.30157977
0.89767444 0.4842096 0.30676612
-0.16496836 0.24076277 0.32557836
0.10418762 0.26982877 0.38734254
0.105614096 0.30988204 0.45099083
0.0109980665 0.3392482 0.44842267
0.118835434 0.45878017 0.4408292
0.02800282 0.40951228 0.4175634
0.016178217 0.43252861 0.43286723
0.033409983 0.33084685 0.46452308
0.10126339 0.40112776 0.49434856
0.06395315 0.5176838 0.4279198
1.4935833 0.7652383 0.44741783
0.0043654665 0.3255914 0.5120134
-0.019380342 0.26325664 0.5343783
0.004093509 0.7483829 0.45011428
0.06450187 0.83092827 0.6098013
0.046265613 1.1205859 0.5043092
-0.0013863109 0.3500147 0.51275724
0.047626268 0.343887 0.49141535
0.115575075 0.63279873 0.65713197
0.20035794 0.5311793 0.69787365
0.23187552 0.59924346 0.37911692
0.12594026 0.65609795 0.29324812
-0.020577397 0.47639757 0.24743497
0.028024036 0.46950704 0.20024915
-0.0072329678 0.43904194 0.24507248
0.010174509 0.44310063 0.24625531
0.82310736 0.44197106 0.6654418
0.02181163 0.43926185 0.45305464
0.3409798 0.63384825 0.19070327
0.17346478 0.5737621 0.20045736
0.15451585 0.54871696 0.18829346
0.08511607 0.47677496 0.18013766
0.055094432 0.4234801 0.118677646
0.09576228 0.85375184 0.079717696
0.10936971 0.46150798 0.11319884
0.1624806 0.5003516 0.12631524
0.12913914 0.48647368 0.11609905
0.054759186 0.55181223 0.4783549
0.037859958 0.5558866 0.49143085
0.055952217 0.45196655 0.49738172
0.06857808 0.44825515 0.50004405
0.04184201 0.5616176 0.5110977
0.10246825 0.6083032 0.5256082
0.48634467 0.23125613 0.7215448
-0.05052382 0.3639121 0.9633748
0.35107794 0.16286978 0.69766074
0.18716441 0.3622265 0.29971313
0.13867089 0.28932256 0.26630265
0.1552141 0.34595028 0.2663765
0.115948476 0.49505937 0.37108764
0.19523989 0.55195916 0.35264763
0.082806215 0.5536381 0.3700632
0.21272196 0.61058366 0.39266208
0.12155008 0.6048396 0.285521
0.23127289 0.61720383 0.34888342
0.19221658 0.548476 0.55974746
0.15431738 0.5370612 0.5558041
0.035803493 0.51840967 0.3480117
0.042679098 0.5582569 0.3727065
0.025394809 0.49738675 0.36815253
0.5291925 0.3360589 0.5524487
0.018201616 0.43946257 0.14196102
0.07020052 0.37199152 0.16688502
0.04910085 0.41065535 0.17484865
0.0069345497 0.45660716 0.16525006
0.01782531 0.4376579 0.16179144
0.008063104 0.40362903 0.57343847
0.046685174 0.39372197 0.61677796
0.034373816 0.4161779 0.5821595
0.022871938 0.40884006 0.60008365
0.014886063 0.42236167 0.5361576
0.13490146 0.45146173 0.59638965
0.004575122 0.55236846 0.313278
0.088081524 0.56599766 0.30006424
0.09908377 0.43496898 0.30331996
0.03551553 0.44661874 0.38838068
0.13430935 0.6635328 0.35748652
0.031077575 0.48859438 0.35635427
0.0632893 0.5289722 0.34144542
0.09516135 0.05624926 0.5899588
0.08309601 0.11312733 0.61669743
0.29321334 0.17800567 0.6198263
0.08446187 0.11097768 0.55812925
0.8919905 0.4074266 0.6537607
0.7354513 0.30221698 0.6253117
