0.10841474 0.5450926 0.4464226
0.15197396 0.41201746 0.49371222
0.29804936 0.5116862 0.49724227
0.07705663 0.56861305 0.45840815
0.10956478 0.50503826 0.44988793
-0.040971156 0.54620683 0.24636711
-0.051344085 0.33338323 0.31479126
0.017018855 0.30842614 0.27474767
-0.03400327 0.88122135 0.304433
-0.0215387 0.37248755 0.32479817
0.025130782 0.73642915 0.5378679
0.20113786 0.5107507 0.5676737
0.07296469 0.35564208 0.4814941
0.5414155 0.37505817 0.8490907
0.89550227 0.40866652 0.6878536
0.5602294 0.3160565 0.7838987
0.82995695 0.38707203 0.6523782
0.15345596 0.38269103 0.7009772
0.20047595 0.5455849 0.27922094
0.20601688 0.5365353 0.29878017
0.16637708 0.69266385 0.2664072
0.1414912 0.3071862 0.50043416
0.19631742 0.27149257 0.46465674
0.11672284 0.42524105 0.6065079
0.09421456 0.37245834 0.5575481
0.19504537 0.5006777 0.45000896
0.19568753 0.51120716 0.43956348
0.21248321 0.43318486 0.5814806
0.18275663 0.59883827 0.61146164
0.10966526 0.93310684 0.5080254
0.112950325 0.7480107 0.47598
0.8020567 0.843633 0.36419728
0.5010003 0.8165388 0.4382646
0.6089898 0.79984576 0.2688018
0.5610486 0.7501867 0.25415123
0.8147382 0.83018273 0.30989248
0.74997306 0.7663143 0.25306278
0.07492702 0.85362345 0.22050601
0.09097357 0.7266534 0.22333214
0.13613726 0.76718014 0.21063
0.19756442 0.6721063 0.19048068
0.18529932 0.7435707 0.17468905
0.7089841 0.44808847 0.64805555
0.7414157 0.52377385 0.71208644
0.9476654 0.57451344 0.69305766
0.7810226 0.55815953 0.7065458
0.7771207 0.5887531 0.6736858
0.8529587 0.7346341 0.72720206
0.3569705 0.1873782 0.48672184
0.33649975 0.23138842 0.60062695
-0.0033642314 0.32948285 0.27807647
0.34137928 0.3778277 0.3793356
0.40149185 0.39552447 0.42332873
0.32504174 0.3886385 0.36344713
0.36083227 0.39589104 0.33443013
0.25511947 0.5552568 0.7217306
0.39531577 0.5553925 0.6414741
0.43945336 0.4901718 0.7194469
0.67494875 0.6994429 0.6479491
0.64743495 0.71984464 0.6700667
0.962172 0.67443985 0.5054362
0.42792612 0.5662461 0.53003263
0.22116376 0.48188156 0.48136324
0.22924626 0.44525558 0.48710802
0.34186757 0.48046225 0.29509923
0.23686562 0.4646259 0.3316395
0.2676655 0.4989033 0.33316872
0.37753856 0.6707599 0.48148066
0.35885066 0.6026943 0.48528817
0.3218574 0.13445732 0.53843063
0.038257074 0.1382536 0.69121385
1.1243093 0.44702235 0.6833786
1.2465894 0.46076053 0.6677593
0.3779001 0.31523246 0.59706783
0.7085361 0.2655898 0.6835085
1.088483 0.45354152 0.61483145
0.09086837 0.59851557 0.2555853
0.10337061 0.71094847 0.26005507
0.100299716 0.9042566 0.20794454
0.120996654 0.57991594 0.1805962
0.082873255 0.39445287 0.29424003
0.14549144 0.52634877 0.21655315
0.5225292 0.5284436 0.51828516
0.72664255 0.56147337 0.51994157
0.6455717 0.61577255 0.5219879
0.6199408 0.6237928 0.51947916
0.7214198 0.6078217 0.6253133
0.77150136 0.46707052 0.53967226
0.2884307 0.31926143 0.5307275
-0.028367918 0.30942574 0.26368764
-0.0012614392 0.36845228 0.17940518
0.44596505 0.34242555 0.20041452
0.02942146 0.2692702 0.22757627
0.037249874 0.3352149 0.17052531
0.0738412 0.28182906 0.19216251
0.02415922 0.5658479 0.21365435
0.48684302 0.20865446 0.16493681
0.002538208 0.5421536 0.19199716
0.052109387 0.3176484 0.19091517
0.13257934 0.50946903 0.6113578
0.055005018 0.74498004 0.620203
0.30202648 0.44534028 0.66920197
0.23265035 0.36240518 0.6990168
0.21372415 0.44433042 0.676782
0.37629673 0.42477897 0.69233024
0.34532493 0.51047516 0.70648813
0.294116 0.46065563 0.61054647
0.45869792 0.54079545 0.66683483
0.80607206 0.430495 0.61465514
0.44873455 0.49492827 0.71823597
0.3082175 0.47047496 0.6279806
0.47935236 0.5715753 0.59018004
0.030288693 1.0751907 0.52103007
0.45904565 0.56346047 0.788694
0.11989422 0.91366285 0.29050404
0.19457956 0.46635458 0.8017888
0.20704651 0.371029 0.67859054
0.1846071 0.3985452 0.71913254
0.19861497 0.39518934 0.56994534
0.84988314 0.6480985 0.541204
0.13038218 0.46612817 0.59497356
0.08480705 0.2717205 0.5961801
0.12937066 0.35471278 0.62672853
0.958734 0.5479561 0.59847033
0.34972322 0.4198443 0.38068154
-0.049651187 0.21763355 0.30724072
0.36876452 0.49199855 0.56848955
0.25762978 0.46148482 0.5396246
0.120079815 0.31797257 0.4499186
0.030979816 0.67902 0.7763611
0.0025458373 0.97667164 0.7599454
0.045873437 0.7960497 0.7659589
0.18903397 0.34223622 0.81196845
0.044338975 0.9178561 0.77420163
0.06353484 0.6612378 0.7988242
0.020662118 0.27412304 0.88253605
0.07874948 0.49353218 0.8683561
0.26640543 0.43398756 0.7336347
0.20907801 0.43317062 0.72061396
0.20162557 0.3995007 0.3435569
0.42420685 0.41727507 0.3183729
0.2117348 0.37867367 0.30015224
-0.26367205 0.1725755 0.17162234
0.22129564 0.32032576 0.15921567
-0.2033539 0.18197867 0.19120237
0.23827334 0.2898489 0.36872223
0.076876685 0.25256824 0.4163876
0.07180469 0.37775984 0.38886368
0.056547567 0.54102594 0.4586334
0.016391713 0.46589732 0.3915902
-0.00909118 0.51004636 0.3795496
0.074401215 0.34234858 0.42607266
0.12219167 0.40374416 0.47128984
0.047880728 0.65199876 0.4178833
0.6741416 0.48469153 0.4891734
0.03707439 0.366081 0.48159066
0.016179096 0.26753396 0.5041685
0.025722008 0.68062854 0.45852378
0.07979953 0.8463195 0.59853446
0.05075005 1.1889366 0.5205466
0.008483443 0.35904112 0.5382048
0.054009873 0.46464044 0.45108297
0.16998608 0.8290415 0.59713984
0.23051222 0.54716396 0.71364033
0.24756344 0.5880632 0.39434084
0.16064258 0.6361686 0.30205408
0.05803639 0.41678944 0.18521583
0.05324528 0.41953844 0.2197338
0.04944006 0.39532903 0.21348524
0.019331116 0.40866458 0.20482627
1.6604991 0.676161 1.4094484
0.13187906 0.3702915 0.44301274
0.3356644 0.66163 0.17041785
0.18961838 0.59396964 0.18130744
0.18289302 0.526852 0.19118385
0.15914947 0.46536875 0.2191391
0.04790135 0.38612676 0.09635383
0.10860053 0.7187491 0.106629804
0.21068545 0.35727474 0.013080269
0.17958634 0.4987575 0.1623664
0.15706703 0.5115916 0.14511603
0.1506121 0.56184447 0.44324434
0.17867784 0.47576946 0.44141275
0.15176252 0.41627645 0.45505175
0.15953015 0.42687595 0.46904865
0.2235265 0.51557976 0.48627952
0.2085696 0.6025427 0.4798161
0.38653845 0.1995559 0.6903194
0.034881506 0.3155791 0.9498118
0.3534292 0.13560452 0.70063317
0.21063173 0.3530674 0.28949767
0.14341684 0.3126956 0.27531886
0.18908359 0.34707537 0.25315586
0.19335994 0.4782589 0.3569254
0.22560921 0.5695595 0.34828755
0.20793238 0.5382749 0.35279927
0.23560347 0.6236187 0.3924599
0.15275608 0.58729655 0.27798063
0.24266048 0.5814039 0.3347652
0.23018824 0.5302464 0.5585625
0.17105809 0.6227685 0.5323477
0.072578385 0.57627904 0.2673067
0.1742292 0.59267837 0.28715757
0.0760386 0.60305107 0.29885828
0.10408002 0.24679792 0.57288206
0.013519514 0.44012284 0.11860643
0.05060121 0.40561396 0.18185994
0.03944483 0.36747637 0.18670733
0.03330784 0.39283156 0.1763595
0.021029081 0.4025976 0.16615051
0.16929509 0.32641062 0.56749225
0.16456294 0.344375 0.6114751
0.09959288 0.37343347 0.5924823
0.15981497 0.3222987 0.5807922
0.127535 0.38023645 0.5605291
0.19747515 0.3627268 0.5681006
0.10490264 0.46329623 0.31550014
0.11840859 0.5871953 0.30005452
0.122058675 0.44211853 0.32759067
0.13674967 0.41221696 0.33229822
0.17895496 0.74024516 0.35110807
0.119737804 0.5051023 0.2685066
0.11775084 0.5236098 0.3083117
0.026336107 0.050200492 0.61205375
0.20731592 0.19304094 0.60731685
0.37570047 0.17342854 0.61140656
0.057655353 0.092240125 0.5871704
0.9287538 0.40770376 0.61970305
0.84070116 0.37152666 0.582327
