0.15127307 0.5448718 0.44088674
0.09949286 0.39121878 0.46452117
0.18028152 0.5505434 0.5188214
0.10324518 0.49698335 0.45074022
0.08462991 0.5005509 0.45316035
0.081888065 -0.0019741654 0.5758554
0.20276076 0.057212833 0.47992587
0.2544535 0.0822871 0.709455
0.066672355 -0.02177874 0.6399443
-0.03583944 -0.04973036 0.576463
-0.017549254 0.5707912 0.19999945
0.012157369 0.2925261 0.2571835
0.091453925 0.2538343 0.24600935
0.0047873594 0.652157 0.26290542
0.06690558 0.32250786 0.24204825
0.030789059 0.50582564 0.52189976
0.14729732 0.57413596 0.53332627
0.11492873 0.41159606 0.4671597
0.035081398 0.021698896 0.5051263
0.8340644 0.32114804 0.58092856
0.16143534 0.07176 0.5371921
0.09556148 -0.026775226 0.57347554
0.09383869 0.06272954 0.63588804
0.64542234 0.26604804 0.50403506
0.7870227 0.35801694 0.5909843
0.920296 0.37049836 0.4893617
0.8020072 0.40073374 0.85078365
0.89732754 0.366221 0.6123249
0.39193013 0.30294517 0.7401317
0.8088703 0.37650403 0.68121254
0.22840697 0.41311517 0.6128793
0.23505083 0.52487 0.27699888
0.17866462 0.5306238 0.3116786
0.16107029 0.6501462 0.30046758
0.59222627 0.32010183 0.41735697
0.2699124 0.33451533 0.35520965
0.049140416 0.55561066 0.5356368
0.10743131 0.4285306 0.5465371
0.1849849 0.504654 0.4546678
0.18725982 0.53240615 0.44528377
0.22379366 0.48561493 0.5614683
0.20646799 0.6170023 0.55256504
0.091163136 0.87016267 0.46385717
0.08519164 0.70541376 0.47066015
0.847572 0.8478628 0.38070315
0.49552253 0.817736 0.37396854
0.6807395 0.77616906 0.3222344
0.58482033 0.7260964 0.26868093
0.890864 0.8746162 0.3310176
0.75339365 0.7804332 0.27851093
0.030784294 0.041426733 0.5378978
0.020594124 0.04545414 0.6814577
0.13056126 0.061337806 0.56468743
0.09919852 0.03880774 0.59789985
0.4460537 0.16818038 0.5795602
0.03234006 0.06029366 0.5551227
0.094780594 0.07888949 0.57529193
0.07058857 0.82350546 0.2211832
0.07832428 0.7036032 0.2134126
0.13293922 0.7490309 0.21817948
0.14127335 0.75972575 0.1722922
0.13846368 0.8221666 0.1748563
0.64697385 0.4570312 0.6510083
0.68204707 0.51019996 0.671942
0.90993726 0.56919974 0.6335723
0.7043641 0.548141 0.65115637
0.7520757 0.5686793 0.65728116
0.8226824 0.709618 0.71130836
0.37325728 0.17214677 0.45118958
0.30173284 0.23809487 0.5462727
0.08544975 0.2530378 0.2613352
0.83776563 0.51205766 0.37260562
0.34509018 0.39814794 0.4073423
0.29367438 0.3596396 0.2911095
0.3282615 0.3916253 0.2885375
0.23237911 0.5823223 0.703442
0.35684034 0.57449895 0.5703837
0.39732447 0.50722456 0.65479887
0.6197947 0.65970033 0.6300361
0.6198271 0.6807791 0.65574545
0.5786235 0.5706022 0.47117746
0.41060808 0.5388906 0.52820003
0.1872157 0.5043655 0.5019128
0.16396675 0.49283612 0.5039453
0.26517582 0.43826556 0.30515432
0.23647195 0.45387244 0.35376024
0.2743782 0.47190768 0.37132186
0.3773869 0.5018631 0.25130388
0.77539474 0.8177942 0.2194656
0.87836015 0.8507853 0.22589038
0.9421066 0.96888155 0.21503498
0.37371778 0.66341645 0.49250638
0.30796555 0.55936503 0.5020414
0.23321748 0.07582045 0.55260897
0.20781729 0.076470174 0.5354692
0.2554903 0.09617415 0.49510866
0.25209445 0.08501317 0.5822569
0.15710926 0.08060248 0.78401846
0.040161125 0.066736124 0.71662354
1.004659 0.41860664 0.69741005
0.51929015 0.17652562 0.38129467
0.5414483 0.20419228 0.59496814
0.019112524 0.13413641 0.65113604
0.9097959 0.38090962 0.5946891
0.99195766 0.38005263 0.5556721
0.20397508 0.26833466 0.5801029
0.91816676 0.36625186 0.7262509
0.72323215 0.3448551 0.58336085
0.086715415 0.54256284 0.24950834
0.073183596 0.72095674 0.24785292
0.071196355 0.9469573 0.17466325
0.095408864 0.5832255 0.18662363
0.10906011 0.51800597 0.21434836
0.25157997 0.44613227 0.20722845
0.46882442 0.48636106 0.47865868
0.55523616 0.5632231 0.4930088
0.55526185 0.5531714 0.5155857
0.6151535 0.60178584 0.5245926
0.8150204 0.57773685 0.6263448
0.77379775 0.46537966 0.5480334
0.47242793 0.34422818 0.5743918
0.39212233 0.13978861 0.4965188
-0.023684032 -0.012684815 0.48795545
0.47073463 0.15032649 0.48160547
0.281457 0.08756249 0.48055238
0.27155384 0.08643221 0.49955946
0.20550194 0.07566071 0.46026146
0.1106549 0.047592822 0.5036863
0.61233187 0.24939564 0.43572122
0.6671357 0.25906163 0.61068565
0.015507456 0.29968232 0.20726737
0.04811602 0.3028793 0.18136597
0.42382792 0.29749495 0.2122691
0.06220098 0.25474906 0.18355715
0.25905305 0.34006536 0.1548957
0.12325297 0.25560176 0.2258714
-0.005953774 0.5817595 0.22979303
0.67627335 0.41922885 0.15953925
-0.01919195 0.46576372 0.17037733
0.0060881525 0.31008756 0.21672216
0.3414109 0.2185735 0.42845052
0.105355516 0.29203516 0.5885678
0.15823948 0.32513916 0.5843094
0.0664669 0.25596046 0.54177666
0.04452596 -0.028478704 0.41761214
0.023679413 -0.006289482 0.2644242
-0.12237873 -0.080780715 0.3451308
0.109354384 0.022630688 0.38557953
0.017378055 -0.033050388 0.61588573
0.045116197 -0.022312507 0.4905262
0.21774936 0.10710636 0.58165675
0.13799918 0.043005385 0.50091827
0.2679921 0.080906495 0.54569554
-0.16112474 -0.11578123 0.50040805
0.12085964 0.52424955 0.588238
0.033124007 0.6319962 0.6222242
0.2767197 0.44648808 0.6680821
0.109555826 0.47290862 0.5578083
0.14368895 0.5189852 0.59102005
0.25136697 0.46949932 0.616711
0.2964685 0.5555576 0.6111336
0.26994643 0.5482096 0.5651319
0.3178125 0.4376722 0.6283451
0.8164602 0.4521879 0.62430876
0.30515394 0.48645818 0.6719051
0.32231638 0.4598236 0.5866375
0.37613153 0.59063095 0.60520226
0.034925334 1.1434019 0.50707763
0.4211705 0.53264475 0.7666529
0.16475457 0.92536074 0.30411422
0.19568714 0.50879484 0.6922288
0.29870504 0.39119104 0.6001997
0.1815865 0.40369326 0.655634
0.23577979 0.48210013 0.55064255
0.56708133 0.5297734 0.5460492
0.17671931 0.4456659 0.5332283
0.086814016 0.40029362 0.5920853
0.09009244 0.4191119 0.59190595
0.83652693 0.49545842 0.5597846
0.4665127 0.4030115 0.39361244
0.25067398 0.47648013 0.40272778
0.32744807 0.42480835 0.5565006
0.26552144 0.4425801 0.5265445
0.16977736 0.31644693 0.41879666
0.9691926 0.3832273 0.46713144
0.98368394 0.39711672 0.4881326
0.9558673 0.3887939 0.4521528
0.94452083 0.36951452 0.46007735
1.0075395 0.39153385 0.4702292
0.97223496 0.39823204 0.4151876
0.9749888 0.37767947 0.48683095
0.5185157 0.1290811 0.40124863
0.84092104 0.4592237 0.420496
-0.084786825 0.65053767 0.7746042
0.009192221 0.88098 0.71141505
-0.01676201 0.78848445 0.7417673
0.106782846 0.3951409 0.77850467
0.07725244 0.77389055 0.7654402
-0.015009455 0.71309 0.6445744
-0.05954075 0.33856195 0.7982015
-0.006504737 0.5618471 0.7879209
1.0135294 0.40518972 0.6767454
0.86360604 0.35652974 0.64434093
0.48139164 0.18202753 0.55239207
0.8909246 0.34782726 0.62650347
0.9603578 0.37420046 0.6718876
0.8628069 0.3319546 0.58593976
0.22985238 0.51525414 0.69126546
0.1595979 0.4836577 0.68381685
0.21687183 0.52622986 0.38099688
0.51411045 0.5699511 0.32016164
0.26223713 0.5279064 0.444978
0.2576756 0.4665099 0.25327826
0.7246624 0.5898226 0.38010484
0.1200456 0.41231447 0.2791047
0.10233691 0.31452793 0.36692023
0.015032411 0.3346828 0.3870536
0.07609702 0.40710777 0.39098018
0.29166755 0.3997743 0.37841386
-0.006450139 0.4358554 0.39385408
0.024590962 0.4389903 0.34958935
0.080841854 0.30308732 0.41288954
0.094527826 0.47723895 0.47663522
0.18307942 0.5682993 0.3798225
0.94252956 0.5841168 0.47868574
0.11997745 0.35849452 0.49236804
-0.0032117441 0.31434464 0.4978788
0.015248641 0.6615765 0.4630447
0.0719195 0.92251116 0.5784715
0.04359301 1.1989992 0.49232572
0.13424039 0.32593054 0.5171496
0.29117876 0.34817025 0.44969958
0.12886047 0.6921442 0.5401351
0.13986239 0.58979553 0.6118368
0.20954329 0.6513085 0.45240158
0.15246809 0.6287659 0.29594323
0.13080442 0.51157594 0.20726332
0.02492164 0.5020013 0.20558122
0.08652927 0.46193016 0.198455
0.0631146 0.44701457 0.23061888
0.96793056 0.34625855 1.0573677
0.13575119 0.48062876 0.39398384
0.35562986 0.61878866 0.21790859
0.15342322 0.60267115 0.20133506
0.12401079 0.6053848 0.17550686
0.046114475 0.5833183 0.1780251
0.008248504 0.3746793 0.13290417
0.037195727 0.75527114 0.11941368
0.13897249 0.28605312 0.07697475
0.14319468 0.5303735 0.13169046
0.12738407 0.5239672 0.11289285
0.2710274 0.06860029 0.5513411
0.8452017 0.30956945 0.44191372
0.7231394 0.23027828 0.3869139
0.108310476 0.54604256 0.45849484
0.13400152 0.5298109 0.4642796
0.13006683 0.4952525 0.4891528
0.13569593 0.51137924 0.49292564
0.20595151 0.53801215 0.467915
0.18346033 0.6917208 0.5053797
0.42704034 0.2227479 0.6952811
-0.12683222 0.43186712 0.8840642
0.53658473 0.20340848 0.69822866
0.3799345 0.23672438 0.13075471
0.48759705 0.25774807 0.20180897
0.027936082 0.23383737 0.18992884
0.16864285 0.37955755 0.3248108
0.030434936 0.3562677 0.27301902
0.0860595 0.43053538 0.25338483
0.1215047 0.51790076 0.36526227
0.20288756 0.5618646 0.34931934
0.1182713 0.6164635 0.3347757
0.18197046 0.62578607 0.39711964
0.1344308 0.5973707 0.3001691
0.22474867 0.6212366 0.35396945
0.1830878 0.59573334 0.5506303
0.1454174 0.62748736 0.48248082
0.1228912 0.552562 0.32216233
0.24124625 0.6393936 0.32903194
0.16490185 0.54104817 0.3298005
0.091143064 0.2511101 0.57907623
-0.020563215 -0.01740393 0.52516454
-0.02489777 -0.021149516 0.53932387
0.11814691 -0.002496913 0.6026249
0.064112216 -0.03209153 0.5787358
0.11270837 0.041856486 0.6146225
-0.013463087 0.004784733 0.73327297
-0.0015132949 -0.050195664 0.39133304
0.029412597 0.44504213 0.1323099
0.037852917 0.42741904 0.15801369
0.034220975 0.40378526 0.16897054
0.04204013 0.44306904 0.16445822
0.068867736 0.4617332 0.1441569
0.11553851 0.4203014 0.5432462
0.12810826 0.45258754 0.5723192
0.096600264 0.47642016 0.5568392
0.12906063 0.4568079 0.5577492
0.10549017 0.4958251 0.52017826
0.19101045 0.49547347 0.56839293
0.17698869 0.5122311 0.26778913
0.066708475 0.62860066 0.30621612
0.087129906 0.48468444 0.3319614
0.085133106 0.45953125 0.3245416
0.14885828 0.64628667 0.35567117
0.12536448 0.5306035 0.31430316
0.122420624 0.52511835 0.31262648
0.585526 0.24832477 0.52157706
0.6366826 0.3132603 0.59098506
0.4543852 0.19935448 0.60336757
0.2292175 0.13961741 0.55743504
0.9221137 0.3740329 0.6237905
0.89003223 0.33442366 0.64817274
0.089887805 -0.023244604 0.33194852
0.06341276 -0.03572076 0.35487527
0.17541689 0.025570177 0.37357807
