0.06899305 0.5637715 0.46664453
0.10414871 0.4456784 0.46106118
0.26446298 0.52007526 0.51911896
0.10492204 0.5035962 0.46155816
0.122231394 0.46432096 0.48467892
0.05734255 0.0014205128 0.5686919
0.13289596 0.04723996 0.5423454
0.3861338 0.13193873 0.74049157
-0.0032285377 -0.018564694 0.62132025
-0.096800275 -0.051234707 0.59385395
-0.017614894 0.5553776 0.2355585
-0.043868788 0.33361644 0.22432283
0.08333056 0.27628124 0.24297188
-0.04851199 0.7898111 0.2512586
0.038554408 0.39878553 0.3178356
0.061821725 0.52782637 0.59598863
0.098654374 0.5633889 0.5286929
0.11011144 0.39643002 0.51505744
0.06573354 0.044726998 0.5435475
0.82255054 0.3395862 0.6425803
0.07303927 0.028018646 0.5145791
0.012690209 -0.007447943 0.5906088
0.05052112 0.0559759 0.62698275
0.5849981 0.24609187 0.5360481
1.0013624 0.43078566 0.57968765
1.1043663 0.37236983 0.54804605
1.0497308 0.50063497 0.8919668
0.7952397 0.37263218 0.6114876
0.6018641 0.32372314 0.8733693
0.82439667 0.38871154 0.7188766
0.5034855 0.45509425 0.61375755
0.2060295 0.5118538 0.3083166
0.1776174 0.51706755 0.29107755
0.1832773 0.6492844 0.28612113
0.8822741 0.43220887 0.47838384
1.2785025 0.49971402 0.44301206
0.006791115 0.4780793 0.57345873
0.075642034 0.36204934 0.6085971
0.19982833 0.5021145 0.4508115
0.18377128 0.52376854 0.4568811
0.22073919 0.4604994 0.58183146
0.22380295 0.5020416 0.6163179
0.056953058 0.8608379 0.48203027
0.103269905 0.7186719 0.47953868
0.8162562 0.82060236 0.37500417
0.38517615 0.73386145 0.3773418
0.59085643 0.71362454 0.32243818
0.5809033 0.7043973 0.20786615
0.7926013 0.8253622 0.33530372
0.77029896 0.7883019 0.26186854
-0.022587411 0.022007998 0.5143208
0.005756788 0.03770875 0.6726555
0.09281402 0.081307925 0.58347183
-0.0041530803 0.008378215 0.5639152
0.5005947 0.2011517 0.5274279
0.051726095 0.05960619 0.56078565
-0.022100069 0.0069494024 0.5872652
0.0686094 0.8477109 0.21782352
0.065439075 0.74152344 0.1974299
0.1342521 0.72164506 0.22897686
0.1813415 0.6736949 0.19759817
0.13141142 0.81478435 0.17425823
0.69861275 0.44902378 0.6227013
0.685847 0.49937403 0.7150731
0.9072507 0.59081095 0.68599844
0.7299016 0.55717796 0.68534267
0.73519605 0.57084256 0.658531
0.80301636 0.72181976 0.77614564
0.40942103 0.1906378 0.4958586
0.35723993 0.24014086 0.5242003
0.086405106 0.28104874 0.2845819
0.32818496 0.36647886 0.37182963
0.32165548 0.38912398 0.48585027
0.29675794 0.3926572 0.3143361
0.32685804 0.437234 0.29269558
0.22094965 0.56976455 0.70313233
0.44583383 0.641142 0.5628279
0.38781625 0.47658747 0.6659009
0.6738451 0.6648788 0.6547069
0.6739374 0.7021069 0.6725299
0.6943765 0.58448774 0.536283
0.44243374 0.57276076 0.53180313
0.124401614 0.4928962 0.51535577
0.090585 0.47341558 0.50558996
0.30135602 0.52974945 0.26671785
0.27118665 0.50750905 0.3058738
0.2882625 0.5158923 0.3203768
0.66061497 0.6282615 0.224795
0.62583977 0.7695913 0.2484668
0.7841851 0.81474787 0.2242504
0.85407645 0.8800064 0.16814902
0.36236498 0.6580155 0.52607447
0.30568594 0.52769166 0.5394462
0.1735622 0.052586246 0.64241916
0.14530191 0.057388112 0.57681286
0.18914002 0.025136214 0.6705319
0.21957996 0.046363834 0.81792355
0.0679566 0.0151863955 0.7791037
0.10057696 0.087082565 0.69595796
1.190383 0.42784345 0.68960774
0.073553935 -0.030096374 0.55062
0.8466315 0.33664387 0.63775855
0.18433964 0.20070991 0.66356605
1.0827153 0.4259517 0.6222263
1.2244492 0.40846884 0.63978034
0.96456236 0.49801898 0.5992586
0.96486634 0.3784462 0.81420666
1.1934621 0.46824968 0.65182996
0.05125912 0.551834 0.24878572
0.0781205 0.7329677 0.24505995
0.08531928 0.93333834 0.19049862
0.06858208 0.5682971 0.18323454
0.15906423 0.37527922 0.31971848
0.24210581 0.44577086 0.29768723
0.5034657 0.4928132 0.5424061
0.6396987 0.5719809 0.52458405
0.6197483 0.5976791 0.5051356
0.62016827 0.6137339 0.5216431
0.6735208 0.507714 0.59912586
0.5823849 0.36490306 0.5156967
0.35791323 0.35175985 0.5811164
0.3788711 0.1374735 0.4791416
0.047327116 0.0106314495 0.46510005
0.6796349 0.23074672 0.35767275
0.4277783 0.18974859 0.47931284
0.7768511 0.28813028 0.46201086
0.41202924 0.17054775 0.46351826
-0.019251771 0.015742183 0.5494417
0.69084543 0.28656572 0.42434502
0.60626817 0.24951962 0.64418703
0.03288818 0.33824152 0.24092047
0.29468903 0.37884024 0.26247638
1.0180566 0.4971397 0.25737786
0.86709225 0.44019112 0.28786594
0.4641284 0.4280159 0.23893493
0.47956303 0.3676116 0.26813966
-0.0054042116 0.6432383 0.23411462
0.70482177 0.25015536 0.100925915
-0.024057426 0.50045425 0.21062003
0.0435321 0.36651528 0.21634327
0.4308301 0.19834909 0.55518
0.049221896 0.27312946 0.5918465
0.0141554065 0.26397008 0.6396676
0.041569337 0.27907312 0.57596415
0.03628599 0.03781631 0.5258355
-0.074865945 -0.08685111 0.22490312
0.31797528 0.10123115 0.24969587
-0.008690663 0.010754969 0.56102484
-0.045680724 -0.0043885037 0.62136567
0.03521591 0.016426109 0.4656983
0.18624172 0.08110129 0.7227431
0.13146643 0.07532431 0.5456746
0.22426626 0.057669744 0.53045315
-0.08931758 -0.037435643 0.51260155
0.14732161 0.4572795 0.63483924
0.050820462 0.6372994 0.61042017
0.30579102 0.43988705 0.657046
0.18050903 0.3490127 0.7077226
0.06395087 0.4495645 0.6212268
0.2665292 0.43532825 0.5326494
0.4226716 0.50741583 0.5568093
0.21671164 0.54927266 0.5038904
0.34327066 0.4249678 0.69680566
0.7206848 0.44883716 0.6494976
0.40440968 0.4768136 0.67834157
0.3481526 0.46729437 0.61385787
0.52488035 0.649428 0.64294726
0.045581214 1.1333092 0.49221212
0.55668014 0.6354927 0.7672197
0.10895975 1.029897 0.30382225
0.20315728 0.44060624 0.7217564
0.32560468 0.49143457 0.560077
0.20749718 0.46677804 0.64767903
0.29706758 0.52591604 0.55078304
0.5778693 0.60530657 0.53155386
0.1169212 0.42404372 0.5315686
0.070692636 0.32223806 0.6288481
0.07093448 0.37158006 0.617093
0.80187184 0.50179505 0.56204784
0.3024959 0.6157163 0.27005398
1.1705393 0.57546365 0.5126896
0.35724336 0.44593063 0.57469034
0.3152684 0.44862098 0.52039105
0.22869325 0.3284321 0.41988438
1.0587479 0.38992205 0.5355934
1.0200024 0.42212862 0.49017638
1.0015438 0.38634214 0.4444763
1.1029088 0.39298952 0.5504862
1.0535334 0.3963229 0.52208143
1.0017304 0.36801106 0.471946
1.108008 0.40349737 0.56106853
1.1318359 0.17233372 0.53299564
1.1458842 0.47182047 0.5751201
-0.02302482 0.66471964 0.81185275
-0.010130875 0.9207391 0.77720624
0.0050119385 0.81263566 0.80698705
0.108379945 0.32065082 0.817494
-0.0015182197 0.8256803 0.8267017
-0.021052659 0.6302182 0.83775026
0.015172973 0.2795618 0.8025512
-0.0010699779 0.5765825 0.84280074
1.0064734 0.3768711 0.7110495
0.8278062 0.32510132 0.6001119
0.7799389 0.27501908 0.51697725
0.98649794 0.3367918 0.6467463
0.8684775 0.32585797 0.57369363
0.9422665 0.3433535 0.56957555
0.18020448 0.4307191 0.69706
0.18185821 0.42427588 0.70277244
0.8060414 0.59339434 0.40767115
0.95622754 0.52748 0.446378
1.0857252 0.66487926 0.47522593
0.29269728 0.5294911 0.36785746
1.257254 0.6495369 0.39287043
0.21968526 0.3200345 0.23870717
0.09632476 0.31040642 0.39984465
0.10430214 0.34541827 0.4184695
0.217033 0.43834135 0.45880502
0.15770885 0.4408601 0.4919893
0.041202474 0.39536366 0.40933323
0.0014014393 0.39803654 0.4202808
0.13910568 0.36732396 0.48092693
0.07924587 0.41893426 0.50092745
0.12215304 0.5092957 0.48334992
1.1049311 0.5861923 0.46975738
-0.036511816 0.2951896 0.48865563
0.002729807 0.27675155 0.51425743
-0.02825246 0.76642495 0.48225987
0.047460176 0.865716 0.5384347
0.061691407 1.074847 0.50532085
0.29732296 0.36826003 0.556737
0.2293193 0.35539234 0.50396717
0.10562798 0.73607224 0.60523814
0.20200652 0.463892 0.671925
0.24020034 0.62751967 0.4120847
0.1437653 0.66342956 0.28329533
0.07093778 0.4117845 0.26853698
0.015215423 0.44035625 0.19519028
0.03514823 0.42205095 0.25550175
0.032811746 0.3942916 0.27339476
1.0020744 0.5012195 1.0676367
0.18284392 0.42494977 0.4764107
0.33257058 0.62866205 0.18618414
0.17898244 0.57531065 0.20537592
0.13407296 0.5177105 0.17188352
0.11290431 0.44412285 0.16312033
-0.004381798 0.53735083 0.07775628
0.053382684 0.87056756 0.06602781
0.2137397 0.43156993 0.09939673
0.17331794 0.4673144 0.15161368
0.16020536 0.4618705 0.11997865
0.78158706 0.25157586 0.55885166
0.9339018 0.2371706 0.5190109
0.8899762 0.10998302 0.55349094
0.05061163 0.5507191 0.46966815
0.012130171 0.54029685 0.47058946
0.07415418 0.46953487 0.4884408
0.10833235 0.47174868 0.49635935
0.0065984875 0.5011522 0.49498153
0.04845982 0.6626272 0.53235006
0.45819613 0.23429763 0.7273929
-0.050740637 0.34789374 0.9390127
0.43652415 0.17731652 0.7641822
0.6019187 0.35397935 0.24257158
0.9960649 0.4197333 0.29940102
1.0776834 0.47656876 0.34570098
0.16806115 0.33807942 0.29720426
0.10336126 0.27981347 0.2902335
0.15089208 0.32745117 0.28293127
0.06269453 0.45199674 0.35985345
0.11912173 0.5210705 0.36230057
0.15040743 0.54750246 0.36039037
0.19902903 0.6182274 0.3798955
0.10136371 0.58621365 0.28769487
0.18689406 0.61613643 0.31874496
0.1992423 0.55293244 0.5700596
0.18903553 0.51600534 0.5576454
0.044282906 0.5414953 0.31699115
0.14326066 0.66196984 0.32600036
0.09543716 0.4494808 0.36168665
0.4152785 0.32500368 0.58506435
0.020724308 0.0044188797 0.56338733
0.03771334 0.013994046 0.5500711
0.0997056 0.015802287 0.5558165
0.073174655 0.024745207 0.54134977
0.07068893 0.012125872 0.6626834
-0.016343847 0.03527327 0.7872521
-0.057938583 -0.06513549 0.42115462
0.021780077 0.43422842 0.13912526
0.043307647 0.38139042 0.15298267
0.06909887 0.38023275 0.17089137
0.021659605 0.451403 0.15285029
0.020466048 0.44985807 0.1901939
0.19255474 0.37861663 0.5373338
0.09047347 0.37434256 0.6009421
0.089964814 0.37611833 0.5832639
0.12801555 0.38128626 0.561212
0.07962864 0.39388996 0.5317237
0.057072513 0.42152727 0.5765023
0.12898085 0.48999342 0.3063333
0.05178553 0.5786102 0.29327166
0.095682785 0.4388398 0.31258798
0.0014954656 0.43824637 0.34091187
0.13315713 0.678238 0.340433
0.06789618 0.5264325 0.3232774
0.050852206 0.52796465 0.310291
0.30985668 0.17339167 0.61820155
0.27166554 0.17564826 0.6056947
0.7359378 0.3549633 0.62121814
0.084268056 0.080885164 0.571051
0.86216676 0.41416454 0.65288526
0.7443456 0.33676985 0.64045423
0.27024043 -0.002568461 0.40226114
0.27147034 -0.010767393 0.4056906
0.31861478 0.034715526 0.42319167
