0.10586671 0.49025613 0.46605283
0.0963729 0.42046815 0.47108886
0.12609601 0.5479334 0.49817738
0.086738415 0.4949829 0.4699646
0.084326714 0.49199432 0.46042123
-0.030146472 0.6746552 0.20684005
-0.016297117 0.31470293 0.24985152
0.095838524 0.19476883 0.2884016
-0.0027970895 0.7628988 0.23682126
0.10444068 0.40431452 0.27742845
0.049021967 0.5103482 0.60904706
0.08782655 0.61875176 0.55285937
0.12473996 0.39486346 0.48952127
0.82781506 0.39134628 0.8081626
0.92653066 0.40331402 0.5779795
0.4153495 0.23387942 0.7217277
0.7616153 0.38099337 0.71737844
0.5955923 0.43809968 0.6845679
0.2731361 0.5035181 0.29518804
0.19792423 0.5355655 0.29281703
0.17410445 0.6216645 0.29305437
0.6028464 0.4504223 0.47177604
0.71478933 0.43660635 0.4200968
0.07195311 0.38759685 0.63449585
0.0504397 0.41304612 0.5814034
0.17724934 0.48714048 0.40982178
0.17097607 0.5040804 0.43931606
0.1976718 0.4400231 0.5810431
0.19590569 0.47542113 0.6250507
0.09430738 0.80671656 0.51081246
0.10630037 0.71740866 0.49595162
0.81673723 0.8089628 0.37695113
0.30722222 0.7366954 0.36484206
0.5390309 0.7314689 0.32447335
0.61731863 0.72691315 0.28316557
0.83595085 0.84438217 0.31528205
0.7661908 0.7974398 0.23936296
0.07770265 0.8572939 0.22698936
0.08815181 0.7291506 0.23529425
0.1643528 0.6754432 0.25956777
0.18257126 0.7029525 0.19350597
0.16456854 0.7712722 0.23099735
0.6365818 0.4232493 0.6989957
0.6624807 0.47977185 0.71405876
0.8590794 0.5265736 0.71793103
0.71550745 0.53815615 0.68670714
0.7335482 0.5667797 0.6456217
0.82686424 0.72038203 0.7561976
0.35880223 0.20264032 0.45885995
0.37730172 0.26539382 0.5340792
0.05517038 0.24040487 0.29949167
0.49594143 0.3907228 0.39468306
0.34200624 0.391514 0.41368464
0.31190303 0.38755515 0.32583186
0.30647823 0.43191284 0.30252925
0.25095028 0.5194295 0.7152345
0.37725273 0.5664133 0.5982581
0.36247918 0.46869162 0.673645
0.55608016 0.64026415 0.6477775
0.61364686 0.68856597 0.66785145
0.6228558 0.54630077 0.5575044
0.43002036 0.57429075 0.5198796
0.1437015 0.48831674 0.5321258
0.12051207 0.48175213 0.5211133
0.29013205 0.48240003 0.28897616
0.23106852 0.48313135 0.34031448
0.24139026 0.51096404 0.31573305
0.35802034 0.6732062 0.50772846
0.34691814 0.6153723 0.5122763
0.41598037 0.2301077 0.5091533
0.59248626 0.296003 0.581512
1.0460281 0.43857646 0.6511727
1.1271929 0.44029814 0.6255815
1.0808034 0.49550045 0.59515935
0.43934432 0.19042456 0.6754619
1.0953077 0.4889801 0.6217209
0.09761611 0.53932106 0.29375136
0.08498789 0.6918565 0.29808435
0.09049433 0.91500896 0.19116867
0.10594318 0.52243453 0.22287881
-0.0032069907 0.45629078 0.31822386
0.10460138 0.51594305 0.2580001
0.5375391 0.5175667 0.5449316
0.43689004 0.5056206 0.50726813
0.6150581 0.5875831 0.52672774
0.6317422 0.62406933 0.5231279
0.81527513 0.58957183 0.6134254
0.68247765 0.42541146 0.55906165
0.2698115 0.28167492 0.5520636
0.2075992 0.40000102 0.17372076
0.40282556 0.42389545 0.12330981
0.87582886 0.45910466 0.21476191
0.8759342 0.46657863 0.27063036
0.65625197 0.503308 0.20463052
0.47052845 0.42945302 0.21664074
-0.013986878 0.6944094 0.22765422
0.71946603 0.33130795 0.1716145
-0.0027823 0.66839993 0.12990934
0.025749806 0.29304102 0.19515967
0.1216715 0.44990963 0.63693136
0.037622005 0.72650516 0.6094548
0.2970636 0.4671589 0.655786
0.21723482 0.4166425 0.71389043
0.114187054 0.5457077 0.6910857
0.33991146 0.5199007 0.6938887
0.45187473 0.59165454 0.6761781
0.30898964 0.5562781 0.6457043
0.34725404 0.5248395 0.62155414
0.872809 0.50906515 0.6277032
0.42344138 0.48917484 0.63388026
0.33414057 0.48605508 0.6167178
0.41365048 0.6189374 0.57774144
0.03802099 1.0895153 0.5160345
0.46901974 0.5590365 0.74679077
0.13236398 0.85195816 0.34641945
0.1717878 0.4789371 0.7741151
0.28494784 0.4981494 0.7277632
0.27184138 0.45176536 0.77940214
0.26051646 0.44575977 0.6093211
0.68575996 0.5634903 0.56207293
0.16405848 0.41465265 0.6473426
0.10845874 0.34113112 0.62710756
0.063097805 0.36810938 0.61107165
0.7742243 0.51581025 0.5525902
0.35748333 0.53019387 0.40662786
0.18839201 0.381523 0.46473497
0.39672294 0.49935263 0.5539796
0.22036481 0.44432682 0.49926132
0.16879362 0.2689478 0.41662297
0.04036697 0.51948124 0.7672283
0.019057997 0.8561554 0.75051165
0.037282936 0.7966366 0.7649957
0.19352841 0.4191745 0.80523956
0.03892485 0.87308025 0.77557886
0.06891608 0.58650005 0.693292
0.05470193 0.31595075 0.74797237
0.06289102 0.60838604 0.79833996
0.23473138 0.45841146 0.6935776
0.20401433 0.4424457 0.7199978
0.27152282 0.5184963 0.2755312
0.7307139 0.5504399 0.25246742
0.5062831 0.5071338 0.2786791
0.35242632 0.5196272 0.34199318
0.79323405 0.51523644 0.34214652
0.37315148 0.54735804 0.3844135
0.18767962 0.31497115 0.42032862
0.018894702 0.26410478 0.42996764
0.16663995 0.37709436 0.4587405
0.06855164 0.33637995 0.44805363
0.020269621 0.39564386 0.43813473
0.00570482 0.4234068 0.4171696
0.12537804 0.29931387 0.46720085
0.13868538 0.41444194 0.50541246
0.30838898 0.5010084 0.44232976
1.1417929 0.5874676 0.488781
0.111724496 0.32927376 0.5460661
0.02920746 0.2991043 0.536121
0.002079673 0.65482235 0.49660388
0.09473486 0.7678031 0.62210155
0.048133682 1.0700707 0.5239303
0.21950567 0.3192398 0.5872668
0.27170846 0.3563013 0.534901
0.15520728 0.597833 0.6424703
0.1837421 0.49691746 0.7002756
0.21354088 0.5567704 0.39894167
0.15789922 0.616478 0.30437335
0.3305243 0.50741345 0.2424371
0.0658131 0.43036625 0.20715591
0.13176441 0.4453041 0.22817627
0.06350613 0.4239572 0.24311835
1.0421773 0.61699736 1.4715949
0.2644171 0.45797122 0.47500134
0.2912313 0.6112239 0.20163333
0.1585216 0.5576053 0.2097013
0.122525744 0.5550444 0.15913261
0.108650595 0.511045 0.19368395
0.0024776533 0.36149818 0.067752734
0.05899001 0.80969614 0.108281106
0.28859374 0.42822546 0.113023296
0.1381635 0.5295485 0.13420603
0.101507604 0.52339494 0.10629283
0.07378375 0.49650145 0.51363873
0.087000735 0.5246073 0.4932522
0.111790426 0.45917508 0.51586264
0.11743763 0.45238712 0.5044756
0.14520806 0.5106662 0.5899287
0.17335063 0.5645894 0.5508902
0.5218706 0.24320625 0.6937155
-0.032014064 0.33260378 0.88224393
0.5030845 0.18769461 0.68306094
0.1882971 0.34282988 0.30150935
0.112654544 0.29291788 0.30470717
0.18559912 0.34707078 0.2528674
0.11583465 0.48947003 0.40943447
0.160088 0.5502449 0.3736875
0.19199434 0.5090129 0.35805026
0.21157253 0.5717581 0.42951977
0.16061544 0.5696304 0.29455072
0.1987631 0.5970775 0.39265427
0.17182627 0.524379 0.59904987
0.15697035 0.55684614 0.538582
0.092944205 0.46781975 0.3434781
0.31435862 0.5704843 0.35731685
0.19382691 0.46397054 0.40945202
0.34968707 0.2961232 0.5902434
0.06155154 0.42696303 0.10006256
0.014859822 0.40625256 0.12843382
0.012684539 0.38603684 0.17377187
0.034910046 0.43483442 0.15124431
0.029828258 0.45403203 0.16994831
0.1795535 0.399163 0.648167
0.13643667 0.3802926 0.64892423
0.12194685 0.4021808 0.63596904
0.14828715 0.398134 0.6390027
0.14669454 0.4127135 0.58983546
0.122196406 0.4373723 0.5859442
0.19282368 0.47419694 0.32021886
0.074085206 0.5821856 0.32957458
0.08582169 0.41949522 0.33900046
0.073567055 0.4372925 0.3681865
0.1574105 0.7052467 0.39214763
0.16373545 0.4833601 0.35947415
0.09286885 0.47600287 0.3566403
0.5118226 0.20547125 0.58768016
0.19907114 0.15049748 0.5601043
0.37540123 0.1701136 0.6493364
0.29509544 0.16683781 0.5514608
0.7598798 0.3394626 0.61825657
0.6148982 0.25543398 0.57008755
