0.075500384 0.61826336 0.4216032
0.12407224 0.4138557 0.46426243
0.19993322 0.5225977 0.5021773
0.080982 0.51991224 0.47337976
0.08960484 0.48548093 0.47805408
-0.023159519 0.6116369 0.21317896
-0.0009926483 0.2957842 0.30684292
0.023877736 0.29425576 0.2719775
-0.016552165 0.90534186 0.27374285
0.060274728 0.48817676 0.26922387
0.06541095 0.51114315 0.5782602
0.12153418 0.5368069 0.54739916
0.102307566 0.40893996 0.50300246
0.85874003 0.5110334 0.8168731
0.85253376 0.3778644 0.5681907
0.5726753 0.30425432 0.84207267
0.8647476 0.38081685 0.76938444
0.28810963 0.4716167 0.6580911
0.20555171 0.53969544 0.28834677
0.19455451 0.5261182 0.30298576
0.14852017 0.6576914 0.29794794
0.42074847 0.36068627 0.4474335
0.2326713 0.39193007 0.47174972
0.049939353 0.6099183 0.583041
0.12734711 0.38887638 0.5830127
0.18037146 0.5100141 0.44745344
0.15396965 0.5152116 0.4405811
0.19062608 0.45039168 0.5626655
0.16523358 0.5682478 0.5772221
0.10008511 0.818497 0.5315733
0.105840504 0.71839786 0.4828191
0.81763023 0.83513874 0.35920307
0.42394492 0.7120024 0.33753017
0.618541 0.70734626 0.2957313
0.61471987 0.72193176 0.22259921
0.85462165 0.8599258 0.3035248
0.81992155 0.8135199 0.2826898
0.08026129 0.8372446 0.22591296
0.07360064 0.7551305 0.2156407
0.09843533 0.8020062 0.20493487
0.14889036 0.73410267 0.19609791
0.13242686 0.855233 0.18779704
0.666281 0.43421826 0.6897878
0.7137055 0.50906175 0.71517164
0.7668733 0.51904523 0.6797895
0.7449508 0.55830437 0.70098346
0.7544847 0.57113 0.6575287
0.82249963 0.72864807 0.7520816
0.38389474 0.21817192 0.49581778
0.35273528 0.25193447 0.5715271
0.057870097 0.29901454 0.28686655
0.6476226 0.42577812 0.34772232
0.38029125 0.4201237 0.4379544
0.32224932 0.35663438 0.31562555
0.33887243 0.40402585 0.31636232
0.20303556 0.59216183 0.68182105
0.2644722 0.6259428 0.5871729
0.34515527 0.47878882 0.6847759
0.6464762 0.66896784 0.62461525
0.64424145 0.6985181 0.65268093
0.5671714 0.6028494 0.48367554
0.41977155 0.5846452 0.5071519
0.15057065 0.51244503 0.4923722
0.15532252 0.4931098 0.4749775
0.2237289 0.44488958 0.30764645
0.227613 0.47289297 0.31808063
0.27211082 0.49188766 0.31715193
0.36551005 0.6788802 0.48204097
0.3237406 0.59382993 0.49147716
0.79212594 0.2934226 0.6675239
0.20252529 0.18181008 0.69943374
1.0933204 0.39912382 0.61696786
1.2738869 0.4680347 0.6346567
0.3412065 0.28646436 0.6349224
0.8326733 0.3188652 0.7892533
1.2837621 0.5143548 0.6450736
0.033490833 0.6444248 0.243985
0.08121824 0.730769 0.25180244
0.07947249 0.91430354 0.20784503
0.0876222 0.6100393 0.19225231
0.03568656 0.41166577 0.24672785
0.13832402 0.4501057 0.19020729
0.541879 0.5136724 0.5295147
0.5384175 0.52431244 0.49098405
0.62184954 0.60226876 0.530726
0.630744 0.6242903 0.52469134
0.7619189 0.58193046 0.5905747
0.75748336 0.4336327 0.5296783
0.14573294 0.2495623 0.5575502
0.08280154 0.37258232 0.23303422
0.09152794 0.38335273 0.20540088
0.9843938 0.4906291 0.29959378
0.26901966 0.32551897 0.24807107
0.30898544 0.42293712 0.18493333
0.30752188 0.36189803 0.22786188
0.028525144 0.5938767 0.21403667
0.7440894 0.29597515 0.17328474
0.003581386 0.50937 0.18858165
0.07764821 0.33369666 0.22992933
0.099385545 0.53628004 0.61287093
0.042816304 0.76557094 0.6068045
0.24343929 0.44698498 0.65414506
0.10783432 0.49021757 0.71416694
0.12628722 0.55940956 0.63100636
0.37110507 0.5993732 0.63766164
0.35368052 0.6524317 0.6115493
0.21167974 0.6355121 0.5409359
0.32912955 0.49715903 0.6294057
0.8893936 0.48175722 0.63563913
0.36386144 0.4376551 0.6999288
0.3535801 0.4839067 0.6059057
0.48640388 0.63928384 0.5796605
0.051852465 1.1070424 0.47422066
0.48576757 0.6070991 0.78340715
0.02557055 1.0776892 0.34883887
0.13406026 0.50387764 0.73874545
0.3405277 0.6007419 0.7048418
0.15237026 0.60444456 0.7218569
0.32231563 0.55618846 0.54539216
0.7575704 0.6432753 0.5411905
0.19427708 0.55313563 0.57679975
0.096068785 0.3456643 0.63818395
0.11520806 0.40307048 0.6045605
0.9187143 0.5197147 0.56815046
0.6197041 0.6681636 0.42302835
0.4552551 0.47380754 0.4383317
0.34740633 0.46632698 0.52941924
0.2768091 0.4200049 0.5069035
0.16720727 0.3232377 0.45317122
-0.005312443 0.6137401 0.84677917
0.017277554 0.8819665 0.76626056
0.014171645 0.86197525 0.7930861
0.055733655 0.5193048 0.87336093
0.036396243 0.9047826 0.77752846
0.052841518 0.5330365 0.8268543
-0.06044077 0.20293564 0.85127836
0.043324105 0.66540426 0.8640241
0.18125004 0.49532586 0.68994
0.15035842 0.46950784 0.6799123
0.3989702 0.59018433 0.37397975
0.88864845 0.5202314 0.42700464
0.50431955 0.5822599 0.43502066
0.38627064 0.62652475 0.24661398
1.069168 0.66026056 0.38616985
0.49980217 0.53620774 0.22818202
0.042975266 0.26609755 0.43672642
0.05398193 0.31468287 0.45448628
0.017892443 0.39700004 0.4394575
0.2550313 0.3884832 0.45874432
0.02210899 0.5121042 0.41357657
0.011721194 0.40529752 0.39343783
-0.004656419 0.278472 0.47520512
0.062078994 0.4403537 0.5013142
0.108185336 0.5307514 0.41154307
0.29606465 0.3300088 0.48363033
0.05710065 0.45208034 0.50881433
0.017325424 0.3005928 0.53443736
-0.004052613 0.7553033 0.44569921
0.03830237 0.866029 0.59424216
0.053845823 1.0497932 0.54472834
0.12980863 0.3827803 0.53607833
0.15946071 0.43827745 0.4827725
0.14175943 0.7134067 0.65073085
0.16489637 0.56104136 0.67359227
0.18392207 0.6233576 0.3843142
0.15254632 0.69671947 0.28403023
0.10052562 0.5251713 0.22330174
0.037336912 0.4728139 0.24188432
0.04769271 0.51516527 0.22000271
0.0013601296 0.4707156 0.22586766
0.90653527 0.4405751 0.5541292
0.13051106 0.5200113 0.43832156
0.30942112 0.62439954 0.19412985
0.15983449 0.5831482 0.20880407
0.12186238 0.56422174 0.1961137
0.1082914 0.5162413 0.2120237
-0.0019497424 0.42686293 0.08707724
0.096446685 0.7049948 0.12002344
0.5971347 0.5085549 0.075060695
0.14964801 0.48462337 0.14565614
0.12869579 0.50342864 0.13077062
0.10429601 0.7053452 0.42235476
0.11968963 0.6391256 0.43261275
0.09709335 0.5203014 0.4974341
0.09311025 0.5006846 0.49898937
0.20016363 0.65945643 0.47310317
0.18436912 0.7331684 0.49429053
0.43891928 0.22980493 0.7183344
-0.043266937 0.28079775 0.9506274
0.28060493 0.10436957 0.72891587
0.17358446 0.33083633 0.3042974
0.10713133 0.26973757 0.2788444
0.12303105 0.31194055 0.26309532
0.090692475 0.54279125 0.3462291
0.1558347 0.5664767 0.333939
0.15686375 0.6713665 0.28583023
0.18384254 0.6624358 0.3796018
0.09854574 0.6218911 0.31434038
0.1868456 0.64878833 0.33649805
0.16327599 0.5896756 0.56833225
0.123989314 0.6019596 0.53966147
0.08555832 0.5528161 0.32380623
0.15739752 0.6776667 0.3242644
0.09102046 0.51912254 0.35061243
0.17011306 0.27397656 0.6153571
-0.026968516 0.4941512 0.12574378
0.03495312 0.4071937 0.17299086
0.01379526 0.42301476 0.16925389
0.006700605 0.46476313 0.14801241
0.013964716 0.46469152 0.1646069
0.1947302 0.43160492 0.5429686
0.1247716 0.46612945 0.60303587
0.08564988 0.47412732 0.5717586
0.12328415 0.4631125 0.56599593
0.1127802 0.4765085 0.53540176
0.15300962 0.4355052 0.57514983
0.14045013 0.5731368 0.28428006
0.066035464 0.5901192 0.2945828
0.05375033 0.48824093 0.34042922
0.055195466 0.46237388 0.35954127
0.13286604 0.78769773 0.33845085
0.11014907 0.5664792 0.31426147
0.06143328 0.5931055 0.31161928
0.043107282 0.047210746 0.53520405
0.09395282 0.12883401 0.5936228
0.39707452 0.20771742 0.5961165
0.064678356 0.09819259 0.53671145
0.88191694 0.39918113 0.6027107
0.87549293 0.37768534 0.64282876
