0.07664624 0.5268096 0.4719388
0.052065726 0.3977467 0.48434395
0.18184507 0.5661704 0.4704011
0.08962328 0.49282002 0.45253155
0.08512514 0.4880124 0.45413557
0.0012839623 -0.025852382 0.5536095
0.1726951 0.06340604 0.4839737
0.29739594 0.08218236 0.7847734
-0.012368564 -0.018902123 0.6370092
-0.026991386 -0.030717425 0.6429588
-0.015692424 0.5844636 0.22320306
0.051986147 0.20554462 0.29511395
0.10239473 0.22287524 0.29169953
0.009409774 0.81350785 0.26915368
0.10691996 0.3929395 0.33530164
0.03369707 0.65872157 0.49454266
0.06142585 0.5393009 0.5526188
0.06503642 0.380168 0.4835338
0.10602301 0.07108208 0.5410365
0.123905376 0.03445232 0.57352877
0.055085003 0.039221074 0.60036236
-0.05865747 -0.079854704 0.52480775
-0.027887512 0.024439584 0.66557854
0.76129365 0.3331207 0.5147202
0.98882306 0.4169904 0.5674629
0.9746264 0.36733794 0.55186915
0.7161962 0.37480807 0.77840656
0.7780665 0.35813674 0.5546147
0.4891008 0.26054358 0.7593196
0.8708636 0.39919418 0.75733036
0.13775346 0.42974925 0.54253584
0.24341208 0.5183706 0.28969204
0.20055923 0.53711516 0.31384495
0.1652795 0.6472666 0.29600507
0.26779154 0.36101955 0.36911023
0.79021764 0.44521487 0.41568512
0.014027905 0.42306736 0.59306324
0.10328249 0.39377028 0.59912956
0.22579738 0.53378105 0.4419611
0.18981528 0.5270111 0.4356089
0.21347862 0.45135543 0.57102555
0.19101363 0.5140797 0.5796012
0.07737227 0.8565606 0.44977906
0.08953808 0.7647644 0.4658817
0.8038554 0.8276647 0.34481633
0.41389233 0.73227024 0.3589667
0.6128355 0.7512467 0.31646663
0.6019602 0.7229153 0.23599005
0.7656802 0.827628 0.34806883
0.74431694 0.8054708 0.22764608
0.004313197 0.04318407 0.52781636
0.0058120154 0.044056825 0.6238389
0.07423227 0.07475238 0.5294284
0.03134913 0.03064049 0.5587126
0.5045756 0.22133401 0.5151876
0.00657383 0.06829545 0.54857844
0.066373765 0.048195973 0.554679
0.09210257 0.83281493 0.22627747
0.079489246 0.7644457 0.21279836
0.12807041 0.7829232 0.2219598
0.15669313 0.7454653 0.19391966
0.13625297 0.8737303 0.17223279
0.68576753 0.44838822 0.6905981
0.71336734 0.51199484 0.7303471
0.93835247 0.5867267 0.7111923
0.7474522 0.5600691 0.7026573
0.7347618 0.5653252 0.6489504
0.8274797 0.6970048 0.7243163
0.3723792 0.18749449 0.4648664
0.30469912 0.22020966 0.55367535
0.04938785 0.2713953 0.29144737
0.52552706 0.40775293 0.35473275
0.37509474 0.43232864 0.4138924
0.26676163 0.34260005 0.3168707
0.29014692 0.4085711 0.2995783
0.20374772 0.53520745 0.6839882
0.19781317 0.58694965 0.59987193
0.31896713 0.48675776 0.6572775
0.60302234 0.64034 0.60796267
0.6025638 0.67867815 0.63227755
0.8524394 0.6164526 0.5321786
0.43979174 0.5619707 0.5187104
0.167286 0.48058057 0.5088082
0.06222393 0.45947316 0.4839438
0.25192434 0.49440497 0.28514513
0.23388621 0.49493033 0.33730516
0.2757423 0.5366284 0.3268068
0.153197 0.46809632 0.2837183
0.6702118 0.72063947 0.18979853
0.7943622 0.7804978 0.17100462
0.76171166 0.86484146 0.13493991
0.3762165 0.67159957 0.48230457
0.3284194 0.54235595 0.5337719
0.23336738 0.07794947 0.6586566
0.22458532 0.07571017 0.6229699
0.21464713 0.03393458 0.5796723
0.20718336 0.059470743 0.61267483
-0.009203117 0.0051816627 0.7899756
0.051553044 0.054121986 0.7265008
0.9983556 0.39101234 0.6607369
0.31239873 0.10830418 0.3901682
0.68788695 0.2782265 0.56287086
0.10354328 0.19097273 0.60409576
1.0722679 0.41404772 0.6190651
1.0422621 0.3910601 0.61846846
1.1740142 0.52482724 0.6081838
0.90676063 0.3894923 0.72055024
1.0736505 0.47862086 0.57276016
0.042733215 0.7070225 0.21358368
0.07901738 0.74944705 0.24757871
0.072377264 0.9401452 0.18251196
0.08704406 0.57974714 0.21048495
0.041151557 0.2830462 0.3897049
0.16273722 0.41161716 0.28479332
0.48218128 0.46710402 0.53240174
0.7926669 0.5814209 0.5294894
0.59838164 0.59735864 0.51401055
0.5969683 0.6110526 0.51608825
0.734378 0.5548977 0.6402888
0.88022906 0.5228028 0.548205
0.20855951 0.29194573 0.61345166
0.6573615 0.28193825 0.46914107
0.0062326863 0.023399688 0.48405612
0.028336499 -0.008759446 0.4409126
0.2553774 0.09023279 0.49779302
0.50627214 0.2252532 0.47267935
0.36021152 0.1376566 0.47456676
0.37077013 0.181369 0.51032746
0.9687401 0.40174058 0.43834838
0.08439326 0.0706152 0.58390725
0.026055563 0.2959454 0.27736264
0.10848907 0.3804813 0.23818538
0.9502442 0.49125746 0.28571525
0.43195635 0.34747565 0.27261075
0.38624942 0.44957238 0.1839717
0.35326293 0.38299412 0.24008557
0.03405637 0.5630742 0.21553907
0.59898674 0.18513444 0.35285228
-0.02963331 0.37958354 0.2077775
0.031958073 0.3032851 0.24609438
0.3370679 0.19504476 0.47688097
0.08215411 0.23698246 0.6280881
0.06670054 0.27175158 0.6370325
0.056236506 0.26776284 0.5381707
-0.051397357 -0.04952185 0.37123588
-0.25673622 -0.21290392 0.32599014
-0.0019395687 -0.07957894 0.34159157
0.14549808 0.029178277 0.38914585
-0.03755081 -0.039595984 0.5652008
-0.077261925 -0.045618482 0.33175778
0.37979978 0.14573109 0.41267657
0.11200081 0.062163986 0.4813584
0.5692511 0.16904432 0.5801131
-0.1744451 -0.10841278 0.41948164
0.124742806 0.46756485 0.62712395
0.015726425 0.62248456 0.6056505
0.2640996 0.4389354 0.6600111
0.101204425 0.5117038 0.5970376
0.08775031 0.523876 0.66307753
0.18074448 0.47970742 0.63003886
0.1985252 0.561186 0.65361565
0.1249236 0.490228 0.5895852
0.35381475 0.50030655 0.6120687
0.78581274 0.46778974 0.6403213
0.4235689 0.46354872 0.65758044
0.36016375 0.46506608 0.61245835
0.4730323 0.6001166 0.60492474
0.05416997 1.0720273 0.48998815
0.5149748 0.5893332 0.7431174
0.046082985 1.0016415 0.28194085
0.17498502 0.44118345 0.70942897
0.091199145 0.40629262 0.6805524
0.049824603 0.4223555 0.68998843
0.14219223 0.45018235 0.59688634
0.3341803 0.5339855 0.5222738
0.035896175 0.39956376 0.6350276
0.0921791 0.30487338 0.5972118
0.14506981 0.3620991 0.61963785
0.6920656 0.49351868 0.6004414
0.22186148 0.53161174 0.4303384
0.29738072 0.39789587 0.335261
0.3399935 0.4729097 0.549068
0.27335462 0.44554526 0.5022326
0.14336567 0.2961509 0.42441648
0.99605906 0.39327818 0.5048778
1.0311289 0.4338228 0.46839297
0.9395164 0.38193187 0.43112946
1.0027497 0.38097662 0.5067833
0.9511992 0.37353858 0.4906891
0.976061 0.38026232 0.44961172
0.94855034 0.36485428 0.5395803
0.57884073 0.0087488815 0.64244133
0.9657009 0.42253923 0.45444578
-0.005777236 0.55519307 0.8159066
-0.011980619 0.82710266 0.8072356
0.008054245 0.8210279 0.7808953
0.09631875 0.38960266 0.80241436
0.012784552 0.8795175 0.813529
0.028284397 0.5973695 0.7548267
-0.0033533014 0.29369834 0.78682774
0.031476073 0.5710567 0.81932205
0.9397113 0.40332258 0.6757876
0.9366729 0.38819444 0.6129045
0.69508326 0.2603836 0.5719841
0.8574251 0.3110391 0.6255455
0.89103025 0.33589762 0.58248675
0.74179256 0.31067014 0.5875029
0.22563171 0.4719758 0.6922991
0.17216441 0.45146933 0.69717795
0.10411878 0.519972 0.39358905
1.0000036 0.68185514 0.36433446
0.49913603 0.63981044 0.40530214
-0.012159143 0.55919605 0.29720196
1.2041124 0.68724614 0.38857123
0.18648243 0.57529396 0.22150919
0.12149982 0.26015875 0.3864672
0.0425833 0.31281608 0.4090165
-0.06875524 0.33067766 0.45140988
0.056562368 0.3642195 0.39677083
0.037939377 0.3954252 0.40352935
0.019136567 0.41966864 0.3937093
-0.008458678 0.32355544 0.4712761
0.0676307 0.37316766 0.49140936
0.074759506 0.48558795 0.41122177
1.2544599 0.628109 0.50650114
0.031359434 0.34939563 0.51614976
-0.0011135153 0.28750315 0.54195726
-0.0028405674 0.6100564 0.49725536
0.10166705 0.75496674 0.613918
0.03536677 1.1202711 0.46249565
0.074935794 0.35176152 0.52069116
0.054733522 0.36438143 0.5030299
0.113577664 0.7257996 0.5776725
0.16756998 0.5139376 0.6465507
0.22350058 0.63521695 0.41056803
0.13376102 0.67412114 0.29383478
0.053912662 0.5069849 0.25741288
0.0005917065 0.40372157 0.23443758
-0.0032439418 0.44062626 0.259082
0.0064640082 0.43798965 0.25324008
1.7940913 0.8658234 1.6681124
0.10399981 0.4541877 0.4804052
0.32426018 0.64127564 0.20415589
0.13601407 0.61571425 0.19868428
0.098175645 0.5712145 0.19618417
0.09969111 0.4974242 0.232117
0.012967449 0.4388367 0.10720966
0.0691898 0.6676294 0.1172163
0.04686835 0.44154122 0.121001884
0.14381431 0.52914435 0.13461746
0.15467954 0.5140556 0.12942696
0.6183659 0.24518365 0.49260765
0.6687903 0.21967816 0.45007637
0.48371136 0.14364266 0.37465382
0.027138729 0.4988342 0.4810403
-0.034495402 0.4727686 0.48177096
0.048995297 0.4427094 0.49386203
0.085614696 0.45412815 0.5167586
0.042006973 0.5181708 0.53555125
0.053030163 0.59725904 0.5545961
0.39119667 0.20529893 0.72764474
-0.017301563 0.33350587 0.8620711
0.5035531 0.18649343 0.8629332
0.69479096 0.3561738 0.25075045
0.8253439 0.38815808 0.3147495
0.4322952 0.3128891 0.29097068
0.17973703 0.36128643 0.30697218
0.09516085 0.31959027 0.28759098
0.12364487 0.36974156 0.26899037
0.071461126 0.5281141 0.35692292
0.12652127 0.5699434 0.31857327
0.06609892 0.58625615 0.36432928
0.18035626 0.6022797 0.3627067
0.14208382 0.5512005 0.37428546
0.1917482 0.6286352 0.33644375
0.18206221 0.529415 0.5613534
0.13513996 0.5667187 0.5228892
0.05734111 0.5534612 0.32832143
0.08284135 0.5995443 0.374874
0.044592466 0.48485717 0.38361755
0.19342269 0.26100287 0.5647139
-0.02726144 -0.008806117 0.5778264
-0.06969316 -0.025638111 0.5608721
-0.02617282 -0.055917077 0.55452657
0.029793981 -0.015625142 0.6042357
0.045699123 -0.008347735 0.6680546
-0.12857974 -0.0315912 0.7941742
-0.030383486 -0.0880722 0.48341244
-0.026550602 0.44325215 0.13074829
0.0014856458 0.44775572 0.15129583
0.016060289 0.40875763 0.1763303
0.0067988373 0.46141052 0.16813949
-0.00410315 0.47062185 0.16958596
0.03448425 0.38091898 0.56960195
0.10470745 0.4293553 0.6294561
0.097600505 0.4326597 0.6097601
0.061687693 0.42635345 0.60283095
0.0861814 0.43453854 0.5826062
0.13599284 0.42752713 0.58143246
0.069401756 0.57135487 0.34744352
0.07821913 0.6068998 0.29458573
0.04735202 0.48078847 0.35829633
0.04392641 0.41847837 0.34510866
0.13938344 0.6698601 0.37814072
0.039041527 0.51636285 0.355103
0.05382172 0.5359341 0.3526802
0.27134937 0.11457068 0.57593495
0.43076056 0.21581411 0.5819757
0.453169 0.20050499 0.5992076
0.17767823 0.12576857 0.5716535
0.98257893 0.41824698 0.6118996
0.9442958 0.3488858 0.6805932
0.044223387 -0.09647945 0.46770528
0.09457487 -0.09979213 0.4913693
0.19028006 -0.016879074 0.5115534
