0.08010012 0.5449191 0.4380148
0.1106949 0.44887537 0.45837182
0.22786362 0.5397845 0.5040438
0.08755151 0.495618 0.45809144
0.11928728 0.45655763 0.4818521
0.12624197 0.057560153 0.68258077
0.189513 0.07266013 0.4959929
0.101034984 0.044683225 0.6327351
0.022730254 -0.0013845041 0.6221857
-0.06819679 -0.051667027 0.6089873
-0.010090217 0.63321275 0.19936363
0.0028028786 0.33853024 0.29092014
0.10420698 0.2879588 0.24842602
-0.027721532 0.7945235 0.2787295
-0.03956843 0.42287832 0.31558615
0.040306363 0.7739504 0.51246965
0.115302846 0.52331245 0.54950833
0.082659274 0.39983875 0.48752463
0.10524778 0.037660345 0.57969993
0.84869236 0.31265473 0.63798165
0.14964232 0.072485775 0.54342353
0.1381641 0.0099602565 0.6715459
0.055593565 0.067824975 0.60438544
0.60785997 0.23379211 0.51960623
0.7654489 0.36275882 0.60771126
0.94168895 0.35235322 0.54681474
0.8122247 0.43622196 0.8227699
0.79517275 0.38185865 0.6149712
0.46347642 0.2947987 0.8245247
0.82766867 0.3693295 0.73601556
0.27072573 0.45151955 0.60644543
0.22071789 0.5278888 0.2992346
0.19394231 0.53262645 0.30577058
0.15539667 0.6992208 0.27637237
0.71689206 0.51113814 0.41778284
0.7523667 0.5524469 0.43745267
0.022431314 0.4708994 0.57392806
0.041441806 0.44417125 0.56339043
0.18575577 0.5328311 0.45627737
0.17364019 0.5257752 0.45027566
0.18582317 0.46386802 0.58399653
0.1678302 0.57758206 0.5561959
0.11609941 0.8126962 0.50991344
0.07665667 0.7788121 0.43950593
0.82072514 0.84231496 0.34707725
0.42919272 0.7449793 0.3669948
0.62989926 0.72154987 0.3089946
0.63135284 0.7161025 0.27987003
0.7910289 0.8293153 0.28426793
0.7292586 0.7893828 0.27228487
-0.006815061 0.01247086 0.5645779
0.35340303 0.15022978 0.57128817
0.057228383 0.08377879 0.47057033
0.051249854 0.027566593 0.5667554
0.5808289 0.21890055 0.58014405
0.15128534 0.15363248 0.54446256
0.023618836 0.043709733 0.53304523
0.072829895 0.8220545 0.2134802
0.07834078 0.7418971 0.21931164
0.13948044 0.72700346 0.23949595
0.15186803 0.7329512 0.20771599
0.1476035 0.81912243 0.19106558
0.70031536 0.46080458 0.701096
0.70336 0.50804615 0.74506605
0.9190528 0.55488324 0.6921631
0.7133954 0.5432393 0.71219873
0.72678053 0.55697465 0.65741634
0.78151524 0.7055894 0.77313274
0.3689137 0.20800166 0.4982788
0.33322424 0.23573391 0.5712339
0.05360072 0.29640597 0.28177154
0.3981254 0.35848862 0.378601
0.41034144 0.44612336 0.4339832
0.28629166 0.38486373 0.31455186
0.34688538 0.3692634 0.32467014
0.24715814 0.5806737 0.6821152
0.28116545 0.56219214 0.6124328
0.2876528 0.494636 0.6560119
0.61518085 0.6507977 0.57013005
0.61489016 0.697176 0.6351476
0.63666004 0.62394345 0.52291703
0.45257783 0.5650662 0.53356385
0.1768831 0.5265596 0.49597788
0.13404198 0.4961517 0.47303444
0.32081068 0.48271632 0.2990243
0.3167423 0.5048102 0.31443584
0.3595994 0.53984183 0.32234812
0.7286333 0.7107811 0.1951569
0.5821015 0.70419425 0.23618127
0.77701896 0.7886578 0.20488605
0.86710733 0.9288755 0.17224078
0.40263802 0.68180835 0.49408412
0.36369705 0.64628166 0.51780677
0.22324479 0.08922914 0.5996596
0.23748243 0.1021844 0.6237864
0.2600726 0.08356443 0.5424115
0.23353867 0.07961799 0.74229354
0.049482822 0.043854453 0.8240629
0.6091861 0.24318102 0.6833318
1.026944 0.42392606 0.7204736
0.43117815 0.06891091 0.48830885
0.20200723 0.039220367 0.61890197
0.73944396 0.3400144 0.5663658
1.0044649 0.39302146 0.63987774
0.9654642 0.36369753 0.60338897
0.5985973 0.44299042 0.55316967
0.6660099 0.27687606 0.69663674
0.89503765 0.3886491 0.59701174
0.06323452 0.6198388 0.24730279
0.07763087 0.7677237 0.26041514
0.10423063 0.91412234 0.1806678
0.093923844 0.63012016 0.19929118
0.56672853 0.5503316 0.3240323
0.1445431 0.4967422 0.19927916
0.5401031 0.5602262 0.54004055
0.5716107 0.55879456 0.51932293
0.6188646 0.6014894 0.5236905
0.60097927 0.61595047 0.5302311
0.686644 0.5170997 0.5979355
0.753401 0.4408118 0.6150882
0.16953875 0.24334525 0.529569
0.4373178 0.14822784 0.5047159
-0.04642348 -0.03475573 0.4410259
0.09182747 -0.043265894 0.43172562
0.2622202 0.11487976 0.46571964
0.2773872 0.08423261 0.4897036
0.10909861 0.031174 0.47388142
-0.0025815219 0.005732581 0.5737776
0.8971426 0.36378056 0.4635427
0.86313826 0.30862874 0.5644733
0.110672005 0.4070676 0.24295002
0.29956472 0.500146 0.1722866
1.0570884 0.52753305 0.25488538
0.7668946 0.44698715 0.23976532
0.69434863 0.5492772 0.14589626
0.676377 0.45405334 0.18057473
-0.0023415461 0.59642065 0.23553266
0.68095666 0.32335484 0.21116066
0.20969783 0.5753157 0.15089723
0.08017762 0.4273867 0.2240852
0.4172151 0.232189 0.43428963
-0.0021647513 0.29732937 0.6150717
0.008936923 0.30124485 0.55428267
0.06348399 0.28466982 0.5332286
0.13097502 0.032619406 0.59428966
0.052220717 -0.029909238 0.4208284
0.0028603375 -0.012672767 0.44406533
0.10276449 0.009750254 0.55487263
-0.002515018 -0.0011503845 0.67454845
0.07894052 -0.00571315 0.5534033
0.4395644 0.18882939 0.62257415
0.18543074 0.07343363 0.5310079
0.13154851 0.05494179 0.5150755
-0.20830555 -0.111452535 0.50767857
0.13693519 0.46498764 0.64661986
0.026609622 0.77259696 0.60232
0.2810593 0.44889855 0.66958153
0.11249308 0.47731632 0.63848823
0.1582449 0.4974031 0.66285515
0.18069574 0.47764874 0.6514553
0.26689494 0.5207258 0.5512315
0.21186315 0.48342305 0.55317247
0.43926197 0.5330432 0.62272716
0.7579508 0.50131273 0.6347744
0.35846394 0.5092822 0.6449978
0.30260426 0.47964257 0.636079
0.48244923 0.6498644 0.5882324
0.049548764 1.1278281 0.46345425
0.46341646 0.6110605 0.7285298
0.09582999 0.9014033 0.30039066
0.1963291 0.46881473 0.81292886
0.14009988 0.49697882 0.626897
0.124541536 0.47897083 0.68478566
0.11817233 0.40061682 0.54018086
0.4123901 0.5235956 0.5156443
0.0022642165 0.5070364 0.56965435
0.07584602 0.35497397 0.6226202
0.0941139 0.39570832 0.6217062
0.6541375 0.49356782 0.56907123
0.19053449 0.50308657 0.32604235
0.55776054 0.56652254 0.2396749
0.422727 0.47977203 0.54563445
0.27494246 0.46762985 0.5208154
0.128391 0.33403373 0.39801478
0.9806999 0.39093274 0.5046477
1.0558767 0.4145189 0.4849105
1.0015061 0.39533597 0.4328667
0.97193706 0.363083 0.5145997
0.99199086 0.39123613 0.49097914
0.9665366 0.37143815 0.44994622
0.99634427 0.40136486 0.5117223
0.92450935 0.16550256 0.6176123
1.1311629 0.49155873 0.34676874
0.021515895 0.4596637 0.8389018
0.032802038 0.76830685 0.80149025
0.058092453 0.65455306 0.8360094
0.15393949 0.38756877 0.8183412
0.08079764 0.7157849 0.8262536
0.05523285 0.4444536 0.83176297
0.020089936 0.32217103 0.8371257
0.11748255 0.5493705 0.90014696
0.9798742 0.4164474 0.75430167
0.8699148 0.36643177 0.6003815
0.10610221 0.0277628 0.5445672
0.8206898 0.30653137 0.6046299
0.8893586 0.366925 0.55090165
0.80150086 0.32323456 0.51250815
0.23916183 0.50128424 0.6854459
0.17299786 0.44895923 0.6813944
0.26178807 0.6348841 0.26590383
0.7698634 0.64222604 0.16231167
0.6196866 0.6483299 0.24091774
0.5590612 0.8383236 0.16772951
0.9773902 0.72258276 0.16392586
0.4019704 0.6015656 0.13346745
0.057021342 0.28748655 0.4355597
0.06589784 0.36604422 0.42989266
0.03051114 0.37532318 0.48129135
0.18850873 0.423805 0.43387878
1.4901161e-08 0.55720705 0.3777039
0.015569743 0.40169257 0.4026742
0.004613504 0.38635427 0.44322312
0.110341474 0.43547505 0.45383334
0.28401488 0.5784104 0.32894003
0.47973496 0.42684686 0.41780996
0.013779331 0.42386955 0.49471605
0.0057034865 0.31122017 0.52912414
-0.019065179 0.7430369 0.4747072
0.052888907 0.96868557 0.54444176
0.062028557 1.117088 0.48602134
0.17928346 0.42541724 0.547487
0.14651753 0.41025054 0.5137626
0.16771184 0.6398901 0.6375287
0.16566509 0.50050914 0.70880276
0.23011768 0.6787152 0.40128362
0.13641715 0.69855344 0.29398882
0.115375444 0.52449024 0.25801432
0.056270637 0.48386407 0.23977543
0.038613386 0.4911582 0.23016104
0.010885462 0.4686287 0.23965652
0.94233984 0.65025175 0.9364931
0.18435684 0.45616865 0.44024026
0.30158937 0.64003205 0.19535239
0.18504712 0.61093634 0.21323214
0.15378848 0.5989704 0.17644261
0.09097849 0.5310047 0.25127554
0.023718119 0.51170295 0.028981004
0.08621992 0.7303059 0.12646823
0.18475433 0.38880938 0.15491664
0.13587022 0.5234518 0.1323376
0.15141693 0.5344026 0.1293776
0.34297383 0.07512857 0.5627205
0.73727304 0.20088302 0.43278164
1.0337797 0.23170395 0.25305355
0.084677815 0.5613867 0.45158887
0.07126362 0.5223648 0.4606288
0.1256895 0.44344854 0.4786409
0.1288455 0.44572818 0.471479
0.120049454 0.5028079 0.50763565
0.15604638 0.5649174 0.48838526
0.48827672 0.25032115 0.7504024
-0.028438091 0.34288228 0.91897386
0.38046342 0.17866735 0.83175844
1.0948262 0.49935037 0.26018104
0.9955248 0.4674772 0.25975382
0.9038316 0.50254434 0.22200683
0.1592192 0.36246496 0.30668092
0.035930913 0.34391958 0.28362152
0.068517655 0.37911975 0.2522564
0.14618081 0.50994873 0.36763263
0.20315126 0.6094861 0.34358215
0.19764498 0.57805216 0.34840077
0.19366604 0.6283109 0.37134343
0.13551562 0.5720988 0.3244924
0.21919161 0.6558379 0.33366156
0.18567017 0.5420215 0.52795464
0.17025876 0.5085501 0.5570898
0.0983845 0.56613714 0.33562005
0.2782038 0.6469661 0.33111227
0.07121355 0.5451539 0.36535507
0.3580665 0.27611127 0.60940045
-0.015637532 -0.027452193 0.56353873
-0.0052449405 -0.023681074 0.60211414
0.14459501 0.024219155 0.62095666
0.14688212 0.042687524 0.5741897
0.14090192 0.049273197 0.67602915
0.025128018 0.01679938 0.75407284
0.04246168 -0.056890704 0.48242354
0.048021056 0.49525738 0.12441735
0.015807606 0.46099776 0.17270927
0.0640922 0.41500914 0.18239142
0.02710563 0.46862483 0.18401417
0.027202137 0.47303045 0.1772112
0.049422048 0.37021106 0.5424445
0.099119805 0.41768748 0.60274136
0.10550709 0.42324334 0.60225147
0.07403463 0.40613312 0.5788134
0.09066175 0.43441975 0.5397117
0.12992576 0.4465459 0.55513495
0.15104192 0.5430093 0.28888613
0.08086184 0.614069 0.29991782
0.10480137 0.48539788 0.33499652
0.09430204 0.45553827 0.34298325
0.17182785 0.6988753 0.36938643
0.16309217 0.5496995 0.32729313
0.11063492 0.5150595 0.35078502
0.37724334 0.17093974 0.5768467
0.64091384 0.3056929 0.5935373
0.5115062 0.23388268 0.62859017
0.21012647 0.15096724 0.5505435
0.8648421 0.42096037 0.6418275
0.76340216 0.34386778 0.67022085
0.13367073 -0.09672926 0.46881306
0.1535996 -0.104181364 0.5312834
0.19185825 -0.03751345 0.53398657
