0.07286477 0.5815724 0.44505724
0.07777334 0.37722898 0.5246188
0.16840845 0.5565889 0.5026548
0.10987677 0.49130523 0.46102574
0.11872542 0.48289055 0.4687788
-0.00071072206 -0.028639652 0.565776
0.050022125 -0.040433593 0.5397635
0.22960694 0.0882993 0.6938341
0.006181892 -0.026702374 0.5584037
-0.016859457 -0.033132397 0.63316077
-0.018948063 0.6275933 0.21992457
-0.028787486 0.28004235 0.26647532
0.06613783 0.18450567 0.31098226
-0.06960668 0.8425799 0.25246343
-0.016460806 0.40155122 0.2461175
0.0008761287 0.6164998 0.5201779
0.16060165 0.55160373 0.54893833
0.065669954 0.39398706 0.4995317
0.04219153 0.040221896 0.5575931
0.88297856 0.3199796 0.59186953
0.03644672 0.0014224052 0.5341936
0.01717684 -0.06946338 0.59444326
-0.006956473 0.005961422 0.71046704
0.7218127 0.31637248 0.46240717
1.0330448 0.45161083 0.6106363
1.1630299 0.44890982 0.5095506
0.7061597 0.36582482 0.784308
0.70261973 0.30447757 0.55113786
0.55224645 0.33007848 0.7723811
0.8230352 0.40905613 0.6712468
0.14790621 0.39071342 0.6365188
0.22854663 0.51228327 0.29657462
0.2029884 0.53667736 0.3178931
0.14768545 0.6705719 0.27274
0.077524886 0.30588052 0.43313587
0.23105605 0.28768036 0.3868429
0.021725912 0.49940914 0.56340677
0.06774788 0.4494147 0.53303254
0.1733419 0.4772005 0.46980405
0.1796431 0.49043226 0.484138
0.16872579 0.41414994 0.5984943
0.19213258 0.5312361 0.55114055
0.09569199 0.83040404 0.4662095
0.09136054 0.737515 0.45662338
0.8314556 0.8058219 0.34426385
0.36640882 0.7690549 0.38769925
0.63414276 0.77898484 0.31720176
0.5852427 0.68616974 0.27764884
0.8722058 0.8486395 0.3011398
0.76501757 0.7233964 0.29703528
0.0040427037 0.0048365444 0.54068327
-0.031131811 0.016802937 0.6486728
0.02968764 0.018663697 0.632124
0.0077570677 -0.0047361776 0.60392344
0.31008387 0.09715173 0.57170486
0.1434923 0.06868556 0.6173169
-0.0113362 0.034855552 0.5643576
0.07501602 0.82931525 0.21035114
0.0827412 0.7152084 0.18345526
0.11535727 0.75114906 0.20287943
0.18857944 0.65360457 0.1733261
0.14689621 0.83022445 0.16409484
0.6589517 0.43279505 0.6314065
0.6865099 0.50210774 0.70193285
0.8591947 0.55778295 0.67412394
0.7099065 0.5486979 0.6687146
0.7430702 0.56825864 0.6489258
0.78205997 0.67912364 0.7691708
0.3708678 0.17261511 0.4305759
0.3787219 0.27380633 0.5229319
0.058410663 0.2263754 0.31727415
0.4507512 0.39532956 0.35285422
0.34431654 0.37575394 0.42522508
0.2979254 0.36842626 0.28706443
0.33817518 0.37938738 0.29300204
0.25371322 0.55866385 0.68411964
0.19355284 0.60480696 0.5916362
0.24092633 0.4687657 0.6816227
0.6291116 0.59416854 0.61902934
0.65857077 0.6695563 0.64179474
0.45972306 0.4846796 0.53439236
0.44267315 0.56337905 0.5269684
0.17089036 0.48607087 0.53223944
0.13032103 0.48463476 0.5471957
0.24501099 0.47124773 0.29259443
0.22860058 0.46002853 0.33572045
0.26697934 0.47887203 0.33393824
0.13960779 0.54033816 0.17940727
0.5991907 0.7168846 0.21790963
0.7720586 0.77227944 0.1942485
0.9271273 0.8334003 0.16393203
0.3373888 0.6414698 0.50995266
0.26572508 0.5262631 0.52498204
0.07720717 -0.027533658 0.63797444
0.05932323 0.019005649 0.5393565
0.19186592 0.013111863 0.4113192
0.21594834 0.03716511 0.4450587
-0.0443891 -0.036558844 0.7739961
0.025738865 0.084752485 0.82227975
0.7692098 0.34674546 0.51358765
0.63608986 0.17790985 0.35880184
0.30326343 0.18213093 0.5137669
0.03852634 0.108735666 0.6560683
1.1159253 0.44270915 0.6166665
1.1454744 0.44062072 0.5318053
0.20716216 0.26844397 0.5916937
0.72259355 0.26808617 0.73939914
0.9489942 0.41147923 0.41988307
0.07892337 0.61006826 0.26563168
0.09487109 0.7030527 0.2624492
0.08678287 0.8931426 0.19762489
0.09571813 0.56968427 0.18291754
0.11474039 0.4923729 0.21147564
0.08488799 0.42194313 0.23970598
0.4809547 0.49106687 0.54302967
0.48690355 0.5007447 0.4910887
0.5941976 0.5943681 0.5206876
0.6061102 0.6127111 0.5138716
0.6898842 0.51768166 0.5531232
0.9845727 0.55341333 0.5562519
0.44090664 0.38044155 0.53787696
0.7141364 0.25683102 0.48508462
0.39850342 0.120692894 0.4490565
0.7240617 0.21444002 0.34313384
0.23979755 0.07989755 0.5141734
0.6584205 0.22633675 0.476115
0.32573098 0.11716997 0.4546981
0.41509163 0.17164052 0.5652811
1.033986 0.40323454 0.4901018
0.56418055 0.20047083 0.6367087
0.004112214 0.35310808 0.16738641
0.06300191 0.34621665 0.17230311
0.27634352 0.23409805 0.13258341
0.11149047 0.2779018 0.18729548
0.08155514 0.31128842 0.1285528
0.08938139 0.24786499 0.14496213
-0.00030979142 0.6503949 0.22915643
0.7350128 0.30034292 -0.011066273
0.012724422 0.44244158 0.18976021
0.052501667 0.3117496 0.21010824
0.38131493 0.18150133 0.33817244
0.05620138 0.250851 0.6237467
0.012018979 0.24883619 0.68299043
0.05777305 0.27455765 0.5485526
0.011495233 -0.018950365 0.38136557
0.13719463 0.024383962 0.1935744
-0.08633202 -0.07875631 0.24743468
0.15652409 0.063672796 0.31405205
0.072065964 -0.0183286 0.566064
-0.048509434 -0.034647934 0.35771358
0.13083649 0.05887821 0.45588434
0.10095881 -0.032285072 0.58746403
0.45507187 0.20401481 0.42303857
-0.11403625 -0.0972923 0.3962933
0.15697467 0.48924315 0.61468613
0.021921612 0.7717496 0.57969457
0.25147736 0.43792003 0.67956525
0.14099008 0.4898105 0.6696256
0.1632924 0.53143626 0.64143306
0.19552739 0.5224556 0.6076727
0.24950124 0.6189109 0.5936954
0.17946565 0.55413383 0.6111638
0.37297183 0.455204 0.6412491
1.0202998 0.5120596 0.6834986
0.27420938 0.45439953 0.68771106
0.2896778 0.46119204 0.63470596
0.45741767 0.59246975 0.5810546
0.024012119 1.1070825 0.48314312
0.475361 0.5690023 0.73869735
0.06055895 1.0368377 0.3257923
0.15913847 0.4984809 0.77839893
0.083168134 0.5192155 0.6377222
0.091731116 0.5767642 0.67383593
0.059860162 0.44747132 0.6006723
0.19724688 0.5162197 0.5628595
0.048562504 0.4711449 0.5854899
0.10127533 0.32409632 0.6808564
0.0673805 0.32684588 0.6338045
0.8725318 0.51628727 0.59703
0.011659175 0.64136964 0.31905073
0.15433401 0.28993183 0.310429
0.39012253 0.46574426 0.54162544
0.22658299 0.43271133 0.5330187
0.14375377 0.28153962 0.4594127
1.1500862 0.4554033 0.52826774
1.0187845 0.42736316 0.47319224
1.0734055 0.4203521 0.47783685
1.2525986 0.4590063 0.55350906
1.1891003 0.4506622 0.51740277
1.130935 0.4355473 0.46956646
1.1624502 0.45438743 0.53730786
1.3891895 0.39533287 0.4742012
1.3084488 0.5163663 0.51423407
0.018297214 0.44171214 0.84927666
0.03197778 0.7782333 0.8024903
0.06365049 0.6172893 0.816246
0.16444759 0.42911392 0.82134205
0.07562802 0.79942703 0.8121757
0.061078265 0.60354733 0.7589307
-0.066062294 0.25496912 0.9430861
0.06713469 0.5188541 0.85534304
0.98260623 0.37222144 0.6522504
0.43295157 0.21767128 0.52197015
0.8114778 0.30571675 0.5110535
0.925162 0.3550635 0.6191872
1.0308433 0.39997494 0.6759644
0.80044055 0.3274075 0.538499
0.22982587 0.4597051 0.70124155
0.18672547 0.41727507 0.6805256
0.11514941 0.4328778 0.39287096
0.75787467 0.42314345 0.3831008
0.12874457 0.42092317 0.4514236
-0.07984497 0.28012118 0.2414555
0.8864904 0.45670363 0.26258877
-0.25693733 0.1603638 0.1663559
0.11665513 0.289467 0.37602434
0.0659813 0.34376797 0.4060522
-0.020437017 0.39176133 0.47452
0.023548964 0.34279466 0.35699585
0.045140333 0.43137723 0.4051159
-0.0031379312 0.42238283 0.39066327
-0.02591233 0.27469984 0.47424936
0.13051608 0.39648473 0.526926
0.07708801 0.6831834 0.31739846
0.7274203 0.4421178 0.4664424
0.0009108931 0.39644036 0.453579
0.019879434 0.28896165 0.5309718
-0.020425335 0.70269203 0.4537155
0.11808295 0.7811978 0.5742825
0.029054813 1.1232904 0.5229
0.07587534 0.30800653 0.49987936
0.043588914 0.35180384 0.46109125
0.15983297 0.6586296 0.66613215
0.19987413 0.5155975 0.6689655
0.21239227 0.5943931 0.38198847
0.12479441 0.73410517 0.2793449
0.084853485 0.4912019 0.19527519
0.052103385 0.48256832 0.20896694
0.056623764 0.45129406 0.18237221
0.03259482 0.4608059 0.23996982
1.1585238 0.47303978 0.8022199
0.105395 0.5382416 0.41881526
0.33548927 0.63949496 0.20726101
0.1666813 0.6052904 0.19818366
0.17686355 0.5623713 0.17675215
0.13299243 0.47568905 0.16929886
0.050581597 0.44812202 0.1363713
0.08365215 0.68467015 0.11261791
0.07915937 0.3784181 0.107794166
0.15052857 0.49328834 0.14988044
0.1278806 0.49978703 0.15403888
0.6689202 0.22861335 0.5303471
1.0163791 0.33855522 0.4831524
0.38971788 0.0049445927 0.35934836
0.019526519 0.5867982 0.51564896
0.05051752 0.61866355 0.5198136
0.10083887 0.50018835 0.5265354
0.11041271 0.48249227 0.5205625
0.0762621 0.61173517 0.5542811
0.14540213 0.6463666 0.5527562
0.4038285 0.19686759 0.60795105
-0.047566906 0.31212765 0.9212746
0.5870573 0.20777369 0.83320457
0.19364774 0.24107918 0.12067132
0.31257766 0.25763613 0.11296944
0.17552708 0.29231867 0.15851516
0.14562856 0.37551343 0.30802462
0.083270594 0.2985061 0.27142248
0.108007565 0.37636173 0.2637495
0.12822902 0.55357873 0.41667458
0.19823028 0.5420301 0.36881942
0.1641576 0.6736878 0.3474096
0.20186028 0.5927017 0.4306888
0.10032447 0.64693385 0.26718143
0.21389781 0.6238368 0.35802174
0.19144785 0.5217488 0.5754465
0.16274741 0.5610967 0.5302564
0.08629375 0.56819224 0.31444567
0.14425017 0.7215172 0.28682864
0.07127352 0.5722452 0.31225395
0.11975229 0.23983255 0.55002606
0.019477949 -0.011045568 0.5644314
0.03695551 -0.03727167 0.5600975
-0.048671663 -0.058485605 0.40752465
-0.02262009 -0.07892234 0.6414079
0.019269478 0.004175715 0.64407605
-0.07362789 0.008368723 0.8596591
0.1941725 0.026298098 0.46005982
0.0328354 0.45487425 0.15921316
0.016786765 0.44728023 0.17113721
0.056357037 0.40399808 0.1945281
0.022512577 0.4778291 0.17740259
0.039090067 0.4242925 0.16373548
0.052418105 0.40568668 0.6015834
0.10164192 0.4215314 0.6158524
0.101811066 0.44644445 0.59668976
0.09050578 0.42164 0.5992502
0.08536656 0.41502655 0.5883795
0.108521834 0.41739088 0.58771753
0.09357839 0.5973388 0.22165595
0.09863536 0.5401672 0.3273816
0.06863406 0.491678 0.35065466
0.067373246 0.5011647 0.37332472
0.137768 0.69638324 0.3598001
0.07087017 0.6263032 0.3184823
0.070056714 0.6367817 0.31463292
0.20419188 0.09540558 0.58992404
0.457232 0.23690519 0.56244373
0.6584658 0.3120705 0.5999683
0.04363131 0.077103235 0.53730017
0.9370615 0.3810175 0.6004714
0.8599974 0.32087857 0.5871207
0.32637286 0.028247342 0.23754203
0.3024152 0.028178416 0.31808224
0.37046272 0.072208054 0.3253377
