0.07833701 0.62590015 0.43676093
0.19309348 0.42219836 0.47461364
0.20149261 0.5711708 0.5091893
0.120367125 0.48078287 0.4643499
0.13779086 0.46578306 0.4810465
0.10543175 0.006015569 0.6580379
0.2237497 0.056171507 0.58649534
0.18511346 0.0713565 0.65592295
0.08673017 0.0071217604 0.6390652
-0.06609097 -0.049573198 0.6407215
-0.015278019 0.55754405 0.22193772
-0.0008626729 0.30603284 0.2936198
0.043560304 0.26411498 0.28484154
-0.0035568476 0.8807753 0.25948167
0.08073375 0.25605482 0.38160405
0.04948724 0.5448168 0.55607074
0.18124714 0.5729906 0.55530864
0.06658696 0.36248976 0.50850916
0.024283297 0.026673578 0.5299147
0.49476483 0.23380286 0.59228486
0.16555068 0.068595484 0.5578912
0.19993918 0.061358374 0.680154
0.02128315 0.04685923 0.673811
0.6062813 0.22448902 0.5337038
0.9453329 0.41593385 0.67122185
0.9588425 0.35005146 0.5509384
0.114943594 0.22883984 0.84336764
0.8010633 0.33114618 0.6504814
0.42689863 0.29666418 0.7563964
0.84822524 0.4286343 0.72170705
0.14627358 0.37458205 0.6281931
0.26657993 0.5178066 0.31117195
0.19895773 0.5203298 0.2978437
0.18928336 0.62415934 0.2891307
0.59540737 0.32086372 0.4898407
0.9643005 0.45337898 0.44614235
0.047456134 0.5527725 0.5581666
0.07745734 0.41761327 0.6052722
0.20224118 0.5111603 0.4448652
0.2013455 0.531833 0.459775
0.18240507 0.4550113 0.59551865
0.13471006 0.6441734 0.5050703
0.113511875 0.7886473 0.51644254
0.108163215 0.7173732 0.47772965
0.8552486 0.8527562 0.38503036
0.365611 0.74774957 0.36126882
0.5888964 0.7401529 0.26223654
0.6080899 0.75305355 0.24181017
0.8625518 0.8302511 0.29734278
0.74169135 0.84316874 0.19516903
0.0044671632 0.033923853 0.49237654
0.012752749 0.03403753 0.6006433
0.098417684 0.07650746 0.51755846
0.07736872 0.040471427 0.6122435
0.4812993 0.20589297 0.5360286
0.014600545 0.03688355 0.5820347
0.05731606 0.075146966 0.5216364
0.07386263 0.87810886 0.20971358
0.06476025 0.7904627 0.18044725
0.1295439 0.7692151 0.20324215
0.15005043 0.696734 0.16099048
0.14805225 0.8127492 0.17892125
0.70578396 0.46178967 0.69362086
0.7283155 0.5137804 0.73343056
0.912325 0.5997957 0.6969026
0.7394469 0.5547447 0.71209705
0.7382325 0.5701858 0.6455422
0.80434644 0.70672405 0.76450014
0.420431 0.21852985 0.5248667
0.30603233 0.23664285 0.55006146
0.04992509 0.3011089 0.2863546
0.28260174 0.31990808 0.39468595
0.40239492 0.4101997 0.42831543
0.35541385 0.42142826 0.3007128
0.38696784 0.43038237 0.31590536
0.21517557 0.5812582 0.7077641
0.6048229 0.62445164 0.5914842
0.4752865 0.55015945 0.6771031
0.68587506 0.6668652 0.60623664
0.70297027 0.7154004 0.64581335
0.5928353 0.64918447 0.56599134
0.43586418 0.54462475 0.5235174
0.20564228 0.5132638 0.49500355
0.221401 0.50599927 0.47495824
0.33782545 0.49387896 0.2808673
0.26527163 0.4700604 0.29571155
0.30267924 0.5201386 0.33098978
0.35540363 0.46800762 0.21279389
0.66341186 0.7802063 0.16304135
0.8316976 0.834191 0.14165361
0.88694 0.86338043 0.13312626
0.40232646 0.66331387 0.50446373
0.34767085 0.5845994 0.4922293
0.2747419 0.10775053 0.66814774
0.25356266 0.11482502 0.63189596
0.37403733 0.120081 0.71683764
0.27283725 0.13365737 0.68989176
0.10110252 0.024237778 0.8520239
0.3189838 0.11012083 0.6982571
0.9621357 0.3934939 0.64862484
0.5615736 0.11460252 0.5683433
0.37821865 0.19269277 0.6701975
0.32553536 0.21712062 0.6329776
0.98804545 0.39024764 0.59326243
0.9419204 0.33459812 0.6126879
0.16808602 0.36127347 0.68300724
0.88069415 0.3346995 0.76150966
0.9477043 0.39656752 0.66096455
0.116678216 0.6039686 0.26228482
0.08911323 0.76308274 0.2529541
0.076830104 0.93319833 0.17099714
0.1120951 0.5637987 0.19572654
0.13484281 0.44589853 0.23606992
0.11764508 0.540976 0.2803999
0.4809323 0.51403224 0.5175984
0.5594814 0.5759424 0.4926016
0.5326637 0.5658952 0.49951276
0.5916891 0.6146296 0.53308827
0.7487258 0.56268626 0.65301126
0.7355224 0.43702286 0.540177
0.18319434 0.25781637 0.56341636
0.389184 0.12002197 0.49141118
-0.031776994 -0.018392049 0.4505858
0.2439565 0.03224168 0.46302107
0.5371107 0.23144735 0.48055178
0.53676146 0.18035215 0.4892544
0.27945063 0.091154724 0.4685547
0.036563873 0.031324897 0.5306041
0.8802507 0.32645732 0.47554353
0.02775295 0.047407217 0.6982723
0.08620655 0.30355877 0.24977049
0.43664947 0.33414143 0.20076236
0.9774833 0.437797 0.1954338
0.932644 0.4359162 0.27544206
0.5212132 0.37992078 0.19029303
0.58801246 0.37114614 0.20866922
0.02908707 0.56468785 0.23461217
0.6005906 0.31295556 0.1344257
0.06659005 0.4852578 0.20790297
0.52795196 0.4278924 0.28388295
0.40276188 0.23427732 0.46099
0.13446087 0.30849367 0.59946746
-0.029924937 0.3129158 0.6130429
0.046336412 0.27837038 0.57364035
-0.00086662173 -0.022879124 0.5364266
-0.05767318 -0.08604905 0.393041
-0.31832215 -0.15798439 0.46558154
-0.07176781 -0.05619265 0.5237061
-0.17184699 -0.11597146 0.70000845
0.000116009265 -0.06939837 0.567181
-0.117425025 -0.08104713 0.6453721
0.18413012 0.05934627 0.6191653
0.35078534 0.12170887 0.55538994
-0.30028862 -0.1795844 0.6660721
0.14443837 0.49584007 0.6317411
0.05548788 0.6652236 0.61951786
0.2967891 0.4480785 0.6710922
0.15187454 0.3391077 0.6692408
0.15242967 0.49082774 0.6424183
0.27569234 0.42107856 0.52712816
0.33839306 0.586895 0.6351655
0.24685429 0.5698802 0.50111145
0.39185876 0.49308097 0.6057723
0.95163524 0.47066236 0.61672336
0.3743033 0.5153062 0.6748784
0.37279165 0.45812994 0.6071442
0.53122014 0.64762026 0.61381155
0.044042695 1.1410968 0.52869636
0.6236192 0.6119175 0.743448
0.111546986 0.8101392 0.3330839
0.098047756 0.4008875 0.7795624
0.18508096 0.34078026 0.6361867
0.15068138 0.34741694 0.7212059
0.13058135 0.5020134 0.5116818
0.9406179 0.6073989 0.56558067
0.10266968 0.48630416 0.5742964
0.08976643 0.33265817 0.6748607
0.11432907 0.4143452 0.6582042
1.0032816 0.50630885 0.6076574
0.33183426 0.547724 0.3530879
0.43778765 0.34471488 0.23804113
0.41894037 0.47291672 0.52828425
0.2931282 0.4386531 0.53102785
0.18267971 0.30578905 0.51259816
0.85632133 0.32518566 0.4800531
1.0322293 0.40875012 0.48126096
1.0134758 0.4037493 0.4372538
0.8027488 0.2820698 0.46850976
0.7994416 0.299244 0.46565783
0.95984495 0.37046528 0.43213937
0.8178816 0.3215863 0.47565946
0.81374395 0.24358872 0.39620322
1.0396494 0.43509603 0.5047592
-0.0016868934 0.5122704 0.77482885
0.01997032 0.6651096 0.8279715
0.03697567 0.5274213 0.82119346
0.15148377 0.36606544 0.7787437
0.04717986 0.5958451 0.84293187
0.024943318 0.3859287 0.7847799
-0.035341904 0.33438903 0.8136228
0.037197057 0.40899783 0.8560546
0.9240277 0.3552479 0.681101
0.89926064 0.4006496 0.5672165
0.8402747 0.32483715 0.5352538
0.77846885 0.2851717 0.56924963
0.8012452 0.31516004 0.583317
0.78051186 0.31321043 0.5255801
0.18798941 0.49340892 0.7213903
0.1657041 0.4612351 0.7117233
0.39838895 0.4944886 0.30931893
0.17753887 0.27529564 0.18525171
0.19794825 0.33071262 0.26466835
0.54587597 0.57319486 0.15992644
0.53381526 0.48362577 0.1889751
0.24351218 0.29142612 0.37109607
0.14625557 0.2961346 0.39241
0.055097826 0.31460053 0.41804567
0.03450061 0.38751382 0.39291182
0.13144961 0.5383071 0.508832
0.02316802 0.49883205 0.39868793
-0.0051988326 0.42455643 0.4038677
0.047448 0.32718706 0.4154022
0.10505976 0.39850914 0.49076596
0.19026089 0.43426323 0.37992167
0.7763964 0.5437433 0.5372295
0.04542642 0.3758855 0.5055332
0.03441269 0.29885545 0.55532956
-0.0061953813 0.803406 0.4439569
0.04965404 0.9033012 0.5002913
0.05236143 1.1039788 0.5612082
0.08827934 0.31582433 0.57034075
0.10143362 0.2944615 0.52336836
0.17232928 0.5713105 0.62385255
0.20937042 0.4783209 0.67471987
0.21841681 0.60575044 0.4178695
0.16921273 0.6887004 0.28811076
0.13115528 0.42178005 0.22678828
0.03729494 0.5094277 0.18849717
0.10919538 0.41932094 0.23088169
0.0899998 0.39920628 0.25048497
1.0938357 0.4303698 1.1595852
0.16840364 0.38628107 0.50230783
0.3589636 0.6292174 0.1744062
0.18575992 0.59436834 0.20761827
0.16893682 0.5455323 0.21897593
0.08319608 0.58749485 0.18039298
-0.008779682 0.4625728 0.13173951
0.06347042 0.80162024 0.017435603
0.21654351 0.4266212 0.09511699
0.14000824 0.49364674 0.14913487
0.13377064 0.47541016 0.14500313
0.7335057 0.23128967 0.5379844
0.7791697 0.28662962 0.38359055
0.8346878 0.17266116 0.5178159
0.14073762 0.5872267 0.461691
0.15685634 0.53223383 0.4503956
0.1546084 0.44011098 0.50661004
0.15754676 0.44421536 0.5194673
0.17011675 0.60102725 0.513298
0.20634338 0.6882573 0.5299868
0.42488346 0.218197 0.6915
-0.059350602 0.32972896 0.91052884
0.4953655 0.2151153 0.6931559
0.976171 0.4053638 0.24185064
0.7603167 0.350083 0.2360416
0.4386134 0.32608747 0.17695868
0.17394504 0.34816617 0.29277524
0.08997497 0.29466096 0.24803203
0.089372315 0.35693967 0.2507871
0.18319531 0.47654253 0.37367493
0.22422624 0.5659684 0.34790912
0.21971908 0.55843157 0.3292236
0.22968824 0.6075393 0.40820304
0.11883341 0.67618966 0.2682799
0.23361497 0.6659783 0.33270642
0.20615211 0.5550435 0.58748645
0.18213516 0.5321251 0.5326619
0.13244301 0.52622604 0.30904996
0.2500934 0.6024066 0.3211987
0.13685532 0.48980975 0.3741354
0.19686966 0.26004386 0.60230094
0.01346818 0.03428776 0.58586985
0.076657124 -0.012363046 0.6099663
0.1393195 0.018753704 0.63425297
0.19148058 0.054965347 0.67858076
0.102302104 0.03251584 0.680921
0.07510833 0.004769098 0.77366513
0.10221049 0.02649486 0.5056898
0.046947755 0.46647567 0.16132781
0.038649462 0.40923065 0.17118847
0.04815343 0.38203692 0.19675642
0.050366946 0.4410869 0.16563183
0.055186674 0.4255731 0.1853137
0.13335049 0.3497768 0.58522743
0.13377441 0.42195916 0.6475528
0.12298668 0.4557945 0.6064167
0.12426567 0.41328478 0.63412863
0.13388751 0.39917338 0.5698972
0.14105216 0.483306 0.60219055
0.17758197 0.49902755 0.2960934
0.10172456 0.65169525 0.30964392
0.14497033 0.46589988 0.32125074
0.08455448 0.40901202 0.34267494
0.1972848 0.6607594 0.38327262
0.14950392 0.5327853 0.33144456
0.15897658 0.5480999 0.340473
0.17197853 0.118578285 0.6359651
0.5221548 0.25501803 0.6359291
0.5585606 0.25772434 0.6862913
0.10145399 0.1318453 0.5794788
0.8614974 0.36908406 0.6494897
0.8291073 0.3213374 0.64444387
0.48683944 0.0826944 0.6066236
0.5028633 0.09462501 0.6405577
0.44112906 0.08565259 0.58799905
