0.050141484 0.5546966 0.47579408
0.07555934 0.41314965 0.50712043
0.1444886 0.58909065 0.49699083
0.105014324 0.4843865 0.4805429
0.10811818 0.48637313 0.48079157
-0.036439516 0.6000723 0.24140409
0.017393481 0.23931436 0.31084388
0.08452614 0.19862251 0.32123864
0.015181951 0.8015344 0.25923797
-0.012326963 0.43537867 0.314282
0.031532638 0.65274584 0.5297018
0.12133269 0.5885333 0.53288066
0.050383255 0.38306624 0.47735652
0.48253042 0.32355332 0.8391621
0.6987843 0.34749484 0.641011
0.41644472 0.30653745 0.7939683
0.7809014 0.3976339 0.7280395
0.19705084 0.45397496 0.66831386
0.24279585 0.5412509 0.28324956
0.23785993 0.52631694 0.30677778
0.159848 0.6566671 0.27641726
0.21449596 0.43577498 0.42889246
0.44319627 0.45563442 0.47207513
0.07086762 0.5330217 0.6101757
0.101657726 0.4177773 0.6136074
0.2011382 0.5277693 0.45814338
0.18838459 0.52361345 0.45739564
0.20799923 0.4817037 0.56378543
0.20624536 0.51160264 0.5596523
0.11620678 0.8716681 0.4966322
0.10844487 0.7039176 0.5011252
0.851488 0.8356884 0.39363047
0.48750913 0.7570297 0.40435237
0.6924648 0.7383954 0.3388052
0.6716891 0.7608999 0.2288771
0.8393153 0.85080385 0.33748603
0.7616873 0.724632 0.2759309
0.06675826 0.8719448 0.2140635
0.08667804 0.79861104 0.22868851
0.105343305 0.8856175 0.20920414
0.14796962 0.7409952 0.18092628
0.15361822 0.88959014 0.18944955
0.6719042 0.43676877 0.6958233
0.7257041 0.52145433 0.6978198
0.9347227 0.6067845 0.70080125
0.7355073 0.5512416 0.69521487
0.7787722 0.5965625 0.63729453
0.8708471 0.7476857 0.7638558
0.37898368 0.19713292 0.49657258
0.2702439 0.2104511 0.5681082
0.052754547 0.36284935 0.29323623
0.4190273 0.37025243 0.34731534
0.36097288 0.38663173 0.41441587
0.28408346 0.4009995 0.30708212
0.3198812 0.4261073 0.30232754
0.22254607 0.5857186 0.7057347
0.27299058 0.64200205 0.60517454
0.3711765 0.55275244 0.6752722
0.6590086 0.69339186 0.6361685
0.63977134 0.7165057 0.6632577
0.77052045 0.62463546 0.5745418
0.4131176 0.5411018 0.53353786
0.14589864 0.49155778 0.52953684
0.105966434 0.49817473 0.525751
0.27436334 0.44253236 0.27942902
0.26567978 0.4577827 0.32891476
0.31039622 0.48503256 0.32280704
0.4027623 0.63405037 0.53234017
0.31653944 0.5712056 0.5452988
0.67998195 0.22174147 0.5747696
0.3593265 0.22277984 0.56141776
1.0485231 0.42203146 0.61188674
1.0755795 0.37905568 0.6782633
0.10578312 0.29254723 0.624377
0.8185872 0.34848142 0.739557
0.8448812 0.37339246 0.6305002
0.06137888 0.6427786 0.2965268
0.0677116 0.8289822 0.23585004
0.073964104 0.99764556 0.16018279
0.102218024 0.6347517 0.21957389
0.058986012 0.5203688 0.30754903
0.04592841 0.6521708 0.19613552
0.5758698 0.50808847 0.5424509
0.8843349 0.6344006 0.52921784
0.6685481 0.60751367 0.5263407
0.6264177 0.6216749 0.5395112
0.84977275 0.610564 0.6100837
0.9636605 0.56818676 0.60040617
0.36510956 0.347453 0.54888666
0.037329458 0.3302508 0.25283065
0.24554244 0.3804884 0.25100505
0.4237851 0.37506545 0.2266282
0.39465386 0.36657047 0.24526829
0.16456535 0.42030948 0.18590309
0.1310542 0.32974935 0.2338605
0.00028289855 0.68289196 0.20391941
0.6199377 0.2561177 0.2249737
-0.012858205 0.5867171 0.19213307
0.09225302 0.3479728 0.23082834
0.12673049 0.53750134 0.61721694
0.049326286 0.7044009 0.6184095
0.28758532 0.48074746 0.66886544
0.19394681 0.50307316 0.7083509
0.12811391 0.5812216 0.70405054
0.29616642 0.5289253 0.67925143
0.27165493 0.6546578 0.6432222
0.1440437 0.5959889 0.59029746
0.4074865 0.48494202 0.6633799
0.7717086 0.50673103 0.698241
0.3415272 0.52507293 0.71008575
0.31089976 0.49328607 0.6280657
0.4679845 0.61289114 0.5965837
0.06675043 1.0840337 0.48334697
0.49420342 0.6105032 0.72393453
0.10881857 0.9263058 0.3245607
0.17459184 0.476888 0.71780217
0.19264412 0.5105465 0.6207113
0.15975697 0.47599572 0.686829
0.17471406 0.54887575 0.5908501
0.4963066 0.6398482 0.5309684
0.04826642 0.5574979 0.5306975
0.07839806 0.3507706 0.6339781
0.117362425 0.3974474 0.6422856
0.9082986 0.5869665 0.5825483
0.2345711 0.5446285 0.34057
0.74009746 0.4633187 0.4747968
0.37658736 0.46610606 0.58940303
0.23939729 0.4764474 0.50763667
0.1427633 0.3003385 0.4629018
0.019075006 0.62413037 0.8251871
-0.023374029 0.96195185 0.7989918
0.028971545 0.77155674 0.79260206
0.17062545 0.41631055 0.78781223
0.00087242573 0.94502556 0.79626703
0.07450743 0.6667513 0.7539239
0.027928926 0.303917 0.80974877
0.078689024 0.595555 0.83046436
0.20770857 0.5050192 0.7220993
0.1788706 0.45628852 0.7090118
0.27775738 0.5265678 0.34796068
1.0726066 0.58087367 0.47776288
0.435204 0.6325958 0.48577473
0.3247567 0.5170867 0.23882584
0.94414437 0.5758454 0.30746353
-0.3589656 0.33904028 0.21336417
0.033940844 0.3109291 0.44514126
-0.008469872 0.3232478 0.40190142
-0.015702426 0.40297526 0.47845298
0.047064856 0.50192434 0.40401867
0.019580044 0.43257636 0.4373276
-0.020679943 0.5088043 0.39022192
-0.006565623 0.3008087 0.48592186
0.09416138 0.427464 0.55442774
0.047585763 0.6376661 0.32727543
1.6301228 0.7998477 0.50168717
0.01866556 0.3905083 0.48982888
-0.0010103881 0.2936195 0.5517538
-0.035499997 0.8356726 0.4705296
0.09391216 0.78614926 0.55028224
0.04434923 1.1786671 0.5244349
0.02624812 0.38678014 0.52397984
0.027760617 0.4241081 0.47848964
0.15612209 0.78123176 0.5838556
0.20835468 0.5222667 0.6765572
0.23594391 0.6697137 0.3758821
0.1330241 0.7277226 0.26604453
0.07135285 0.49693042 0.23021437
0.051799096 0.47895372 0.21965869
0.015593089 0.468023 0.21543688
0.006095942 0.45717043 0.23713705
0.7392043 0.44862872 0.48005393
0.06101788 0.57757497 0.45061204
0.351146 0.63929856 0.20049092
0.17340994 0.6281717 0.20993493
0.181686 0.54745114 0.17108023
0.13849029 0.54532254 0.23500592
0.004802484 0.49922222 0.047050744
0.10777446 0.8938488 0.046947807
0.13320652 0.386154 0.07619007
0.17412393 0.49952966 0.16085416
0.1279134 0.5085152 0.14664954
0.081825815 0.60763997 0.52232677
0.08003887 0.6131158 0.5238335
0.07904314 0.5087917 0.5306559
0.0932742 0.48311734 0.51996934
0.081799366 0.6646631 0.56452876
0.12781528 0.67279994 0.55082107
0.4003247 0.2056436 0.6774447
0.020758718 0.34421855 0.91339386
0.30436018 0.13322628 0.7468146
0.16691306 0.3468783 0.30866188
0.11885468 0.29481193 0.28228074
0.13444301 0.31738725 0.26913118
0.11899053 0.4515252 0.37182173
0.2121737 0.5576452 0.35677117
0.19735697 0.603179 0.36285684
0.23209801 0.6003433 0.39491987
0.13265929 0.6876383 0.28477484
0.2380135 0.61482143 0.34325463
0.18913722 0.5658922 0.58934236
0.15937805 0.624146 0.51185787
0.060685888 0.57918453 0.30394554
0.14833143 0.74985045 0.31609768
0.05018712 0.5851878 0.32309842
0.13292846 0.2626362 0.5808985
0.0028875247 0.42112952 0.15757413
0.05070136 0.40542567 0.1767306
0.033982486 0.37994474 0.19393349
0.015077494 0.42777687 0.17677125
0.004073195 0.45367825 0.18514763
0.027987994 0.41187692 0.60014
0.07839038 0.43336904 0.62989986
0.075572856 0.46012425 0.58440185
0.052506067 0.43389392 0.6254717
0.05129832 0.45942783 0.5584128
0.0916385 0.4590348 0.6289427
0.08684725 0.61295605 0.27452686
0.07318966 0.66450137 0.29880658
0.089262396 0.4246894 0.33718204
0.052119076 0.38082117 0.3404001
0.12402413 0.82789785 0.3219201
0.08956104 0.55670005 0.31963816
0.08869109 0.57567424 0.32429457
0.15711838 0.06570218 0.598644
0.4377479 0.25273502 0.61300945
0.62985444 0.28428978 0.6094856
0.087486014 0.10736449 0.5473347
0.8191606 0.4042523 0.6056472
0.76555187 0.3778934 0.6171491
