0.06725569 0.48474357 0.4305181
0.1251004 0.4479868 0.5196303
0.18141043 0.5379791 0.50847346
0.10638377 0.46870354 0.47094548
0.10640912 0.46288726 0.45655024
-0.052330688 0.6105008 0.2048156
-0.051343195 0.3008217 0.27806503
0.051640175 0.21927895 0.3017907
-0.028749712 0.86187637 0.27159065
0.050941505 0.4728916 0.28126726
0.048977524 0.60712874 0.54301715
0.13302386 0.55512065 0.5920973
0.091628246 0.37522304 0.5004072
0.8156197 0.47074744 0.92146796
0.8527416 0.3931636 0.6403747
0.5645681 0.319642 0.8271758
0.8577551 0.44195786 0.67925143
0.10229422 0.43684337 0.646894
0.22017069 0.4951659 0.29285765
0.17037146 0.5301534 0.30329603
0.1399003 0.65130556 0.27518058
0.2170224 0.36627808 0.46320575
0.86246836 0.4319078 0.37004387
0.03839366 0.42029515 0.5901191
0.059744503 0.36005118 0.57148856
0.18905301 0.5165714 0.4373976
0.18278146 0.526755 0.43514687
0.17635842 0.4428253 0.57319117
0.13571359 0.6013719 0.5604644
0.060201835 0.93348014 0.46256685
0.07713033 0.70227563 0.49149448
0.8188524 0.82294285 0.3844431
0.5222048 0.7597569 0.37728447
0.60700804 0.7335149 0.34406227
0.5571433 0.6923224 0.2953967
0.8541662 0.8350613 0.31602126
0.75393796 0.782675 0.28510624
0.079153016 0.8574157 0.21013795
0.05519896 0.7599343 0.20469859
0.13064876 0.76692426 0.20908539
0.18228567 0.7226093 0.17953527
0.13001516 0.870931 0.1672123
0.69155127 0.46069267 0.67915887
0.7199973 0.51209843 0.7136435
1.0048081 0.59737563 0.6828926
0.7340346 0.54906636 0.685291
0.7510553 0.5876267 0.65516204
0.8093859 0.683491 0.7039644
0.31843144 0.17786667 0.47158659
0.26418385 0.21737108 0.53426963
0.019252129 0.31975892 0.28334236
0.3685435 0.36965635 0.3907709
0.30960917 0.38472018 0.43004578
0.28812382 0.37230507 0.3258695
0.29217315 0.35825107 0.31594175
0.21566623 0.6024021 0.70253503
0.3403356 0.58364594 0.5989489
0.40266877 0.49745294 0.67765623
0.58206856 0.6299294 0.58163905
0.5964258 0.6861973 0.6262577
0.7112944 0.59906924 0.5204287
0.48536253 0.58673894 0.52747583
0.16654697 0.510236 0.5020767
0.16124997 0.5353772 0.48495483
0.2334072 0.43769372 0.3249724
0.21374357 0.4507671 0.326845
0.22451375 0.474207 0.33563364
0.4153751 0.68009996 0.4931351
0.34087986 0.574208 0.501096
0.13929199 0.04722348 0.5940299
0.5926092 0.31339693 0.5986613
1.0841268 0.42542282 0.6212473
1.0755571 0.40811235 0.60569996
0.71982986 0.44701883 0.6003672
0.8040091 0.32109877 0.7207657
1.059365 0.44678128 0.646117
0.065412745 0.64058304 0.23685484
0.06229536 0.718356 0.23336814
0.095196836 0.9328282 0.18066084
0.10684939 0.5886514 0.19943762
0.029080871 0.33077514 0.19948684
0.13106324 0.4842395 0.17095335
0.52870506 0.5056031 0.50474364
0.68202674 0.5715276 0.48747003
0.596333 0.6069331 0.52023816
0.60742944 0.61739576 0.52852476
0.7967794 0.579095 0.6069443
0.75844574 0.46845806 0.5551779
0.29386914 0.30920604 0.5978257
0.058521464 0.32738924 0.24058215
0.17700057 0.3117891 0.18382373
0.7725092 0.3865119 0.23678146
0.74862266 0.3757268 0.25156617
0.25116026 0.30067974 0.1773966
0.22658007 0.27558783 0.20708033
0.0019583926 0.6259854 0.22716375
0.20593303 0.2105598 0.11436966
-0.038801238 0.436351 0.2055503
0.24127159 0.29734096 0.23084162
0.12486108 0.47519666 0.62014264
0.0464051 0.6053977 0.62330484
0.26990324 0.44306335 0.6551539
0.09980102 0.39237544 0.6618503
0.099041104 0.47973603 0.68748415
0.16600524 0.47914013 0.6231814
0.2735961 0.60965323 0.6351493
0.22722974 0.5720043 0.59949607
0.4176901 0.46591982 0.624636
0.95562494 0.55047786 0.62271696
0.3749355 0.43724403 0.6682413
0.30947024 0.47296843 0.653654
0.46527445 0.62142265 0.5959609
0.043900087 1.0442525 0.53003633
0.42930478 0.5600704 0.7371222
0.14067593 0.84192467 0.28041023
0.1168217 0.5118287 0.734042
0.07405789 0.47633237 0.70546585
0.032944098 0.4632624 0.7353084
0.14581572 0.45842454 0.5904847
0.40596032 0.5085455 0.53640157
0.025122225 0.46427402 0.6179335
0.06752856 0.32815847 0.6063932
0.103170365 0.3942595 0.6540615
0.7523733 0.4878164 0.63271314
0.18405586 0.56391025 0.37906307
0.2729152 0.32647938 0.26822108
0.3614362 0.4721184 0.5954755
0.27901328 0.42919716 0.56150776
0.15870304 0.33302513 0.49201894
-0.034281395 0.65265393 0.7968172
-0.00075950474 0.9919677 0.77011913
-0.00010385737 0.8607167 0.7981982
0.10109438 0.39245647 0.8037814
0.03821935 0.984704 0.7516574
0.027985077 0.6691508 0.7847303
-0.04365191 0.3251103 0.79274106
-0.011670046 0.6297635 0.8398736
0.1908283 0.5186789 0.70915145
0.17190029 0.4539297 0.7018342
0.15412293 0.4855887 0.3447702
0.6301275 0.46768337 0.32325017
0.29236698 0.47060844 0.3955974
0.2305163 0.55249786 0.31766367
0.3777498 0.46955472 0.29812416
0.44046283 0.53741896 0.28399393
0.11221245 0.32353833 0.43946546
0.08443846 0.32985124 0.43278056
0.049155783 0.31167668 0.45741308
0.117834166 0.4864615 0.46435308
0.0017174557 0.49800432 0.39012915
-0.024056874 0.46568587 0.3912754
0.03243467 0.3293735 0.48819834
0.118458554 0.40091226 0.49562073
0.06844525 0.5768597 0.33370358
1.2355002 0.65432787 0.45013058
0.018333346 0.3805736 0.5050451
0.024458647 0.26789445 0.53062147
-0.015854694 0.67015004 0.47569847
0.10004568 0.8269248 0.61781836
0.065043956 1.1727005 0.5197178
0.111317046 0.3494337 0.52254283
0.08100187 0.42145982 0.4905842
0.046255022 0.78354967 0.58973986
0.13796327 0.54127634 0.6596318
0.18310294 0.6042254 0.3843348
0.14201866 0.6741719 0.26731527
0.07616244 0.43148127 0.22907814
0.071475565 0.4747677 0.2155832
0.03276468 0.4148218 0.23999007
0.023435265 0.39391896 0.24665229
0.40833414 0.30400783 0.54859215
0.10176427 0.42643306 0.40376222
0.32357717 0.64552975 0.21389723
0.16721466 0.6338326 0.19779032
0.17173943 0.5248765 0.1979933
0.11923402 0.4873118 0.19320795
0.027890954 0.39491835 0.14629316
0.049407937 0.705233 0.08931744
0.10268797 0.30866295 0.111835495
0.16424479 0.5234875 0.17252964
0.15967625 0.5029726 0.1392614
0.067230955 0.57775795 0.47468138
0.07956378 0.5294676 0.47536796
0.11926302 0.46128497 0.48710245
0.118773505 0.47402003 0.5069022
0.05799754 0.55500495 0.51330864
0.125242 0.57954764 0.52687156
0.42510474 0.21014741 0.70629734
-0.050262198 0.30408698 0.9088736
0.22046009 0.106284745 0.71493
0.19615261 0.36531773 0.30306762
0.16417313 0.31923884 0.28840336
0.20490547 0.33365923 0.2657384
0.15261054 0.5301488 0.3377967
0.20152481 0.5801623 0.35415953
0.18199062 0.5734787 0.31726423
0.2136436 0.6082957 0.3915239
0.117252566 0.64945304 0.27495962
0.20937017 0.62001574 0.34745574
0.17849123 0.5535549 0.55957264
0.12521133 0.61959934 0.50361687
0.07926818 0.5526711 0.32884675
0.11679304 0.57293475 0.34196132
0.053869102 0.5606134 0.3362212
0.21433866 0.24348658 0.54795915
0.013124954 0.3988571 0.15084876
0.044760767 0.43760654 0.182219
0.04461634 0.3414101 0.18964559
0.049625725 0.42812133 0.1616366
0.01837581 0.41794762 0.17299253
0.045278452 0.36159334 0.59272987
0.0845311 0.39437965 0.61056346
0.09501913 0.4009548 0.57898355
0.071177736 0.38056412 0.59989196
0.083316654 0.412814 0.5579154
0.10571846 0.45187673 0.61001843
0.07492951 0.49921823 0.2612148
0.067721784 0.61528563 0.2798531
0.11834435 0.4738982 0.31652656
0.09847593 0.4673569 0.33290094
0.14739083 0.6204344 0.3488168
0.0876842 0.49470043 0.31291038
0.08701872 0.5338793 0.31234574
-0.0155766755 -0.012370989 0.6540696
0.20882687 0.14724885 0.604479
0.4006477 0.20166516 0.62531745
0.14068002 0.10414466 0.5517416
0.76627374 0.34682506 0.64432025
0.8127217 0.34637985 0.676143
