0.055143457 0.56713796 0.44732696
0.26724836 0.4390301 0.49197173
0.21214816 0.5542158 0.48925486
0.10899094 0.48317495 0.47328085
0.09919274 0.5128321 0.48363727
0.060831968 -0.001455158 0.60290945
0.19135918 0.053308148 0.506118
0.52186996 0.20030083 0.7423124
0.10918735 0.03909354 0.78815824
0.010711964 -0.008592613 0.5920832
-0.035966773 0.5655177 0.25399423
-0.0074361823 0.39832297 0.3197388
0.100653335 0.24730963 0.32524613
-0.022178117 0.7546532 0.26504815
-0.045784768 0.36053768 0.32735285
0.0010031462 0.59277916 0.5612845
0.17999299 0.55282974 0.5369872
0.106664315 0.3725735 0.49767867
0.05223472 0.04015877 0.5108043
0.20749009 0.10555327 0.52071565
0.15503155 0.08922953 0.5610404
0.16125153 -0.009153381 0.6532409
0.032311756 0.027895298 0.5770728
0.46118566 0.228335 0.43977565
0.85981643 0.3891072 0.5888548
1.0533633 0.40876374 0.5495197
0.5593661 0.31678727 0.78214353
0.7409992 0.3545387 0.462797
0.41336137 0.26990408 0.7104113
0.8286891 0.39689484 0.73829967
0.13374807 0.37460354 0.69192326
0.2757891 0.51964664 0.30703914
0.19632936 0.54577065 0.30970863
0.15512294 0.67915463 0.29709482
0.24408947 0.3771467 0.5067296
1.1372056 0.50874746 0.5845243
0.039311353 0.4642749 0.5672781
0.087759525 0.38707086 0.58700883
0.22367415 0.5007417 0.4223183
0.18257016 0.5336021 0.43832192
0.23661381 0.4698752 0.5804756
0.16285883 0.5133572 0.5747513
0.07384946 0.88068676 0.4521384
0.08744058 0.7185962 0.4950556
0.8182796 0.85435176 0.33172336
0.36613902 0.8519354 0.26425537
0.6249364 0.80141604 0.27100855
0.60885674 0.72177064 0.2518626
0.8041719 0.8621875 0.28887206
0.79002404 0.7735076 0.2654799
-0.042295467 -0.012135498 0.47256738
-0.010194574 0.07664396 0.46200305
0.08918241 0.10931558 0.5290148
0.05060261 0.0055940747 0.5264333
0.5307434 0.18991733 0.5425197
-0.027882416 0.064773425 0.4412863
-0.03876025 -0.0052689984 0.46878088
0.07075524 0.83264685 0.22688916
0.054916117 0.8067241 0.21929379
0.09918988 0.8475889 0.21672341
0.15708575 0.7519741 0.22851053
0.15029927 0.90490055 0.18962502
0.7335466 0.47664317 0.6577952
0.7488046 0.52543867 0.7028379
0.9433726 0.5782081 0.7003502
0.77674913 0.5584842 0.690443
0.7427443 0.57600987 0.6411802
0.79231787 0.69518864 0.72916514
0.36639583 0.2180416 0.4663992
0.3215325 0.22450298 0.585433
0.057939302 0.29090756 0.32297844
0.49597216 0.38894376 0.38285434
0.34241122 0.39841112 0.444991
0.26981068 0.38712922 0.32116526
0.32591268 0.41911367 0.33354273
0.21205834 0.6132871 0.67952466
0.37787312 0.58947015 0.5184834
0.41277137 0.5129422 0.6617776
0.5785036 0.66784084 0.6468075
0.59815097 0.7077174 0.6682444
0.6578268 0.599388 0.50666034
0.44985154 0.5724062 0.5373475
0.18066847 0.5156082 0.49225298
0.15366818 0.49294305 0.4762577
0.3162847 0.46671107 0.29287678
0.2738401 0.4566665 0.32300204
0.31485632 0.4740366 0.33571443
0.20465006 0.5366768 0.22774205
0.6244426 0.6807318 0.20327955
0.79250777 0.77791214 0.19157735
0.91192365 0.8763932 0.15796086
0.4049087 0.67148554 0.53067183
0.34858188 0.5813949 0.5425061
0.1967011 0.057624258 0.5786189
0.2116895 0.061187297 0.5967523
0.31188127 0.018651742 0.6582213
0.13865136 -0.011576921 0.5223339
0.12183274 0.02990137 0.77156174
0.18204737 0.08186537 0.6681941
1.1128798 0.44241965 0.61775064
0.5058976 0.15528846 0.3680938
0.16011257 0.0468028 0.6091102
0.14863007 0.17210239 0.5991239
1.1911627 0.46780604 0.64673203
1.2495509 0.4803302 0.6197593
0.68187046 0.39796546 0.63434803
0.61502606 0.26015013 0.7117602
0.9165269 0.3938065 0.5690703
0.041317046 0.6896961 0.23351139
0.08596959 0.7290567 0.2698337
0.09378362 0.8789921 0.19424212
0.07246249 0.60944235 0.19185138
0.11917545 0.43842798 0.2642846
0.183252 0.41381583 0.21529934
0.56527996 0.5216302 0.5168429
0.5194583 0.526003 0.48527157
0.6455438 0.6122649 0.5143302
0.6235641 0.6310494 0.51658803
0.7790123 0.5607116 0.588349
0.8919255 0.5241837 0.56767887
0.24262649 0.25974658 0.55279833
0.46938074 0.16034904 0.45329863
0.083753616 0.010508835 0.46360376
0.28035724 0.053898655 0.48028708
0.5164476 0.20806487 0.43882105
0.86283153 0.32946953 0.5031487
0.108736604 0.036419988 0.47332242
-0.014646385 0.008149121 0.4488637
0.2606709 0.13706708 0.40947863
0.11368412 0.07587147 0.53751504
0.05597756 0.34330958 0.25350592
0.23990431 0.36972585 0.24927187
0.927829 0.47447228 0.30438864
0.71689415 0.40188745 0.356525
0.23584655 0.37044945 0.20099966
0.21476746 0.30948105 0.2571416
-0.005800862 0.5589877 0.21842772
0.3139324 0.2346678 0.24396712
0.020911977 0.4782685 0.19072857
0.44550028 0.41410223 0.24895462
0.25736788 0.17279366 0.42480546
0.0764013 0.25481015 0.6403125
-0.0040478334 0.30265358 0.60414714
0.04508371 0.26316825 0.5517645
0.10986298 -0.0022102892 0.4227358
0.017607223 0.006250426 0.2893417
-0.019726891 -0.048755437 0.3197282
0.18652138 0.09414361 0.38454008
0.004462179 -0.043341763 0.6401406
0.065270945 0.0026764572 0.5850719
0.37352076 0.15638661 0.473647
0.1566783 0.034435913 0.5678012
0.16091107 0.021087848 0.53481203
-0.0001558438 -0.042780556 0.73860484
0.1279173 0.47504452 0.6110377
0.014289431 0.7327249 0.59362566
0.3037787 0.46551862 0.6593644
0.00051708147 0.42757967 0.61642593
0.041097745 0.6171987 0.5782964
0.20630288 0.54532385 0.52840036
0.24432555 0.60547614 0.4932855
0.15282996 0.5623106 0.48378432
0.37103146 0.48660833 0.623229
0.92919874 0.4960655 0.6089665
0.393895 0.4960173 0.6805715
0.324827 0.49165902 0.6251315
0.4462277 0.6394073 0.5986079
0.033164695 1.1260904 0.4799388
0.48713204 0.59040284 0.7566932
0.08722171 0.9554242 0.2908969
0.14308284 0.46514037 0.7294441
0.041838318 0.5316907 0.5544328
-0.00052768365 0.49139234 0.61886984
0.10448242 0.4675021 0.5015414
0.55757153 0.5448576 0.43540224
0.007779766 0.4423463 0.52107215
0.056500625 0.34765834 0.6219643
0.15877186 0.4080375 0.6195111
0.9542427 0.5206849 0.59177107
0.18622029 0.4885225 0.26946038
0.29145598 0.5078975 0.29860842
0.37302518 0.47291413 0.5636621
0.25961673 0.44717664 0.54294354
0.15084757 0.31434566 0.43160957
1.0381446 0.40842882 0.4767788
0.9205526 0.38265875 0.4360701
0.9673304 0.39354247 0.425377
1.0534627 0.4021613 0.4663064
1.0283256 0.39268097 0.46491832
1.0013478 0.3847124 0.40983376
1.0836635 0.42122975 0.49477252
1.4348893 0.4301844 0.34088883
1.059435 0.44333097 0.5137235
-0.022670757 0.59455895 0.80152434
-0.02245031 0.9217409 0.82201
-0.0053674616 0.7497486 0.82997096
0.040723722 0.44785395 0.7565856
0.013935026 0.78761303 0.8445279
-0.02304471 0.46531337 0.7924914
-0.016046438 0.37211075 0.8472793
-0.0057119466 0.57835793 0.83377147
0.95442516 0.37098432 0.6571349
0.8623699 0.35915112 0.5634499
0.8758693 0.34418562 0.5770156
1.0124741 0.40049493 0.6068215
0.9831592 0.39023578 0.6466896
0.8882099 0.32694542 0.5283278
0.20671013 0.5117872 0.7025694
0.17362379 0.45378625 0.68531466
0.2838357 0.46483895 0.27096233
1.0577048 0.49034724 0.4287273
0.69741434 0.43578932 0.41002443
0.2562097 0.4977099 0.23742253
1.1836542 0.52262896 0.31870982
0.078363895 0.3772857 0.060873903
0.12806489 0.2697759 0.3964209
0.043815725 0.29825318 0.45152292
0.009781867 0.39898142 0.43954292
0.16516788 0.33577105 0.39611232
0.039180525 0.49224064 0.39577606
-0.025269035 0.4295936 0.40590066
-0.005828049 0.3077045 0.44919538
0.09992771 0.37384295 0.5091854
0.027777296 0.44373128 0.38844222
0.34391108 0.36747256 0.45972908
-0.014913384 0.3555967 0.48503456
-0.003456939 0.30870843 0.5566247
-0.023602042 0.71800494 0.47521
0.022251759 0.8923695 0.5026556
-0.00032574683 1.2209316 0.4541663
0.01937306 0.3152646 0.56735796
0.022294682 0.32433084 0.47347224
0.10962206 0.72061014 0.6187398
0.14118852 0.51050544 0.6502635
0.20957223 0.63332355 0.42881107
0.12991866 0.69850016 0.27590594
0.07858951 0.45946872 0.23948872
0.042755514 0.48357823 0.2156814
0.06585708 0.46691164 0.21669842
0.03694644 0.40494394 0.25159505
0.6734928 0.36328313 0.53269655
0.070803225 0.48631355 0.4675788
0.2995863 0.6205183 0.1964168
0.15209614 0.6277553 0.19201022
0.1441934 0.58792067 0.18259025
0.12318973 0.47946617 0.20531538
0.040088482 0.41900793 0.09512434
0.0062852874 0.6936041 0.11538577
0.213857 0.30578575 0.05510428
0.13767464 0.52872145 0.14837903
0.12577993 0.5066124 0.1316774
0.5438817 0.1839245 0.5194886
0.86563236 0.2596048 0.42355436
1.0433631 0.30656317 0.46722928
0.08431697 0.57089937 0.4718939
0.06837425 0.5853896 0.45455
0.12019192 0.46663496 0.48763484
0.13334742 0.47544864 0.49544185
0.09498767 0.5449835 0.49541393
0.08953296 0.65042543 0.5063608
0.4779856 0.22894627 0.7134858
-0.025784422 0.33079144 0.8476976
0.3720903 0.13684782 0.7018095
0.8596059 0.38967586 0.27413103
0.36273637 0.29038998 0.2756532
0.39921677 0.41860312 0.23257911
0.18570048 0.38005614 0.29168218
0.08006784 0.33756584 0.2575337
0.1427159 0.3910117 0.25536534
0.12684196 0.5430615 0.36011583
0.20196593 0.5586386 0.34999827
0.13423859 0.5367782 0.32781363
0.2207241 0.61818874 0.3917423
0.1094019 0.6708839 0.2791563
0.19270855 0.61667037 0.3459694
0.17778426 0.53491676 0.56758916
0.13628766 0.5986594 0.53359085
0.02290259 0.5781547 0.2886519
0.10126299 0.6584978 0.31140748
0.0155836865 0.6206765 0.34050047
0.07158926 0.21822587 0.5792524
0.004822526 -0.006839022 0.56344837
-0.04078823 -0.0336643 0.54963
0.14862382 -0.01065442 0.7066877
0.16402902 0.0048288256 0.6496144
0.06718925 -0.024099238 0.71844393
-0.032077435 -0.02580265 0.6751744
0.15262018 -0.0011358485 0.4612894
0.016161133 0.45908147 0.12955594
0.036100287 0.44611892 0.1621814
0.059621222 0.39878318 0.19037339
0.035659935 0.46699688 0.1517758
0.08506553 0.4454184 0.17686033
0.04272428 0.39673254 0.55285496
0.08178364 0.43052968 0.58982444
0.077870265 0.44357055 0.5756823
0.071578644 0.4247197 0.57385224
0.1047637 0.4396094 0.5627514
0.14580369 0.44989637 0.5659222
0.035757944 0.644889 0.24401286
0.06368773 0.59057975 0.3020536
0.1055391 0.4751447 0.33977565
0.058533788 0.55237496 0.32350272
0.14199835 0.7283739 0.35065484
0.04934898 0.57616544 0.30044904
0.055948246 0.6219727 0.30807346
0.17436929 0.091874436 0.5365471
0.12092011 0.13966377 0.5720065
0.22508101 0.15246037 0.60228616
0.11390561 0.11871188 0.53534144
0.9573203 0.4296694 0.6233856
0.87118316 0.3658196 0.5712362
0.30943 -0.043352738 0.34484217
0.2995472 -0.06874119 0.45944056
0.4086168 0.020836875 0.48930466
