0.09331775 0.51082134 0.4414817
0.13849589 0.40063238 0.41079873
0.15156844 0.5321306 0.5097213
0.108419605 0.53021544 0.48487657
0.13101968 0.4945129 0.4467671
0.009686664 0.5526713 0.24885459
0.02405839 0.25445062 0.32914674
0.07872178 0.22279868 0.3283068
0.016780287 0.7972308 0.2777866
0.18285465 0.27591792 0.31941912
0.07806143 0.4830763 0.5512343
0.17103252 0.54209685 0.54668504
0.2649091 0.3587044 0.44206202
0.55390596 0.3110891 0.8051369
0.8408242 0.37805384 0.60911673
0.47454977 0.29647473 0.8106081
0.9022726 0.4286257 0.7352405
0.43724248 0.38624078 0.6395538
0.20861718 0.54040885 0.2813097
0.18526699 0.5378108 0.29888076
0.17575982 0.6745004 0.27661842
0.45686045 0.18482135 0.40823066
0.56051844 0.20659867 0.33822423
0.08937925 0.42707568 0.60028666
0.11872521 0.39178437 0.58578825
0.19256945 0.5215899 0.4378636
0.18886417 0.5298573 0.44754314
0.18840352 0.46004742 0.58220863
0.20729277 0.5614579 0.5671862
0.12329315 0.8592115 0.45813257
0.08490795 0.7771787 0.45952636
0.78108996 0.86612886 0.3830986
0.3112548 0.7656269 0.3926143
0.56510067 0.7460629 0.31390935
0.46847168 0.7902182 0.25663018
0.8622403 0.85408187 0.29932392
0.81614125 0.77805525 0.2997232
0.06621259 0.8472342 0.21529792
0.09562142 0.7306436 0.21277682
0.12428231 0.7439912 0.19657782
0.15691635 0.70058733 0.18245934
0.13378745 0.81687176 0.17320399
0.7007183 0.46589214 0.69978374
0.70583516 0.5212614 0.74322796
0.9082368 0.5608076 0.65551114
0.726725 0.57595485 0.71219146
0.74828404 0.5898858 0.668229
0.840955 0.7321947 0.7475966
0.34180665 0.18958473 0.48686963
0.3272143 0.2407307 0.5600303
0.077355355 0.24330744 0.3047979
0.3453143 0.3754274 0.37590736
0.3258294 0.3998326 0.42666858
0.3027299 0.33871 0.29108506
0.32469183 0.3677988 0.29826093
0.23552814 0.57494193 0.6988052
0.3809276 0.5364966 0.5724303
0.34388053 0.46799496 0.67918307
0.65804136 0.671843 0.65324724
0.6143253 0.6737727 0.6670173
0.7511045 0.66235363 0.53783387
0.4795737 0.5796741 0.5664579
0.18003929 0.4938679 0.5086352
0.19319974 0.45085585 0.4709108
0.2765632 0.474987 0.2934985
0.24592462 0.50223464 0.33494398
0.27744597 0.49758622 0.33151543
0.4040687 0.7064857 0.54536456
0.3453591 0.58965856 0.56734097
0.77548885 0.3056501 0.59747094
0.38447154 0.22107908 0.62071896
1.2173289 0.4543774 0.5864354
1.2509052 0.4362405 0.59668374
0.386363 0.29007733 0.6236271
0.839742 0.34936163 0.67746687
1.1096954 0.36485988 0.54431033
0.07883772 0.6311289 0.21667826
0.11203766 0.6771396 0.2798788
0.10358174 0.9105032 0.19048274
0.11591776 0.5176491 0.23090266
0.10310365 0.35270935 0.32952863
0.18731749 0.41095573 0.2046262
0.51976573 0.531301 0.55846983
0.66851044 0.58227336 0.5150791
0.6200974 0.6086615 0.52485025
0.595875 0.59776026 0.53341615
0.87225723 0.58654696 0.5708649
0.8456423 0.4901681 0.54106855
0.32729828 0.35009557 0.5618095
0.24929592 0.27701256 0.25992173
0.4222554 0.2777672 0.20683327
0.7781046 0.31179118 0.24322028
0.53503174 0.24861783 0.24692057
0.5296235 0.2749282 0.2054958
0.39920628 0.27184498 0.20379503
0.059663773 0.5426595 0.23032129
0.47780496 0.27266863 0.10992996
0.025521532 0.39535716 0.19767225
0.10686089 0.32385617 0.23796041
0.13454464 0.53267264 0.6077007
0.06991854 0.591423 0.6189872
0.2762292 0.45542675 0.7020097
0.22377786 0.41372615 0.6050417
0.116556734 0.51160955 0.6002936
0.2681929 0.42651242 0.5903602
0.32983345 0.52488834 0.62058115
0.28444493 0.43602657 0.52450556
0.4185313 0.51642144 0.71749175
0.8301842 0.52036667 0.65308
0.5458818 0.5358331 0.6848633
0.3631483 0.48288214 0.65225714
0.5019816 0.6550978 0.6539563
0.03479223 1.1069741 0.4628098
0.63376784 0.6592757 0.73941445
0.14111122 0.94035107 0.26631397
0.19144611 0.4837774 0.72385967
0.28384948 0.3497852 0.57901216
0.23711647 0.38846165 0.6286942
0.27861708 0.38400847 0.55690235
0.6275455 0.5235095 0.58230376
0.123812705 0.4503271 0.5260628
0.060700715 0.30414417 0.62276053
0.15428936 0.30449983 0.65992427
0.8605565 0.48960456 0.6151115
0.081649154 0.324989 0.45300907
0.5140139 0.21468507 0.24278082
0.40579742 0.4767573 0.5913272
0.27501738 0.4152845 0.53053844
0.16693145 0.2902261 0.46305805
0.001708813 0.5580404 0.78239703
-0.0017553121 0.94791317 0.78366303
0.037711173 0.67077726 0.7914134
0.17762278 0.38802966 0.7662591
0.01690045 0.867516 0.8086722
0.011843711 0.5199817 0.7597995
-0.018881842 0.28746438 0.8124154
0.056035563 0.50472057 0.8065191
0.23105043 0.47372258 0.6903957
0.1849757 0.4443426 0.6946926
0.39852124 0.52946675 0.25030762
0.7467578 0.4672553 0.3028751
0.6506616 0.5052242 0.34148645
0.2778694 0.49893755 0.11709954
0.5897907 0.4100934 0.2370015
-0.11613925 0.3749541 0.12020679
0.12534685 0.23900321 0.3744942
0.011352818 0.3107848 0.42073578
0.13611129 0.3437022 0.40292323
0.07356864 0.32492623 0.38816154
0.025979556 0.5027443 0.39249873
-0.006775908 0.53957224 0.38150674
0.060300052 0.31434727 0.4124356
0.096590355 0.3832826 0.4335289
0.19116977 0.39846137 0.36666083
0.46896237 0.4477054 0.43896067
0.061566032 0.32329366 0.49579573
-0.001192838 0.29621068 0.5180604
0.009012327 0.7271653 0.45580572
0.110913046 0.7996524 0.604651
0.041434854 1.1440892 0.47076797
0.12278045 0.26700777 0.52593714
0.22343783 0.2735467 0.47543705
0.19568834 0.6091278 0.6113739
0.2134921 0.5617761 0.6710936
0.23559938 0.6335513 0.37838745
0.17083761 0.6679512 0.28436983
0.22090667 0.40895227 0.23646927
0.0647946 0.39700404 0.23764282
0.092778355 0.39717734 0.23877196
0.072225556 0.40028793 0.24382152
0.50721085 0.40466353 0.97926694
0.19278792 0.35821646 0.38555384
0.35017002 0.6282312 0.20937803
0.18384516 0.5923508 0.16627257
0.15263575 0.53263295 0.20328921
0.13581795 0.46412843 0.2545597
0.032326806 0.36106634 0.17072645
0.093108684 0.89867675 0.10321592
0.23292667 0.3732658 0.16795583
0.14363447 0.49090382 0.14239758
0.17113681 0.49015778 0.13858742
0.09829956 0.5320705 0.46064943
0.09827359 0.4930065 0.45592922
0.11682788 0.48515254 0.49992722
0.1323005 0.48435688 0.50598115
0.086459905 0.42561555 0.45908505
0.1640859 0.54766804 0.50901437
0.37413794 0.19959024 0.7226552
-0.089828834 0.29206628 0.8700396
0.33373073 0.2093781 0.69451106
0.20817068 0.34982938 0.29863924
0.116196394 0.31904876 0.29471564
0.17689611 0.3416665 0.28014922
0.14056319 0.49974218 0.34080976
0.18390551 0.5428145 0.350708
0.21977451 0.5563574 0.31908762
0.19153282 0.5964007 0.3859083
0.17435327 0.5706144 0.31357825
0.23236424 0.62485486 0.339644
0.19830893 0.5753182 0.5549131
0.15540278 0.73060346 0.46608746
0.1251927 0.49761763 0.28096664
0.21847568 0.50923085 0.29584932
0.20255636 0.48145863 0.27725625
0.30051813 0.19413173 0.57010454
0.028295767 0.34402516 0.17426762
0.05524908 0.38143855 0.15965945
0.03292699 0.33681706 0.21495052
0.031224862 0.41474342 0.18143453
0.026607983 0.40119237 0.1883274
0.0805314 0.3189167 0.53351074
0.114673555 0.38580418 0.6122813
0.06650657 0.4882456 0.5765264
0.08822376 0.38481736 0.56521827
0.08009315 0.39166576 0.54191804
0.12336412 0.4095968 0.5798516
0.32865143 0.3552361 0.26047915
0.08724552 0.5807025 0.2827
0.07335365 0.42994475 0.3225882
0.12948164 0.40858364 0.3198527
0.15180409 0.7355054 0.32405335
0.18438186 0.4561842 0.28420484
0.115757346 0.55612546 0.27999616
0.23265374 0.17595969 0.5487108
0.08826634 0.13250999 0.57173336
0.42176923 0.2132353 0.5831326
0.052015215 0.108684644 0.5686801
0.942149 0.40571547 0.6021695
0.8901074 0.36270216 0.6030593
