0.07579391 0.59651184 0.4880054
0.08602604 0.40400353 0.49328732
0.20960778 0.5199002 0.49732122
0.10729166 0.48446152 0.47562525
0.101796366 0.47687608 0.4820195
0.08508852 0.009588465 0.62910074
0.09831044 0.0044029877 0.4897146
0.1422483 0.04616742 0.7489358
0.036919344 -0.017272897 0.6049958
-0.09905342 -0.05113008 0.60704225
-0.02170708 0.58714545 0.23621804
0.0015215464 0.3282924 0.29973292
0.08384 0.24313371 0.33653307
0.02396641 0.75863135 0.3034544
0.016624816 0.35606757 0.3290495
0.0413886 0.59294605 0.55376047
0.3504506 0.50759387 0.5438316
0.07816797 0.38211712 0.4918185
-0.0037904456 0.007435672 0.5829135
0.7171328 0.2679931 0.62945825
0.072361566 0.02884318 0.55735725
0.04730282 -0.005815983 0.6852517
0.07659284 0.0816717 0.69233483
0.69519323 0.24803132 0.5044025
0.5549634 0.31845 0.53018206
1.0070353 0.3857803 0.49491987
0.2862103 0.37140626 0.7853075
0.85005856 0.40996462 0.5835617
0.41950092 0.2540847 0.70558065
0.8089791 0.4045196 0.7213306
0.11339955 0.51963115 0.5979767
0.21979558 0.53574824 0.29387066
0.21666095 0.54611063 0.28848192
0.14689085 0.72770095 0.2714785
0.039455976 0.32446367 0.46950838
0.6744774 0.42544237 0.4250122
0.055389125 0.43445218 0.56493604
0.080456585 0.40988305 0.5564121
0.19973484 0.5164522 0.45186093
0.18313274 0.5186969 0.46949562
0.20282981 0.45311856 0.5520644
0.19050872 0.5833732 0.54362553
0.0893189 0.8602394 0.46864676
0.07676834 0.784922 0.47840264
0.83309585 0.84713805 0.39806095
0.4490816 0.76894593 0.35010174
0.6140788 0.73478293 0.32014292
0.59779567 0.7124404 0.30679277
0.8605422 0.83565605 0.30568448
0.83235145 0.8151785 0.26332402
0.024851128 0.027631689 0.55541164
0.054195065 0.09362161 0.6391245
0.10902116 0.09141897 0.6459895
0.05821684 0.03928811 0.6491803
0.5544155 0.20261902 0.53327113
0.0011441857 0.069128275 0.5074841
-0.00016395748 0.037649207 0.5016039
0.07935124 0.8424902 0.22634217
0.080329135 0.8109542 0.18740594
0.13906091 0.7701696 0.23662025
0.11895336 0.82932293 0.18368584
0.14217484 0.82559776 0.17830835
0.68892044 0.4725065 0.6865989
0.6931221 0.503952 0.7258024
0.9001667 0.58409595 0.68027675
0.7233954 0.53974366 0.68571424
0.7638115 0.6067374 0.6488268
0.82237476 0.7151344 0.7348016
0.36283618 0.19888195 0.51681894
0.3005397 0.2074542 0.57044804
0.08920809 0.28831908 0.32462773
0.57676804 0.41973197 0.41492125
0.3251043 0.37151477 0.45801154
0.29281574 0.3689442 0.33523452
0.318675 0.3909547 0.31641674
0.27128682 0.58875453 0.6759521
0.39005515 0.6030561 0.58634144
0.42725694 0.5465959 0.6648128
0.6784888 0.6884146 0.64329267
0.6524411 0.70399475 0.66620255
0.47396162 0.5669986 0.5051037
0.44578156 0.55696476 0.5431687
0.18199962 0.48405674 0.50860566
0.20281833 0.45065418 0.4817557
0.3005742 0.4708092 0.2986826
0.31825924 0.4880891 0.33349493
0.33819813 0.51386654 0.3433887
0.17203894 0.69692063 0.294508
0.69717413 0.7526642 0.24177215
0.82819015 0.8102112 0.21806943
0.91919774 0.93479884 0.17856175
0.3807332 0.6680919 0.5103648
0.34148312 0.58531606 0.5028549
0.17126141 0.038965523 0.6340755
0.14601895 0.055058364 0.60873574
0.18578506 0.021236442 0.66904664
0.10859249 0.040185504 0.58552146
0.17798686 0.10716139 0.72850716
0.05494864 0.0843655 0.60763216
1.0212708 0.39779982 0.63256586
0.57117385 0.17573896 0.41424137
0.51963234 0.20483918 0.6076999
0.23932782 0.21467817 0.6308503
1.0121939 0.4028331 0.609724
1.1097922 0.40702847 0.62275517
0.1556691 0.29054663 0.58871454
0.81281143 0.34640387 0.76129043
0.89552486 0.43803558 0.5750278
0.11760931 0.5871167 0.2866044
0.08112489 0.78028226 0.24652898
0.0982656 0.9533633 0.19725153
0.123640835 0.57813776 0.22409979
0.11536172 0.43952098 0.21934769
0.14724582 0.48901978 0.2243891
0.57213026 0.5482881 0.4892883
0.7416796 0.60404277 0.46827653
0.63717514 0.5994481 0.5061404
0.5855649 0.60199046 0.5160822
0.7732968 0.5691855 0.581268
0.84684426 0.50162673 0.51848584
0.218225 0.29574215 0.57580245
0.82467604 0.31341332 0.47628438
0.059694827 0.005871564 0.48274702
0.33012208 0.11769225 0.4715434
0.14651802 0.028979987 0.540958
0.81882954 0.3074576 0.48536992
0.49723533 0.16944873 0.47981143
0.40630832 0.19215837 0.5133751
1.0219074 0.42649394 0.4414998
0.836322 0.31488925 0.55986816
0.0027773902 0.2840889 0.24101147
0.12709424 0.29249352 0.20696494
0.9787204 0.4921325 0.24263397
0.3166065 0.30651975 0.21556902
0.15116188 0.3620143 0.16025206
0.2094371 0.29443714 0.1991579
-0.005500503 0.6374093 0.20671189
0.5251412 0.177362 0.048890583
0.0047517717 0.50143325 0.17049262
0.16089666 0.34459907 0.23999223
0.33294615 0.18170874 0.3778105
0.054232344 0.27080947 0.6364678
0.06824431 0.29054862 0.64084506
0.06887106 0.2941022 0.5530495
0.045756854 0.0062449276 0.526271
-0.31679067 -0.098597124 0.36633766
-0.15042901 -0.05661086 0.37981752
-0.009491384 -0.0073523372 0.46042007
-0.03932283 -0.035800025 0.5741847
0.013439976 0.01278156 0.4976881
0.16789499 0.05537578 0.4922559
0.0779053 0.005567346 0.6772287
0.17043322 0.07897996 0.5005683
-0.0781324 -0.04829304 0.45007262
0.13025296 0.5232599 0.62940013
0.064997755 0.5375299 0.62877625
0.29324764 0.47558105 0.6689912
0.052298926 0.51849425 0.6887867
0.10994587 0.5329007 0.650386
0.21590158 0.6169876 0.63957745
0.20462736 0.6803942 0.6107842
0.29546416 0.5953171 0.5472348
0.34960547 0.5220971 0.6262907
0.75788355 0.48494935 0.72500193
0.5074878 0.5514698 0.6458946
0.3241395 0.46900693 0.6051822
0.5059354 0.6206782 0.614331
0.05815135 1.1127737 0.47164136
0.4952634 0.578966 0.740216
0.0809747 0.96155775 0.30915913
0.10400428 0.5266257 0.7296261
-0.043033622 0.49872336 0.6468066
-0.035247006 0.48056227 0.6581073
0.093062915 0.4357238 0.5586133
0.81685215 0.63056123 0.57719857
-0.041738622 0.44579253 0.5980923
0.0020202287 0.3244539 0.63576734
0.06966368 0.36546686 0.5980166
0.9897616 0.5233437 0.63764626
0.08822766 0.48911175 0.4397092
0.65312594 0.43582314 0.53344804
0.3942757 0.46416152 0.55167353
0.33698043 0.44257572 0.5201398
0.21597421 0.2980561 0.49896222
0.9210337 0.3645398 0.49176922
0.9671388 0.41428694 0.43476716
0.9493236 0.38552406 0.40430158
0.92236876 0.35516813 0.51438993
0.89326245 0.35158876 0.4932114
0.8980734 0.34144697 0.4295356
0.9306087 0.35857332 0.5213306
1.2047026 0.31398025 0.49526742
1.0690637 0.42989558 0.5582844
0.0414875 0.61040795 0.8227458
0.036009617 0.8336618 0.8329567
0.05182798 0.72729135 0.8113731
0.040646728 0.4552646 0.73493665
0.0630145 0.90568304 0.8116164
0.059062563 0.66791 0.81117815
0.059857912 0.40314165 0.84665495
0.06834911 0.6429343 0.8662131
0.94956213 0.41852942 0.668814
0.8989249 0.34893945 0.56375587
0.6838198 0.26855248 0.5417213
0.8649018 0.33152753 0.64786243
0.9395868 0.3785711 0.62441355
0.9350521 0.40605965 0.62540334
0.20679694 0.50996095 0.6756922
0.15238148 0.47012705 0.68748033
0.31625637 0.56932414 0.39252827
0.78143865 0.52097994 0.35163918
0.68747663 0.6449939 0.4258028
-0.050476365 0.49806294 0.3873927
0.68401533 0.5755389 0.24240947
0.33707327 0.5906992 0.56176573
0.11523326 0.28243008 0.4158005
0.041104928 0.28222498 0.42352036
0.026272956 0.33760458 0.45247433
0.22477198 0.32603806 0.39058086
0.010354418 0.4718104 0.41181654
0.014975712 0.37570444 0.43041256
0.07778339 0.2969935 0.48580137
0.033594754 0.44868603 0.5288191
0.036942743 0.63174033 0.3893642
1.3251959 0.6378137 0.5093954
-0.0032342523 0.30957514 0.51558024
-0.03813155 0.30875355 0.54024947
-0.0026211664 0.7716303 0.4811736
0.100512356 0.826632 0.50082767
0.040715106 1.1453063 0.5029441
-0.04776989 0.31119132 0.5652022
-0.012848556 0.32113945 0.5423138
0.13117093 0.6580225 0.63812983
0.15829882 0.6091113 0.6669613
0.23505074 0.63522816 0.4048028
0.14581203 0.72388303 0.28607768
0.02553565 0.49709025 0.24642923
0.0752145 0.497703 0.20348151
0.01522696 0.48388323 0.2509534
-0.00982701 0.46034792 0.2663512
0.5102663 0.61736286 0.94662404
0.010556892 0.4744924 0.49742135
0.32563642 0.6378095 0.19708991
0.16924617 0.64508283 0.18011913
0.17920777 0.61058605 0.16020502
0.14429101 0.53934854 0.18053931
0.07530509 0.35597375 0.09510939
0.120303534 0.71775603 0.1070555
0.24668398 0.31625685 0.1562367
0.16678414 0.5330142 0.15045175
0.17945147 0.5679945 0.12519063
0.5162368 0.19210473 0.52937186
0.83246124 0.29599994 0.46944413
0.79312843 0.22426936 0.43444833
0.05960561 0.5112057 0.49137118
0.03604006 0.4945658 0.48617622
0.06448885 0.4702125 0.5238512
0.08861203 0.46174133 0.51036054
0.0073560774 0.5185869 0.5599631
0.08855748 0.68331623 0.5234003
0.44695604 0.23144624 0.7138299
0.035043545 0.3194957 0.86992943
0.37253192 0.15459171 0.7493251
0.7298939 0.38496387 0.20747319
0.735713 0.39368054 0.27200294
0.66435367 0.36024037 0.24973214
0.20219639 0.36312622 0.30934173
0.11876204 0.29715106 0.29193693
0.13189062 0.33179742 0.2813891
0.14404956 0.5280212 0.41755202
0.2044326 0.55898285 0.4002366
0.10227552 0.63311875 0.32980403
0.20565212 0.62127817 0.40165883
0.20080051 0.6095209 0.3083684
0.20735338 0.6205138 0.37441
0.16518053 0.606652 0.5704773
0.15678734 0.60524607 0.526385
0.085592926 0.5552399 0.3564573
0.13280973 0.7741585 0.34943816
0.052994035 0.58939123 0.4077306
-0.02133844 0.23138115 0.6196754
-0.07874083 -0.03491552 0.53252935
-0.031798705 -0.026268102 0.5135971
0.11981965 0.018933177 0.6294369
0.06481308 -0.0066493303 0.6729049
0.028496165 0.026754223 0.6604627
0.07416397 0.060911052 0.6859416
0.06661331 0.0142627545 0.5625255
0.013970047 0.4796776 0.13051273
0.054924525 0.49736592 0.18131539
0.024582334 0.42879918 0.18869334
0.021049235 0.46140066 0.16211715
0.01004171 0.4906247 0.16007245
-0.036228903 0.36513445 0.56455934
0.059233535 0.43928775 0.60932577
0.043751165 0.42122385 0.59751016
0.0051430278 0.39725503 0.5737831
0.052283157 0.42029217 0.5618904
0.12195107 0.44861934 0.5726024
0.051812522 0.59232736 0.31272897
0.08088959 0.6822524 0.29928938
0.082193375 0.5109068 0.34026304
0.07040694 0.4765598 0.37577018
0.16418862 0.78593445 0.35564503
0.07392378 0.62671006 0.3657457
0.089829914 0.58706677 0.3525329
0.13321671 0.053297367 0.6096631
0.5637583 0.2909863 0.60028636
0.51441455 0.23451917 0.5737023
0.06125316 0.13674155 0.5696019
0.85223395 0.419618 0.6678359
0.78541386 0.3940806 0.6700096
0.2683426 0.06517525 0.43688086
0.24635494 0.07539642 0.42679986
0.32436043 0.088071525 0.5710799
