0.03720425 0.613887 0.44350818
0.09166993 0.41789287 0.43777004
0.17402118 0.5135427 0.50090253
0.1079399 0.45249653 0.47511727
0.07500535 0.4780624 0.4635558
-0.018755335 0.60197717 0.248732
0.0022674464 0.24340276 0.27741772
0.047937356 0.19845109 0.30573955
0.0155992545 0.7249113 0.2744412
-0.037640516 0.41351885 0.31754044
0.05237214 0.55228364 0.58998
0.32091635 0.5105059 0.5310586
0.0155861415 0.36693454 0.49197993
0.3155864 0.32602853 0.85651106
1.0220987 0.43471152 0.62660736
0.56550854 0.334208 0.77514213
0.754487 0.36217558 0.7331538
0.20332965 0.4167248 0.67481816
0.25003856 0.49617308 0.28753495
0.21924941 0.5415287 0.31076714
0.18092382 0.6320067 0.30771095
0.5365081 0.3625903 0.38498595
1.1107922 0.5335197 0.51942337
0.04092918 0.4427377 0.588626
0.048324656 0.38453507 0.58481646
0.19693239 0.4665798 0.4088338
0.16044623 0.49076384 0.44395807
0.18761216 0.433635 0.596158
0.13135903 0.54073733 0.561987
0.0933511 0.78769 0.54033875
0.10082651 0.78159183 0.48812434
0.8054176 0.81553143 0.38099247
0.42450935 0.74012333 0.30497977
0.56205696 0.717539 0.25709537
0.55965924 0.6944539 0.22551614
0.81633 0.84138227 0.28735417
0.74676424 0.7547501 0.2460716
0.06288095 0.8475475 0.21864036
0.06239186 0.82395107 0.18112373
0.11069602 0.7695504 0.22352457
0.16615468 0.72374904 0.18802974
0.1393927 0.8717295 0.19308975
0.6873093 0.44303805 0.6871741
0.6999099 0.5258278 0.7179553
0.95450854 0.58417743 0.67263234
0.7265538 0.5491744 0.6833792
0.74214214 0.5720143 0.63160866
0.80555063 0.70513844 0.7506387
0.33933473 0.17894016 0.48967472
0.3155899 0.24397044 0.55261207
0.060482778 0.25761455 0.27985418
0.27599898 0.32939583 0.334714
0.3702339 0.40351087 0.44471517
0.24998403 0.36885524 0.29496515
0.3239044 0.36197037 0.30115947
0.19701487 0.56825775 0.6999243
0.38563505 0.547984 0.60379165
0.3622241 0.47963637 0.6862023
0.6331542 0.65115786 0.5877833
0.64572066 0.69762594 0.64209926
0.67136997 0.62227356 0.47357005
0.43056124 0.5792083 0.52934086
0.1651383 0.47281635 0.482193
0.12934728 0.44760048 0.48552662
0.2545933 0.46072263 0.31732696
0.22140211 0.4537894 0.3072051
0.28522646 0.4799258 0.30656916
0.3660306 0.66231877 0.47151372
0.32539412 0.5390379 0.47581416
0.462233 0.1370255 0.55248415
0.71687514 0.31521225 0.6441655
1.0526618 0.43533355 0.67140627
0.99290943 0.3960529 0.5908562
0.15025838 0.24918386 0.651752
0.86448866 0.33665597 0.76450664
1.0137066 0.43290794 0.5881652
0.080716014 0.6309374 0.24922287
0.063453734 0.7329183 0.26730582
0.06304472 0.9325977 0.20997185
0.09725827 0.6290296 0.21093312
-0.014327038 0.3110026 0.23239917
0.13992728 0.36258137 0.16780652
0.5435939 0.5461161 0.5270706
0.6213962 0.5629863 0.47408998
0.64944774 0.61911905 0.5259388
0.6144244 0.61734337 0.5311349
0.7336051 0.5581959 0.59954613
0.69332576 0.43448198 0.5368187
0.2640293 0.30540225 0.5345778
-0.025190998 0.38607246 0.24286282
0.093027025 0.37742096 0.19447714
0.9199468 0.46849352 0.26520708
0.4945418 0.36646414 0.20923388
0.12548104 0.4504503 0.1708961
0.14675584 0.304056 0.16900855
0.0071105585 0.63174266 0.21509917
0.5078092 0.30676568 0.29309267
-0.021360558 0.48293793 0.16605002
0.00032551214 0.4047495 0.21546665
0.1261055 0.46992332 0.6286905
0.029529711 0.69460225 0.6128672
0.24702622 0.45406085 0.6789937
0.12924911 0.49597955 0.6950662
0.1393319 0.5343375 0.668943
0.15860486 0.5114912 0.6442843
0.26199752 0.5618244 0.65292513
0.21530713 0.5079996 0.58039427
0.37279856 0.48930126 0.64044905
0.8931163 0.46188968 0.6259011
0.3572065 0.4781559 0.6770841
0.32833818 0.44428217 0.6321492
0.4711411 0.6456633 0.57165223
0.042619962 1.1229032 0.52458996
0.49734786 0.6081583 0.7480264
0.07115332 0.94968253 0.37572736
0.10127674 0.4744252 0.82139194
0.10404354 0.47452796 0.63629365
0.076234415 0.47474408 0.7094885
0.08968997 0.4623264 0.577173
0.687394 0.59863245 0.5439486
0.040764935 0.45318002 0.58532935
-0.007932376 0.30221575 0.64343786
0.09131003 0.36717147 0.6228784
0.98876345 0.53750885 0.611795
0.11640713 0.6773539 0.40872806
0.96144056 0.5127333 0.3864221
0.38079023 0.4753251 0.5846953
0.24899048 0.39037037 0.551169
0.19703755 0.30700612 0.44632787
0.014164235 0.4433989 0.81440794
0.055125367 0.7165932 0.8236182
0.058601905 0.5365027 0.8021462
0.07811389 0.42884934 0.8170624
0.08469464 0.57197887 0.86311233
0.023448218 0.41958314 0.7965122
-0.020006169 0.32317644 0.8275926
0.060297806 0.43917328 0.84584755
0.15090807 0.49412858 0.72734827
0.14302994 0.4661889 0.72121847
0.7410757 0.4995457 0.35625467
0.9156659 0.45763618 0.43793905
1.1381795 0.6226848 0.48389852
0.32469463 0.47151786 0.32771564
1.0287184 0.5861823 0.33933094
0.6280915 0.4188764 0.22773013
0.26495916 0.31701636 0.38825783
0.0006958209 0.28996056 0.40745074
0.029815625 0.33913523 0.35970992
0.052733555 0.37727487 0.42250878
0.024295904 0.42644244 0.41366497
0.009414278 0.4185794 0.40531784
-0.008809511 0.3074168 0.42269263
0.042746853 0.37890095 0.47311193
0.0181811 0.5118317 0.4332657
1.1484354 0.61215895 0.41893294
-0.032284264 0.3210827 0.4673996
-0.022555586 0.2968036 0.53017527
-0.0012964271 0.7358029 0.47554836
0.11028795 0.7124969 0.61653435
0.037404988 1.120844 0.526739
-0.037277926 0.310671 0.50921935
0.03281537 0.34331173 0.44647866
0.16313553 0.6105712 0.68588066
0.15032622 0.5610557 0.6996671
0.17465594 0.6989147 0.3342266
0.13212729 0.718069 0.27021137
0.02373258 0.5029818 0.24651703
0.07133578 0.4994303 0.19476181
0.009464525 0.49692374 0.21698175
0.021038022 0.48917186 0.22477326
0.4569219 0.34372634 0.5341099
-0.024463687 0.4438151 0.41545787
0.29714045 0.65297705 0.19266313
0.18276887 0.602086 0.18766266
0.17187582 0.58981854 0.15827921
0.07952294 0.5270039 0.13505924
0.08998981 0.409387 0.14982891
0.059513837 0.74305886 0.1265815
0.19875175 0.43004298 0.12515685
0.17009184 0.47834986 0.12593651
0.14912248 0.5023527 0.1212461
0.071659826 0.5853432 0.49064285
0.077936575 0.5802315 0.45970896
0.07591896 0.45443588 0.49714327
0.08679262 0.43865108 0.49786314
0.09817119 0.609177 0.51579815
0.1501129 0.6883542 0.5185431
0.41613433 0.21291476 0.72679746
-0.014357019 0.29701388 0.87699884
0.22359863 0.07723141 0.7995943
0.20028234 0.35965616 0.30147696
0.12844412 0.28326744 0.26734093
0.111348525 0.34917402 0.2590667
0.15318951 0.47767967 0.3768639
0.1888475 0.5333764 0.36353964
0.13692892 0.57395583 0.32747948
0.19425288 0.59070665 0.38993388
0.11809075 0.57574886 0.27025223
0.20999935 0.62277013 0.35929236
0.14860082 0.5768102 0.58794403
0.13560323 0.58940566 0.5440217
0.025681406 0.50630355 0.35418126
0.0949758 0.6505719 0.36472705
0.010622427 0.49784338 0.4043158
0.24335903 0.24808098 0.580369
0.02190134 0.47559422 0.11916563
0.046819806 0.42098308 0.15253939
0.04406543 0.40636384 0.16674203
0.03261149 0.4619372 0.1655528
0.020218357 0.47489917 0.15480937
-0.06856665 0.3313446 0.5455518
0.06890318 0.40327972 0.63084435
0.06444675 0.41398436 0.6228421
0.01545329 0.38481593 0.61149406
0.06607178 0.41085792 0.57833266
0.08307862 0.408665 0.5756163
0.02629304 0.5533511 0.3267016
0.07210471 0.593602 0.29191667
0.07684086 0.42603213 0.29190254
0.051051524 0.4438544 0.35273635
0.11396751 0.7770824 0.38437673
0.0502483 0.5516364 0.33611217
0.064635955 0.57023 0.32362798
0.27430022 0.114263386 0.5014903
0.53015774 0.25156385 0.60790753
0.24585314 0.116449244 0.6048031
0.05796527 0.06365438 0.5665938
0.9125711 0.39482802 0.6087964
0.83871704 0.3439793 0.61522645
