0.08455922 0.53485733 0.41921246
0.1321069 0.4352398 0.503324
0.18946952 0.5254056 0.49595022
0.10667593 0.45022002 0.47770554
0.109255545 0.45253655 0.50359243
0.008819334 0.52744514 0.24967486
0.041783236 0.23951012 0.31143272
0.04874467 0.25465384 0.29218125
-0.0039622486 0.93610775 0.25895864
0.034786627 0.4862479 0.2939541
0.07855804 0.5038512 0.56751716
0.09629035 0.55964106 0.5455372
0.10448725 0.37219623 0.5111435
0.55631834 0.35290948 0.8299335
0.8953003 0.4200314 0.5747389
0.47294575 0.30350438 0.7317415
0.9363199 0.4276394 0.75383675
0.10242742 0.45661613 0.5718728
0.28456515 0.49837026 0.29408354
0.21673769 0.5529266 0.30434445
0.15474956 0.68953145 0.27738306
0.31162107 0.4157891 0.41229206
0.6994701 0.4140592 0.42343163
0.05371795 0.51252794 0.5681946
0.10477316 0.35205603 0.5727171
0.20877092 0.49347475 0.43110695
0.18887018 0.50394726 0.449695
0.1851781 0.47211668 0.5831652
0.16365327 0.6333006 0.5330786
0.10962884 0.72540736 0.55717653
0.106992 0.73155177 0.50438666
0.7845108 0.77305615 0.3944897
0.29188964 0.7614751 0.31622058
0.6390244 0.73383766 0.27256033
0.63827604 0.74205995 0.26665142
0.8090625 0.8399445 0.29162133
0.7728767 0.70687324 0.2883739
0.07809895 0.84930336 0.21422747
0.0677574 0.78330165 0.20922634
0.101879045 0.7870322 0.21776073
0.13810436 0.78082025 0.19010383
0.10519524 0.9237913 0.18146664
0.718139 0.4838628 0.6437897
0.72658706 0.5237143 0.69247764
0.8766828 0.5340124 0.64189136
0.751082 0.5640241 0.6581148
0.76101977 0.58960325 0.643584
0.8220558 0.7288449 0.73802835
0.388165 0.2034589 0.4662499
0.34634942 0.23324785 0.58295876
0.06243158 0.32153133 0.27109692
0.33726233 0.33540657 0.3228424
0.3044264 0.36487702 0.4554186
0.29581282 0.42841977 0.324195
0.3237229 0.43658632 0.30221984
0.23101188 0.5717743 0.69358957
0.48448533 0.5976978 0.56314516
0.41481394 0.5169039 0.65645474
0.6057535 0.64582515 0.63633883
0.6218888 0.7086242 0.65479344
0.9991204 0.633571 0.58650255
0.41996378 0.554239 0.5367773
0.16752946 0.4689107 0.5253427
0.19276068 0.46335647 0.48402512
0.23141722 0.4641208 0.29643267
0.23040542 0.47435513 0.33490795
0.2622893 0.488698 0.3585275
0.32547897 0.6413095 0.52614826
0.2686209 0.5039661 0.551596
0.22935827 0.10067618 0.57099307
0.50462365 0.28140503 0.6750039
0.9475837 0.34747222 0.65884286
0.86938184 0.31959334 0.57610446
1.1314423 0.47808084 0.57838064
0.799717 0.33873543 0.7747542
0.85085344 0.35963202 0.595774
0.059966967 0.6395525 0.25774583
0.062203854 0.7936578 0.24745208
0.08480145 0.95457107 0.16721834
0.107767254 0.63396716 0.18244074
0.06186766 0.4992757 0.30542228
0.20409022 0.48335814 0.2045531
0.62014526 0.53341895 0.50472015
0.7698118 0.5844246 0.49879274
0.5791015 0.5751176 0.51223046
0.58642477 0.59535336 0.52595085
0.8461651 0.6059371 0.60008126
0.75440156 0.46750987 0.55039734
0.21434976 0.3331213 0.5616601
0.028314248 0.3535638 0.25373283
0.27526307 0.35143116 0.23245233
0.6857899 0.39548695 0.23097065
0.3904801 0.3373119 0.23580644
0.31969994 0.39353693 0.22333172
0.20200282 0.32298625 0.22104487
-0.0065881163 0.60767823 0.21048671
0.38915944 0.20536828 0.19894648
-0.026938394 0.55333257 0.17225333
0.070859104 0.28792948 0.23249748
0.11195512 0.47561127 0.5974854
0.061978266 0.5757975 0.6182218
0.286407 0.45778897 0.6682261
0.119202286 0.4375997 0.6482803
0.13650909 0.50324947 0.6815459
0.40003908 0.60458314 0.5556448
0.35030293 0.65943336 0.57668495
0.2585013 0.59138644 0.52202725
0.35113752 0.46285245 0.664291
0.5567425 0.45625362 0.6614306
0.42873055 0.495775 0.65739197
0.34907043 0.5074017 0.6598198
0.4160025 0.57861096 0.5766371
0.03926611 1.1253358 0.52213717
0.41483724 0.55712205 0.7627426
0.09148478 0.9354232 0.33047983
0.13941659 0.49094936 0.7160292
0.08295581 0.68135583 0.60160255
0.07697205 0.5651954 0.66502434
0.2070955 0.5225209 0.53170884
0.67506427 0.6240861 0.52826554
-0.01457651 0.66652715 0.5411265
0.04242692 0.2880445 0.5985487
0.09879532 0.3358457 0.61284304
0.84195185 0.5458162 0.5770229
0.3729214 0.6936642 0.39945337
0.35024083 0.41899097 0.3565479
0.39231735 0.48539856 0.5941466
0.26731497 0.4807887 0.5456572
0.23680349 0.35083547 0.48024258
-0.03984432 0.5571716 0.84518915
-0.0075622797 0.89363503 0.7950467
0.009520575 0.7455448 0.7954784
0.09324052 0.43446597 0.7709877
0.02105695 0.8503829 0.80573267
0.024853945 0.5893767 0.8037124
-0.11599681 0.2880391 0.8717164
0.035687342 0.5595111 0.8869652
0.19831087 0.49390295 0.69023746
0.17034948 0.45474726 0.6905948
0.18724209 0.46788034 0.32627046
0.34073985 0.36623722 0.3168324
0.32529014 0.48726586 0.35361364
0.2601741 0.52618897 0.36514282
0.54392964 0.3565203 0.330029
-0.46479493 0.18422118 0.33051297
0.14840202 0.28768775 0.38524026
0.06573441 0.33419293 0.4034016
0.018177703 0.4588276 0.35632268
0.11039266 0.46784547 0.4257729
0.013532575 0.44974652 0.39908046
-0.037125252 0.4837459 0.39073938
0.00013089925 0.34689668 0.4251697
0.14088988 0.4309381 0.5244622
0.032444187 0.5775356 0.4046109
0.5272738 0.45804325 0.46404287
-0.016905792 0.35893703 0.4986621
-0.019376427 0.3046571 0.51700145
-0.016506419 0.7767796 0.4647811
0.064568594 0.95900834 0.5740564
0.060725063 1.0638335 0.52411366
0.019680962 0.39566228 0.51678
0.047836937 0.41555545 0.46625805
0.13318023 0.5670563 0.67561936
0.16639343 0.5463897 0.71961516
0.18581788 0.6549654 0.39947674
0.10865424 0.75403965 0.2789301
0.026011493 0.4929947 0.21484965
0.048401177 0.51092285 0.16836151
0.07912372 0.4794557 0.2009432
-0.0017583072 0.43441597 0.22947592
0.49775028 0.483133 0.86666584
0.055846214 0.5219215 0.41533643
0.3270892 0.64953876 0.1825663
0.14568347 0.5837069 0.21398693
0.12212781 0.546362 0.19101846
0.0871515 0.5491528 0.20916048
0.00019151717 0.38388506 0.09058813
0.081213966 0.78614247 0.040340655
0.117760696 0.4671617 0.12944718
0.19312756 0.5047983 0.14628828
0.16142617 0.5139649 0.120200805
0.06935359 0.57323456 0.46345228
0.06985992 0.5034702 0.43491697
0.08913173 0.46091637 0.49013674
0.10095169 0.46382266 0.4906495
0.062660456 0.552907 0.496733
0.10327548 0.7011666 0.48258626
0.41521752 0.22051084 0.6879189
-0.05763574 0.3321237 0.88513225
0.44708407 0.19129705 0.7665009
0.18290314 0.3436234 0.2963295
0.14963043 0.32067108 0.26348692
0.14035618 0.3607623 0.26875767
0.13945477 0.5195806 0.35608894
0.21266963 0.58006704 0.32796088
0.09962704 0.6231086 0.31152707
0.21031259 0.6503142 0.38748884
0.16340402 0.5813634 0.3175196
0.21410343 0.6311866 0.3434532
0.16555206 0.58091915 0.5723172
0.13870654 0.61080563 0.5411673
0.022038128 0.5183385 0.29983813
0.07772045 0.68525213 0.27771416
0.019766942 0.5748491 0.30335692
0.409523 0.289852 0.59632355
0.072523415 0.4773107 0.11316657
0.036134165 0.4458289 0.15930976
0.04777197 0.4174184 0.16473764
0.023749303 0.45780152 0.16851088
0.04762449 0.45623633 0.14957069
0.033115365 0.3833302 0.50108975
0.0816782 0.38284606 0.5778212
0.06168425 0.3953813 0.56301564
0.053113148 0.3678379 0.5427348
0.05764827 0.46438885 0.51890576
0.14315686 0.38788566 0.52603805
0.019164823 0.5469156 0.27243504
0.080751166 0.5570509 0.31228665
0.07744805 0.4708361 0.31346154
0.08168094 0.4866754 0.3063145
0.13107747 0.7003722 0.35766423
0.061725624 0.5793699 0.29838276
0.06018482 0.58056295 0.30615234
0.3635807 0.16567382 0.52739334
0.13386641 0.09911039 0.6296888
0.36719078 0.17144918 0.59935886
0.054779448 0.059429213 0.5936587
0.7648147 0.3917131 0.5711363
0.67792505 0.31757265 0.5850281
