0.08243653 0.4800215 0.43902636
0.110796645 0.42682293 0.44839296
0.17283148 0.5510575 0.47602156
0.090699315 0.48651078 0.4476185
0.10818047 0.45329478 0.4781218
0.03224691 -0.01875756 0.53762317
0.149121 0.034929633 0.49764302
0.36300445 0.13100818 0.74120736
-0.05725538 -0.06021536 0.6032357
-0.14278924 -0.0672415 0.57396686
-0.041300297 0.6499457 0.20677829
-0.01740662 0.37554723 0.21047014
0.10548051 0.21147299 0.2713216
-0.034385018 0.695951 0.27838004
0.023728251 0.45315287 0.31038362
0.039193638 0.5941684 0.54106486
0.12822065 0.49393234 0.5478028
0.10357194 0.38946936 0.47004035
0.11256118 0.02548714 0.52467024
0.051601887 0.031020477 0.556896
0.15374768 0.056001678 0.5014348
0.01688242 -0.028095335 0.60809827
0.0603916 0.084250435 0.56666535
0.7939017 0.36329094 0.4832177
0.9000784 0.37621278 0.61549175
1.097488 0.417543 0.5913559
0.79574764 0.4240044 0.8384719
0.9818703 0.4336553 0.68087065
0.62870705 0.36328104 0.7680087
0.8656756 0.4110318 0.72480905
0.2609193 0.38845628 0.6444329
0.1835154 0.5461136 0.29665288
0.19936791 0.5312585 0.31615752
0.16002215 0.63944805 0.3029852
0.40279412 0.33326283 0.43201813
1.086281 0.48243776 0.5269313
0.047918595 0.4008667 0.61156666
0.12706622 0.38627014 0.54971313
0.19108412 0.5109939 0.43852156
0.16676441 0.5073518 0.4469787
0.18233818 0.46046826 0.58037984
0.119167805 0.65633035 0.49949828
0.07283715 0.85308844 0.5058234
0.07229542 0.7603189 0.49209288
0.822868 0.80368245 0.38841245
0.33235085 0.7186597 0.37993714
0.6096262 0.70571625 0.3237403
0.56164944 0.6975199 0.24851656
0.84980106 0.82310814 0.31281066
0.7865446 0.7513375 0.2562
0.050964795 0.04766448 0.49295622
0.016257454 0.01950321 0.5361037
0.07557693 0.08366301 0.48427573
0.035208218 0.021234527 0.5870086
0.009556316 0.009593554 0.5416132
0.029306471 0.041979723 0.51841176
0.14043877 0.10878554 0.53902006
0.07450986 0.8083002 0.24658859
0.07740106 0.7350129 0.23024353
0.14450619 0.66914916 0.26234663
0.14784405 0.68571067 0.22244516
0.13702539 0.82394254 0.20128593
0.65320665 0.43373564 0.6735904
0.70916015 0.49650094 0.7014649
0.9761574 0.59682006 0.6679667
0.7324482 0.5377102 0.6961918
0.759303 0.59281856 0.6669545
0.83675057 0.7129805 0.8173331
0.37533212 0.19714275 0.4791557
0.30460823 0.25348216 0.56041384
0.10301958 0.24604166 0.30240515
0.46701252 0.38896808 0.3470082
0.37761983 0.40957835 0.4342794
0.34625238 0.35713693 0.34074697
0.3665317 0.37231433 0.33010694
0.24304232 0.55103123 0.69671273
0.3086259 0.50670713 0.5598226
0.35495445 0.48892954 0.6633241
0.6802103 0.6629417 0.6479119
0.667818 0.7157246 0.6433172
0.88869643 0.72958994 0.6460196
0.44877273 0.5751684 0.5570427
0.17929965 0.4992972 0.5163976
0.11601941 0.49037164 0.49788153
0.25064433 0.47881547 0.3255482
0.20971942 0.484933 0.33742872
0.24720299 0.5126151 0.34967944
0.7094347 0.46390325 0.37065598
0.68055546 0.7581948 0.16674083
0.8286669 0.8115969 0.18106057
0.89278567 0.93921447 0.18592894
0.36755502 0.6959172 0.54136443
0.32619208 0.6114881 0.56209433
0.22372454 0.10728927 0.6391437
0.21211654 0.12640679 0.528262
0.1812046 0.023388404 0.58761525
0.06814666 0.044094305 0.74155414
0.05647721 0.027341869 0.57509494
0.11035237 0.066159 0.57842827
0.9530253 0.38225308 0.7849417
0.78421617 0.224821 0.38030043
0.19786483 0.11674413 0.49574506
0.054216806 0.1512566 0.5897654
0.9246925 0.40105328 0.59225583
1.0313531 0.39706483 0.6496327
0.96748924 0.46661073 0.60777974
0.7250616 0.3206641 0.7413633
0.9373057 0.38672438 0.68322635
0.115123615 0.5121946 0.28492948
0.062865585 0.7328116 0.2748587
0.09027902 0.8913772 0.21924654
0.10985066 0.49983165 0.22004248
0.46464047 0.3821437 0.21093154
0.14416365 0.37211862 0.22945815
0.5955501 0.53798723 0.5606136
0.6508677 0.56689584 0.52264875
0.6707916 0.61438566 0.52853775
0.6529226 0.62977046 0.53287697
0.82061064 0.59272957 0.58023566
0.73138845 0.4363409 0.57166624
0.19931602 0.27385554 0.5383967
0.33652818 0.1116813 0.4226599
0.013217919 -0.021519244 0.42047223
0.6798623 0.23462632 0.28731668
0.49203998 0.18987668 0.51820886
0.5299266 0.17782915 0.4605739
0.49428976 0.19720599 0.44887832
-0.02634386 -0.034152783 0.46494246
0.99877214 0.39682314 0.3878161
0.05355098 0.053302035 0.5549954
0.20956555 0.3300129 0.22875994
0.5530679 0.3580736 0.22236422
0.92360437 0.45644775 0.2643031
1.0005003 0.45678562 0.29700845
0.6081147 0.38646916 0.21079136
0.5715167 0.37039843 0.24082574
0.000673227 0.5538408 0.2070515
0.3521726 0.18793839 0.22303364
0.0026700348 0.5266404 0.16253886
0.4091183 0.38043818 0.21605891
0.36521643 0.24227151 0.4582314
0.054579645 0.2828037 0.6291058
0.044725113 0.28682804 0.6147716
0.07362212 0.2602708 0.5621183
-0.032091364 -0.011318572 0.36967435
-0.09750993 -0.0984424 0.25633597
0.17797849 0.02108322 0.26416692
0.078816384 0.007973544 0.43243262
0.09739938 0.03372755 0.63510275
-0.025719859 -0.01233127 0.39514378
0.44156998 0.17402095 0.52568555
0.11173025 0.042392023 0.4872323
0.62045574 0.2687492 0.46736547
0.027033422 -0.02511783 0.53587115
0.14725912 0.4760795 0.6343174
0.105943896 0.50140697 0.6016469
0.27621403 0.4687952 0.67912877
0.18574281 0.4121799 0.64295423
0.14581911 0.47311664 0.6276432
0.17166635 0.37678283 0.57923985
0.29442757 0.5018117 0.5569401
0.24722302 0.40517518 0.53652465
0.3805269 0.51944155 0.64765346
0.7001377 0.41012567 0.6604811
0.379739 0.47528222 0.6938472
0.316349 0.48621842 0.65005016
0.45218772 0.6177403 0.5647292
0.041210935 1.1626258 0.4867843
0.48417622 0.60058105 0.76059794
0.16240898 0.8034537 0.37401196
0.16666055 0.48242787 0.72581446
0.15292358 0.34514132 0.5818323
0.06137119 0.38983148 0.64358366
0.18627864 0.38791004 0.5425258
0.59328896 0.51155406 0.52695894
0.045701146 0.35098955 0.5682293
0.07579318 0.312299 0.6023865
0.11860984 0.3933597 0.6332371
0.86022717 0.5005641 0.62063277
0.39272738 0.36901507 0.36581457
0.22021955 0.3028702 0.27392885
0.39874256 0.49779692 0.52687204
0.21181732 0.4891292 0.5082364
0.138735 0.2958263 0.4215137
0.9018036 0.35081813 0.5302663
1.006232 0.40954956 0.47568172
0.9764602 0.38718018 0.42165825
0.8596033 0.30992892 0.52277803
0.863834 0.31764236 0.5181445
0.92932385 0.33064848 0.44888017
0.86656207 0.32586458 0.5377811
0.57291067 -0.030488722 0.56793
1.0549055 0.4263185 0.48602626
-0.0027035698 0.5933968 0.8017194
-0.023751631 0.8708823 0.75700736
-0.01637379 0.7880204 0.77470565
0.13302785 0.3681212 0.79208016
-0.0014798567 0.87640727 0.7703105
0.061120667 0.5534382 0.7660866
0.044346154 0.37411082 0.8141345
0.033596747 0.61179495 0.8112905
0.9966822 0.3705594 0.7619691
0.637412 0.28315476 0.6030319
0.71653306 0.2740812 0.5475831
0.8889226 0.33874598 0.67318106
0.8769605 0.3429403 0.69196355
0.8556379 0.3354079 0.5750448
0.19575447 0.46045214 0.6685972
0.1832681 0.43825707 0.6857078
0.19725707 0.4698804 0.32310474
0.9913462 0.5409486 0.34122512
0.48114488 0.5700735 0.35990122
0.2335222 0.54147625 0.2202561
1.1649818 0.5859062 0.30874187
0.3583323 0.3644013 0.31825516
0.07706084 0.26726818 0.4036873
0.08518933 0.32351497 0.38609058
0.07012458 0.31412503 0.4174851
0.23508054 0.34888044 0.42283958
0.016711928 0.48160133 0.38194478
-0.011923388 0.36317006 0.40819952
-0.028047413 0.26400426 0.4054201
0.082525514 0.4173293 0.48280814
0.14685348 0.47846687 0.4123833
1.1157382 0.5536901 0.46950233
0.0723099 0.3080507 0.49865636
-0.010713346 0.2515375 0.5483042
-0.0050602034 0.71641576 0.47231257
0.07566069 0.8741133 0.56880283
0.053712405 1.1391212 0.4401162
0.058386333 0.30159906 0.5324584
0.19887093 0.31994873 0.5108794
0.121490344 0.70396626 0.6384114
0.18485793 0.5448617 0.6558913
0.2012536 0.63912714 0.40278006
0.15853074 0.6235603 0.31381235
0.1413573 0.3675884 0.20263478
0.11025655 0.43413532 0.19262165
0.096644334 0.3387133 0.21321084
0.074516654 0.36324677 0.22685358
1.0763487 0.5294392 1.1194332
0.092908174 0.44482777 0.40778193
0.3140163 0.6188041 0.22249135
0.16699186 0.584494 0.19765821
0.14371711 0.5451633 0.18403098
0.112510435 0.510343 0.1359252
0.015178494 0.34216067 0.11735089
0.11097343 0.7085806 0.10424882
0.3581679 0.3916179 0.14943165
0.15589273 0.48706016 0.16648327
0.15415013 0.49894053 0.14964284
0.81867933 0.27470547 0.4870552
0.9129054 0.25408027 0.33284375
0.8321314 0.2336823 0.71904695
0.099484414 0.4756562 0.45442614
0.096861236 0.46211052 0.43130636
0.113801435 0.4508263 0.47867894
0.12492546 0.47018778 0.4807177
0.09258643 0.43675813 0.50209785
0.12633014 0.6063317 0.5010824
0.4601444 0.22960159 0.7284094
-0.014765143 0.33792144 0.85423315
0.55387557 0.24358964 0.6915022
0.9550853 0.42847964 0.258928
0.7324974 0.3788267 0.392319
0.61435986 0.35188055 0.1567881
0.20820805 0.30691418 0.31959122
0.10929078 0.28201026 0.30315155
0.11726159 0.29942656 0.28770578
0.14356035 0.50616 0.39291784
0.1808025 0.5736672 0.37275594
0.15027684 0.5541149 0.3404439
0.20681813 0.6073887 0.4063285
0.16119646 0.5457114 0.31108522
0.20663509 0.6024143 0.3657964
0.19997415 0.56071436 0.55405855
0.15465868 0.56024665 0.5586132
0.10815148 0.42874858 0.31595084
0.110963255 0.49682787 0.32792678
0.027233988 0.38712296 0.3407368
0.098748975 0.23235759 0.57416725
0.033048354 -0.0016991422 0.5473256
0.1067027 0.0053834766 0.5019002
-0.00849206 -0.06295327 0.5346397
0.030338638 -0.022188641 0.5806217
0.03451693 0.005815938 0.5918294
-0.008725278 0.004462309 0.692642
0.0010878146 -0.0066603348 0.557022
0.023890354 0.41884103 0.12509534
0.056299876 0.39239088 0.15150683
0.049879726 0.3910334 0.18423022
0.013190884 0.4285098 0.15863505
0.048745617 0.40437403 0.15386736
-0.00974647 0.35284767 0.5308051
0.104854956 0.39915946 0.5875586
0.08729089 0.4140652 0.59248996
0.069373004 0.38689333 0.5656934
0.06523017 0.44011688 0.54397905
0.13755892 0.42806187 0.51927793
0.13643101 0.4273238 0.30310363
0.06525317 0.5620189 0.2885328
0.09954947 0.42730454 0.3290236
0.07664891 0.40435192 0.34061494
0.1683782 0.6185281 0.37444124
0.07960124 0.43960068 0.32335192
0.091211274 0.48951092 0.3336048
0.17908204 0.115130164 0.5920507
0.34170645 0.25113046 0.5795518
0.39928028 0.19595188 0.6108471
0.09328729 0.111945406 0.55149364
0.8077336 0.38673908 0.58155453
0.72422683 0.36974236 0.55711234
-0.03446866 -0.12498393 0.35632882
-0.028450936 -0.1295735 0.36033097
0.1305612 -0.01946453 0.4114057
