0.08349071 0.6183997 0.41884765
0.113848984 0.43886358 0.43222556
0.18315873 0.52143955 0.51695544
0.11328468 0.49612132 0.44664845
0.10483435 0.4956473 0.45104823
0.1235978 0.014226258 0.6087614
0.20914353 0.062867045 0.6045262
0.27465388 0.0917265 0.79666835
0.057391703 -0.019454896 0.60073644
-0.013299167 -0.042939447 0.6224723
-0.02557534 0.5592076 0.23481107
-0.011935815 0.25744253 0.30886436
0.097042665 0.1975753 0.32158422
-0.0014528036 0.79558355 0.2538373
-0.017515719 0.49962324 0.28146544
0.057931393 0.63621294 0.5292777
0.13331951 0.51030385 0.56150764
0.07621504 0.37351274 0.46288657
0.096039124 0.05058964 0.52403027
0.4923811 0.20010641 0.5842824
0.06558899 0.04392582 0.53559345
0.060713753 0.0045755357 0.5380727
0.030213088 0.03248342 0.64980096
0.1363205 0.048160218 0.52024305
0.8022678 0.35208917 0.5352796
1.0282373 0.39103556 0.58277017
0.6015393 0.35643363 0.7691454
0.80923706 0.3682453 0.5728324
0.5122446 0.3080045 0.79159856
0.8187566 0.42237595 0.74235195
0.13027552 0.32991445 0.64539486
0.23445901 0.4983006 0.3148755
0.2132062 0.5191857 0.30445892
0.1608309 0.717695 0.2853636
-0.023856662 0.37533987 0.45624825
-0.043077834 0.22874951 0.36991644
0.024780773 0.4724164 0.5819485
0.11908661 0.37146086 0.58929574
0.21547723 0.5012245 0.45488885
0.17915738 0.4834627 0.45059273
0.19214894 0.4501004 0.5759034
0.18044144 0.48762438 0.52693707
0.088426724 0.8455861 0.44493487
0.1049425 0.7665893 0.4732184
0.7463387 0.8313351 0.357143
0.4363349 0.7694031 0.40569487
0.55547965 0.74205345 0.2997801
0.5535464 0.71570694 0.25507957
0.7807408 0.84193313 0.31988505
0.73044306 0.79979825 0.2280232
-0.014490157 -0.011434808 0.5409669
0.031390585 -0.00098034 0.6363303
0.09022084 0.06486201 0.5989367
0.0012078434 -0.010680415 0.5582091
0.5494407 0.19975844 0.5572831
0.038456187 0.03551142 0.6100766
0.009967238 0.0061709583 0.55523443
0.07419141 0.8667913 0.20923957
0.07707 0.7570788 0.19767204
0.14284536 0.77765673 0.21564314
0.1609835 0.7845406 0.19501227
0.163725 0.84311557 0.18092489
0.67066425 0.42807662 0.6613851
0.70674396 0.5070271 0.6881111
0.8581639 0.57014304 0.69401693
0.72865266 0.5416406 0.6694632
0.7748598 0.58852094 0.6150494
0.8691646 0.75447553 0.7641068
0.33623564 0.16188148 0.4683271
0.29998505 0.21836716 0.51193994
0.0456793 0.27525792 0.29540426
0.6495573 0.4414513 0.4021758
0.37667364 0.42781472 0.41864756
0.32175338 0.34833872 0.34505078
0.32008058 0.3750053 0.31842908
0.25559527 0.5336475 0.7259415
0.18860906 0.5098014 0.6000046
0.2435961 0.43728256 0.68628913
0.5912598 0.6507487 0.6354292
0.6129028 0.6925956 0.6433362
0.68520814 0.64489 0.4351227
0.4596094 0.5604977 0.5280233
0.18233554 0.4974916 0.51295924
0.12176507 0.46849334 0.48391908
0.3179311 0.45694846 0.25817898
0.23469457 0.4349696 0.29072586
0.3087334 0.47615588 0.3104919
0.08411516 0.6589505 0.33022544
0.56578857 0.76280236 0.225586
0.6870151 0.7847031 0.20793349
0.84163624 0.87282175 0.16290781
0.37623334 0.64985543 0.4872248
0.34954476 0.58224636 0.49732053
0.24355745 0.08439821 0.6542533
0.18414526 0.0894376 0.5382239
0.21025696 0.07695097 0.5304797
0.18270296 0.09064113 0.678307
-0.001372695 0.010091186 0.8778848
0.1754931 0.06880515 0.6590118
1.0069842 0.40098214 0.715308
-0.18643236 -0.16132063 0.37607363
0.51393986 0.22278109 0.58502597
0.06967229 0.103596225 0.62083524
0.9426087 0.37212405 0.5557508
0.95026964 0.36736456 0.596499
0.09766537 0.25820893 0.5683371
0.8156828 0.3166592 0.7779173
0.77964395 0.31885958 0.6187175
0.082164615 0.6844191 0.2652332
0.075646766 0.8226328 0.2420488
0.08917211 0.9423898 0.22278133
0.11573669 0.6403644 0.18684894
0.055146843 0.36714002 0.31586927
0.07240859 0.536688 0.30027333
0.54152423 0.53409314 0.52188617
0.5460409 0.5547456 0.5199729
0.62590873 0.6210685 0.4991226
0.6069754 0.62237823 0.50754863
0.8026063 0.60417867 0.59960246
0.85528296 0.48600367 0.581789
0.2856712 0.30809122 0.5846405
0.49688703 0.16833913 0.49842787
-0.028414875 -0.02582506 0.4785175
0.81292117 0.27608767 0.4230454
0.32885152 0.12027736 0.4921288
0.24381253 0.07733934 0.50327027
0.37116492 0.11654652 0.45900247
0.030035272 0.003187649 0.53548235
0.31721982 0.12522587 0.44149238
0.823682 0.31407014 0.62282556
-0.004931703 0.32421434 0.25670013
-0.049641497 0.3287359 0.24397644
0.4434175 0.299039 0.27120236
-0.026603669 0.24417105 0.2537931
-0.0445339 0.309216 0.25816604
-0.049711376 0.22819716 0.27808684
0.010143977 0.6485524 0.21468332
0.17146501 0.14067253 0.12006614
-0.03083627 0.40540642 0.23815095
0.11520848 0.28147882 0.2828512
0.259832 0.168392 0.3965805
-0.0028313398 0.24871725 0.6228258
0.073899545 0.34125516 0.6171453
0.06748627 0.29516152 0.54762226
-0.0631073 -0.058291815 0.4279643
0.1447732 0.058139034 0.35928142
-0.09050751 -0.060117476 0.28553572
0.14437997 0.025621116 0.47041684
-0.05432804 -0.09181962 0.5797903
0.0036781728 -0.035721622 0.47572318
0.036112614 -0.030235045 0.49857405
0.11777742 0.02787359 0.602245
0.19876029 0.04917682 0.42011967
0.0715519 -0.018415414 0.6404243
0.17147589 0.42276955 0.6238042
0.08615014 0.54527026 0.6357694
0.2921484 0.43546328 0.6496783
0.19672227 0.40643805 0.600636
0.16351217 0.5233679 0.67218035
0.15731645 0.41462058 0.64777464
0.18158972 0.45962936 0.6466078
0.11089565 0.43379465 0.575623
0.39998597 0.4626024 0.5877
0.74324155 0.44195238 0.70650345
0.5278523 0.5049752 0.70263904
0.3529703 0.4837296 0.619567
0.49706635 0.6184618 0.65310866
0.034194376 1.0966235 0.52405155
0.5936925 0.6106841 0.7491461
0.08034684 0.9847808 0.34494618
0.18871635 0.38957736 0.728965
0.03137946 0.46539795 0.6552146
0.055631228 0.43268842 0.691152
0.044466157 0.35439825 0.5861115
0.17000145 0.40430453 0.49574104
0.007913522 0.5147261 0.55352527
0.09457789 0.33857802 0.61785597
0.11694289 0.37952465 0.626195
0.4141971 0.348307 0.54189044
0.008806057 0.42800704 0.3771732
0.009790704 0.7429451 0.25562283
0.41696876 0.4645543 0.5506288
0.292433 0.4406213 0.5302401
0.08893054 0.31213284 0.50266516
0.89124656 0.36039346 0.48412016
1.0004334 0.396083 0.46382812
0.9589407 0.38748515 0.43640095
0.88476294 0.3512928 0.4954435
0.8958643 0.3631106 0.46925968
0.95865846 0.38217476 0.44254637
0.9148363 0.36962086 0.49250424
0.83269274 0.30007198 0.6176221
1.0817404 0.44331548 0.56285816
0.061704136 0.5492409 0.8389157
0.0180699 0.8834188 0.8045288
0.05551873 0.7945752 0.8337813
0.09619033 0.38865766 0.8514418
0.05152771 0.87156856 0.8566307
0.087801665 0.5449757 0.78792894
0.102790594 0.32869592 0.90229875
0.13201293 0.5328606 0.87315154
0.8539085 0.371641 0.70308894
0.7934213 0.31660163 0.56486493
0.6124303 0.25223684 0.5845865
0.7969717 0.3194544 0.5708823
0.84476835 0.33691677 0.58914393
0.7833852 0.31861106 0.5066256
0.22619653 0.42312396 0.75689965
0.2135827 0.40043536 0.72991127
0.28495434 0.4543089 0.30821517
0.94039696 0.44472638 0.34244284
0.72210723 0.48072198 0.37877423
0.055512317 0.4199127 0.27613613
0.8744988 0.52951187 0.36242294
-0.836345 0.03684678 0.16787282
0.17317158 0.29071486 0.41959068
0.088540256 0.32427314 0.40485966
-0.006895542 0.39023805 0.41448423
-0.0033968762 0.4910209 0.39512822
0.02502343 0.4754452 0.3953637
0.01917664 0.4002662 0.39132854
0.030006126 0.3550164 0.43909422
0.12777117 0.39888602 0.54316103
0.062367648 0.49061143 0.3929745
0.73030216 0.5064793 0.40835965
-0.009494811 0.3321309 0.5429092
0.009631164 0.29125497 0.5493111
0.0026578084 0.66824454 0.48986718
0.15706009 0.7109275 0.6352889
0.03606406 1.1114596 0.47307402
0.058358744 0.4339169 0.47008482
0.0014595129 0.3931706 0.4945202
0.19411185 0.58492917 0.6007515
0.21705209 0.4625324 0.6885605
0.22054145 0.5933235 0.4135
0.1238803 0.7126077 0.28827026
0.07838096 0.49877602 0.24661043
0.076297805 0.4929532 0.21262881
0.05383879 0.48266134 0.24477631
0.038715795 0.4601587 0.24531516
0.16131738 0.36347857 0.8014629
0.07488288 0.49164692 0.43087378
0.30483937 0.6395199 0.18887183
0.1723664 0.59279007 0.22182715
0.16607237 0.5486106 0.19787437
0.053339742 0.4449609 0.23253587
0.03678666 0.55845886 0.13544396
0.10305607 0.8873498 0.040401027
0.11551274 0.4587643 0.11388557
0.16886672 0.5054207 0.1624141
0.1139757 0.4868277 0.17531915
0.6024266 0.20982715 0.51165205
0.8236255 0.27398995 0.54235834
1.1882241 0.3790041 0.49152172
0.08192441 0.66737044 0.45388344
0.08784813 0.65452975 0.45866504
0.096094795 0.5433936 0.4898524
0.10817097 0.5106272 0.49794906
0.1423198 0.64102805 0.49950972
0.115065984 0.6709778 0.51658446
0.45054764 0.21559143 0.69521934
0.028568596 0.3042205 0.9183472
0.39102516 0.18101141 0.7254295
0.17561725 0.21063551 0.23319086
0.33745986 0.24399921 0.2848734
0.047638163 0.24579057 0.2544733
0.2248341 0.3661844 0.30329072
0.1577483 0.31027055 0.2754398
0.13864279 0.42901844 0.27898943
0.12785138 0.5269891 0.35880682
0.15844692 0.49640667 0.34812644
0.15084668 0.64392483 0.31582946
0.22599308 0.6323789 0.4127505
0.13475654 0.5710222 0.2943221
0.2089686 0.61453557 0.3412343
0.21105161 0.50700897 0.5824087
0.16580944 0.49900132 0.5042851
0.12244655 0.6166048 0.27340895
0.16878459 0.7580035 0.29250804
0.13501862 0.6138952 0.29616946
-0.055618137 0.18462512 0.593916
-0.006496817 -0.0104834065 0.54940164
-0.043777086 -0.057486676 0.58741224
0.10023141 0.002860576 0.5978758
0.07275811 0.0034319907 0.63269836
0.0489742 0.00015058368 0.5967336
0.026773527 -0.017385155 0.7017888
0.08295375 0.02489359 0.47937417
0.018977359 0.4597629 0.16310404
0.04381676 0.43976402 0.16650057
0.05290909 0.4028795 0.19587067
0.051295638 0.4456347 0.15706626
0.017629534 0.48078412 0.17474863
0.0013035536 0.36281204 0.58592004
0.117494896 0.36967027 0.61652726
0.14663261 0.4032491 0.56040853
0.08969793 0.37814602 0.6025535
0.106504016 0.41785675 0.5245583
0.11987506 0.43293315 0.5897941
0.050649896 0.6281046 0.2840997
0.07166862 0.66194147 0.28957623
0.08877676 0.48482215 0.32238296
0.09001488 0.487558 0.3408037
0.18698607 0.7966099 0.33243734
0.117635116 0.5864332 0.30669433
0.13115978 0.58936125 0.3016924
0.053283803 0.04693578 0.61725116
0.16972417 0.14545551 0.55929416
0.61528945 0.28315243 0.629059
0.052135885 0.08578183 0.56400824
0.8546284 0.36817777 0.5894496
0.67931813 0.3351801 0.5640617
0.30335107 0.043832142 0.49745765
0.2085464 0.033134684 0.5085415
0.3095225 0.066535205 0.4797579
