0.12200819 0.505657 0.4649908
0.11817152 0.4009502 0.48798168
0.17229784 0.5747882 0.49325758
0.08169463 0.45940888 0.4706136
0.10470747 0.45643246 0.48043078
0.01411543 0.5401411 0.2676249
0.010618068 0.35614955 0.3148839
0.03742049 0.28590387 0.326199
-0.02829836 0.75933224 0.2652914
0.12482451 0.36572313 0.34932625
0.033540025 0.67869914 0.5045613
0.25105926 0.5190327 0.55616826
0.07369909 0.37882847 0.51362103
0.6166485 0.34821934 0.83342636
0.8633066 0.36552495 0.5836754
0.40144956 0.27956975 0.7453656
0.80011684 0.3887483 0.7013479
0.31868914 0.441656 0.68406415
0.17142458 0.5742665 0.29302025
0.20536096 0.51465744 0.308815
0.14535245 0.65735 0.28028286
1.2023106 0.61429936 0.5588566
1.1299942 0.48659587 0.62499905
0.13138334 0.54038066 0.5846027
0.11399644 0.34966743 0.5653314
0.19004609 0.502197 0.43198168
0.17806827 0.50885797 0.43199724
0.18470436 0.44031578 0.578297
0.1378874 0.56279135 0.5739655
0.09407605 0.81191117 0.4696868
0.09216075 0.69449323 0.48303324
0.8221622 0.83624655 0.40935326
0.5107022 0.79956836 0.37729847
0.59462416 0.76864976 0.3322587
0.5685524 0.72060513 0.24330126
0.8618382 0.81061107 0.32788467
0.746961 0.8112108 0.25045562
0.06970441 0.87311935 0.20432709
0.04158502 0.7834337 0.2108329
0.10013001 0.77851135 0.21716772
0.13235262 0.7932156 0.18332589
0.1205554 0.85638887 0.18616241
0.6040716 0.4452085 0.65412855
0.6599921 0.5079791 0.6979962
0.8820156 0.55649513 0.63041615
0.6527749 0.52472615 0.6676237
0.7082007 0.57497925 0.63329935
0.8063757 0.7472451 0.7741401
0.33631897 0.18059236 0.43900353
0.27561358 0.22688664 0.53380084
0.054733746 0.3374601 0.27997077
0.28236616 0.3255648 0.39077204
0.32709065 0.3668782 0.41770726
0.27418637 0.34684455 0.29811066
0.29803213 0.39603335 0.29123306
0.22171393 0.51304406 0.6969739
0.50140744 0.616278 0.54856837
0.3971304 0.46940136 0.6508601
0.7293751 0.67486244 0.6225625
0.6584079 0.68266875 0.64436173
0.596246 0.5756407 0.5477839
0.4404517 0.57265216 0.5402844
0.15941526 0.47796458 0.49808615
0.20845062 0.4857028 0.4795007
0.2705036 0.47025335 0.29484916
0.26740322 0.46220607 0.33073282
0.29300392 0.4888429 0.33925754
0.3777518 0.6928333 0.50117356
0.3516376 0.60519284 0.50417185
0.21967803 9.5807016e-05 0.60663396
0.74930507 0.37072444 0.6147579
0.9228338 0.36772728 0.6322868
0.7428444 0.24490868 0.6171181
0.57528704 0.4143799 0.6282186
0.328592 0.162388 0.6761106
0.79378206 0.29613656 0.55571294
0.07744287 0.61736673 0.26384282
0.039330635 0.7594555 0.26628333
0.07712917 0.972821 0.191265
0.080933936 0.5802823 0.18285611
0.23754647 0.50157434 0.2998578
0.08239876 0.6089323 0.19926637
0.47743368 0.49241006 0.51998466
0.863016 0.61999553 0.51862276
0.5806478 0.58858716 0.51502395
0.59232426 0.60346144 0.51563966
0.70173156 0.5349544 0.57637984
0.94458294 0.557876 0.5557803
0.4527442 0.3887288 0.54537255
0.22113468 0.35683113 0.27768928
0.6172975 0.4270602 0.29419732
1.0897715 0.4789269 0.27236915
0.786497 0.40779072 0.31500816
0.921705 0.52646554 0.23773798
0.6637568 0.42512524 0.2414862
0.019843694 0.71641135 0.20163253
0.40239426 0.1291217 -0.020485118
0.00012730435 0.46934134 0.21414809
0.022101305 0.2978853 0.27568203
0.14113607 0.451787 0.6274645
0.0661525 0.58986145 0.6246383
0.25690258 0.447922 0.66696745
0.101309 0.51101196 0.6544814
0.1708893 0.43884146 0.6488619
0.41096342 0.49679506 0.58752203
0.32784355 0.52817917 0.5932656
0.30292815 0.52540773 0.50545937
0.34214604 0.4458303 0.6089126
0.99967897 0.5171073 0.67561543
0.36278266 0.45267814 0.660182
0.32496387 0.4795708 0.6052035
0.46800274 0.57879907 0.60476047
0.050007407 1.1297367 0.48034555
0.51859516 0.6100452 0.7355783
0.047417346 0.9656121 0.29453593
0.15310925 0.43592304 0.76475585
0.19519545 0.47339672 0.5731849
0.1400139 0.43861675 0.71352524
0.26693544 0.5227557 0.5307475
0.8708662 0.6382127 0.5606998
0.0860028 0.5324027 0.5583568
0.043316346 0.30971837 0.6292792
0.12418483 0.3517412 0.6051028
0.8816408 0.5264343 0.5787631
0.5313126 0.57328415 0.3491097
1.0784429 0.59220034 0.37812757
0.34766847 0.4308161 0.55929524
0.2744082 0.43952918 0.5365541
0.19151126 0.30198443 0.4158898
0.022838905 0.53494436 0.7732086
0.067918986 0.7837878 0.76718944
0.08980434 0.72500867 0.7475547
0.08001732 0.3731724 0.8148619
0.10491395 0.7609518 0.8033556
0.06507058 0.58721364 0.78194785
-0.041025836 0.30223238 0.8305639
0.07062349 0.5662381 0.8257968
0.19729687 0.4535473 0.69488007
0.15579852 0.41410577 0.69616854
0.34465104 0.5726747 0.24198563
0.42055267 0.32097358 0.21352597
0.56512046 0.50788516 0.2969994
0.528092 0.53002024 0.054432597
0.7513505 0.49075043 0.19579512
0.27552733 0.3961506 0.1063506
0.046913866 0.29617882 0.4492917
0.03687528 0.32989573 0.4737721
0.1710184 0.52123666 0.403951
0.16832417 0.36884385 0.38021058
-0.002597738 0.55267584 0.41299516
0.022518847 0.47187155 0.40358692
0.12910168 0.34712797 0.45637113
0.070635885 0.43927312 0.5178973
0.34150508 0.5533819 0.40049267
1.1438235 0.67659044 0.52141887
0.039165914 0.41521126 0.48700023
0.018956225 0.30686834 0.53990835
0.0022564009 0.7247194 0.47253388
0.061556406 0.98027545 0.52968985
0.047913644 1.1141176 0.48700845
0.1379811 0.37861228 0.5607266
0.24098627 0.44446766 0.47119647
0.15930933 0.6256237 0.6212058
0.15729526 0.4734602 0.66819745
0.21068022 0.6411032 0.35156387
0.11622365 0.7300884 0.27078247
0.54936963 0.5574502 0.21763568
0.038910083 0.44732517 0.22965035
0.17963687 0.45503867 0.23899625
0.10701129 0.43872863 0.24726492
0.12045516 0.04380375 0.9804251
0.1763637 0.45012254 0.4912582
0.3923478 0.6516883 0.19534238
0.1784387 0.5801026 0.20720613
0.14486049 0.5671095 0.20396283
0.11360572 0.51896805 0.17480701
-0.004000958 0.5320648 0.10778365
0.099073336 0.6247863 0.08769098
0.37929094 0.47096932 0.08634543
0.16389006 0.50455 0.15456685
0.105574876 0.53030926 0.11546788
0.10462277 0.5018815 0.4755
0.122689396 0.5260903 0.4570377
0.121954754 0.46288377 0.5048293
0.11354053 0.45791662 0.50420403
0.15060808 0.5560992 0.5180247
0.20220752 0.6059006 0.48776788
0.38657987 0.19695039 0.66411734
-0.016680788 0.3539002 0.88542676
0.43581122 0.17271471 0.7323541
0.18913421 0.3445111 0.32498896
0.08886766 0.31812257 0.29303265
0.07009275 0.39041382 0.28280866
0.16572331 0.5276431 0.38405424
0.20420164 0.5773748 0.38088048
0.22488998 0.5945012 0.34932542
0.22205378 0.6381492 0.40240383
0.12083671 0.5619492 0.31412265
0.23352641 0.64935845 0.33371943
0.18161416 0.5320055 0.5720295
0.14267595 0.5041283 0.5341092
0.08628371 0.4956451 0.3501795
0.26239946 0.5788389 0.32695997
0.10156663 0.4786408 0.39064097
0.58457977 0.36206323 0.60909635
-0.0055667274 0.4434626 0.16140965
0.026339352 0.44870877 0.16077504
0.026262555 0.4154901 0.17478874
0.0044989698 0.45285195 0.1589593
0.17567325 0.4762352 0.16884072
0.07409548 0.37896407 0.56925946
0.0999223 0.36013693 0.62789005
0.063381866 0.38249552 0.59943974
0.08771405 0.37320054 0.60612696
0.06959504 0.4143268 0.579028
0.14027177 0.4013046 0.572038
0.24042223 0.51988643 0.30259147
0.07147666 0.5904103 0.3215639
0.13528846 0.4830892 0.35213768
0.12440656 0.47986174 0.33794165
0.118497714 0.73651534 0.3489824
0.17101638 0.537046 0.33199972
0.09407669 0.5285969 0.33921945
0.45655605 0.18448004 0.59148836
0.37991154 0.20214848 0.5928128
0.43632233 0.2045332 0.58461636
0.16667764 0.13149145 0.57354444
0.8901444 0.3749351 0.6062464
0.8598912 0.3435192 0.63375705
