0.06917648 0.6318518 0.41733557
0.10384925 0.33866912 0.45846754
0.24636316 0.49266857 0.53641057
0.07561946 0.49333167 0.47710028
0.08347426 0.51264757 0.43650943
-0.013103221 -0.026288606 0.5703146
0.15429497 0.045782838 0.47222006
0.25108364 0.08941646 0.69634664
-0.016488004 -0.03190826 0.6477518
-0.071678564 -0.03771417 0.5471683
-0.026079182 0.6389913 0.21104112
0.0036573857 0.27600044 0.27177966
0.06628059 0.24824922 0.25708213
-0.009119693 0.8145874 0.23099157
0.031411733 0.3657707 0.28923196
0.01860148 0.670523 0.5003915
0.11029965 0.5311267 0.5639837
0.080797315 0.39748204 0.45733604
0.13454045 0.05423092 0.52744216
0.71664214 0.28805274 0.5364766
0.1900164 0.0916253 0.5297519
0.11372362 0.03956522 0.61015403
0.09545098 0.08987718 0.62865263
0.8048583 0.33075875 0.5231113
0.85717803 0.37416208 0.54288685
0.88340694 0.34007543 0.5752528
0.14433724 0.222676 0.77184725
0.9738065 0.42101794 0.57313526
0.7887279 0.38437992 0.7955866
0.8602083 0.41746646 0.76046866
0.1051052 0.41989458 0.6393386
0.2528158 0.53353584 0.28814262
0.20933291 0.52760535 0.3052644
0.14729534 0.7195683 0.28357935
-0.009593133 0.31535208 0.44264865
0.051823072 0.23120312 0.34343535
0.059758913 0.44817954 0.58060515
0.06807421 0.36881965 0.5522802
0.21451965 0.50099635 0.44390398
0.20369132 0.50743234 0.45210722
0.1826734 0.44978368 0.5585092
0.17923138 0.5771469 0.58867586
0.1033784 0.797556 0.47489133
0.09293861 0.75906307 0.46795917
0.7926477 0.81277126 0.38568065
0.49846706 0.76042885 0.38058275
0.6730925 0.74360585 0.3362798
0.6392164 0.70439136 0.27817726
0.84167665 0.84017116 0.32653433
0.80672765 0.74657553 0.30128703
0.051118284 0.025446229 0.51115775
0.033604227 0.038361203 0.541662
0.15377735 0.09333476 0.4676804
0.0082139 -0.003855303 0.56682837
0.5390893 0.22102703 0.5516433
0.14659901 0.0865113 0.5133725
0.06732492 0.054254442 0.48335773
0.06993543 0.8329478 0.2213932
0.066480204 0.78696257 0.2024726
0.11572693 0.80958676 0.20559873
0.12167099 0.8271963 0.19198994
0.12704699 0.9346326 0.17606439
0.69381773 0.45323604 0.6509571
0.7296654 0.5312807 0.7214437
0.9658263 0.59228826 0.6850089
0.74419403 0.55907494 0.6971948
0.7479387 0.58007014 0.6666159
0.82172763 0.73947924 0.7606206
0.37067673 0.19997646 0.4839176
0.31724152 0.24182104 0.59323883
0.049516123 0.24396524 0.28765777
0.35004583 0.35928136 0.3810599
0.4394709 0.42719436 0.46436659
0.31632176 0.33035028 0.32599536
0.34449306 0.38648593 0.32192272
0.37309378 0.57415193 0.70427054
0.51580405 0.58416533 0.6293273
0.5925988 0.5534971 0.6970046
0.7649683 0.68400913 0.6489106
0.65854836 0.69068944 0.6630731
0.93058455 0.63141567 0.526192
0.41960445 0.5463339 0.53517723
0.2058343 0.48700154 0.5414253
0.19126159 0.4688335 0.5357513
0.28221107 0.4612937 0.2937574
0.22664018 0.46207815 0.3243769
0.2683966 0.5048189 0.34350306
0.20199332 0.5481916 0.21222427
0.71477437 0.77084744 0.2606543
0.80649966 0.802327 0.24074543
0.92511874 0.9099541 0.22652015
0.37479103 0.65689296 0.50128174
0.3531099 0.5337595 0.5125953
0.24177621 0.066474676 0.6363367
0.21374491 0.08111167 0.55358464
0.23660794 0.06833374 0.5330301
0.16462518 0.042167943 0.679285
0.09400606 0.035716023 0.69753623
0.06912833 0.084051 0.76848316
1.0640886 0.45111942 0.6666215
0.5335384 0.18875894 0.34814644
0.63298035 0.22676659 0.61437744
0.36836216 0.23301513 0.63351893
1.0903419 0.43016356 0.6211383
0.9449889 0.3766111 0.5718323
0.10270554 0.23380373 0.5542083
0.83011794 0.30726606 0.8303172
0.82300156 0.39471805 0.5315816
0.109209776 0.5693007 0.24556726
0.07785398 0.7296848 0.25084543
0.086556315 0.9000835 0.19613838
0.13341445 0.5419017 0.2027232
0.101760566 0.3989972 0.20835415
0.14812589 0.42929673 0.19608003
0.6395906 0.52045435 0.51978225
0.7287134 0.57254595 0.5015947
0.6692021 0.6161965 0.51145625
0.6178909 0.60264736 0.51648456
0.71425384 0.56164396 0.59047306
0.9659208 0.5824569 0.5465461
0.25901785 0.29986143 0.5511889
0.54427856 0.20416899 0.5331538
0.07049554 0.025813516 0.52572054
0.7796093 0.25407922 0.3977694
0.64200324 0.25382084 0.47116572
0.8542156 0.3382662 0.5144324
0.69271743 0.2923642 0.4874136
0.21649471 0.10146563 0.5187074
0.7586637 0.31793338 0.43789095
0.57442784 0.2299938 0.5959305
-3.9134175e-05 0.29750443 0.19694664
-0.00040404126 0.28910124 0.17868908
0.4156524 0.2542614 0.17626943
0.100227326 0.23203687 0.18362808
0.036164083 0.30319467 0.21489045
0.012249261 0.24063395 0.22418776
-0.0023282915 0.6597046 0.19456358
0.50291955 0.27013177 0.20101665
0.012255613 0.52338034 0.14455536
0.06177503 0.29736537 0.20623478
0.29147673 0.17386219 0.38186333
0.056699127 0.24545215 0.6238493
0.00051913783 0.3084532 0.5477579
0.103959605 0.28079206 0.54861915
0.09265196 0.03273033 0.38183144
0.045633946 -0.026437104 0.3310036
-0.08117069 -0.05899252 0.342451
0.06894612 -0.0058114678 0.40403944
0.20870438 0.08103521 0.6444741
0.02872388 -0.005785033 0.49183196
0.25462925 0.08657503 0.45330974
0.17468509 0.06624254 0.53669137
0.509515 0.1950531 0.47309977
0.015030485 -0.012287304 0.333649
0.12998405 0.4746403 0.62180203
0.035391107 0.68941015 0.6177333
0.2915603 0.462492 0.65446985
0.09124239 0.533553 0.6438093
0.19054069 0.51457745 0.6767888
0.30696425 0.55444944 0.72974336
0.34741387 0.61369133 0.6428239
0.23098005 0.5258713 0.61074066
0.35860536 0.47422963 0.6004018
0.9001345 0.5301977 0.70702976
0.46344295 0.5082973 0.68685776
0.30646282 0.45758295 0.62791175
0.45131364 0.60284525 0.61251223
0.055671103 1.1109086 0.498743
0.44558522 0.5547605 0.7428898
0.21478768 0.8053215 0.33869088
0.12002376 0.47762942 0.77132183
0.024090972 0.48520827 0.6438618
0.038127072 0.48827177 0.6768901
0.14150319 0.40287715 0.58879656
0.7117406 0.5712589 0.57601106
-0.01580431 0.5161188 0.5915451
0.013239596 0.33409917 0.6303559
0.107099846 0.33739156 0.632518
0.6792723 0.4437313 0.5883298
0.18642664 0.49614698 0.44769272
0.059187904 0.2845826 0.3454071
0.35517266 0.4556921 0.56512296
0.28622404 0.41700375 0.5096841
0.1559204 0.30587065 0.4236439
0.98375165 0.4042132 0.4790341
0.91980624 0.38160366 0.45319661
0.86465704 0.3573454 0.43194488
0.9442712 0.3877322 0.4869726
0.975093 0.40578222 0.4710993
0.97457236 0.39222926 0.4342389
0.9545637 0.39734727 0.47195673
0.89901125 0.36576593 0.46694538
0.74040973 0.35721177 0.4533467
-0.026316252 0.6655452 0.7887761
-0.0382188 0.9268256 0.7853089
-0.014323089 0.83440447 0.7725665
0.119531095 0.45694822 0.814578
-0.005043868 0.9095976 0.8053774
-0.020320121 0.7112784 0.7257996
-0.03276598 0.41979724 0.809961
-0.009520661 0.6612734 0.81510395
0.9833095 0.40801245 0.6910183
0.82709813 0.3604269 0.6034168
0.5660087 0.22382802 0.5405942
0.852209 0.3213741 0.6607161
0.8401674 0.31980366 0.65990716
0.8851205 0.36492085 0.61380714
0.32293138 0.5240519 0.7219066
0.20520678 0.4502802 0.7054749
0.23109758 0.47286206 0.3263629
0.7086799 0.41830778 0.31540748
0.73895 0.5231289 0.2840835
0.09876731 0.40514028 0.27482536
0.8529538 0.5144638 0.29834947
-0.3023211 0.23984225 0.22823071
0.05423094 0.27577102 0.39493847
0.059153106 0.32362187 0.40241724
0.043249235 0.33470833 0.40835822
0.1516345 0.3239699 0.4228261
-0.006979447 0.5378551 0.39594173
0.0017934851 0.4318505 0.42832148
0.06382292 0.27646244 0.42319226
0.08312127 0.4070928 0.48234814
0.077169314 0.4644814 0.3749444
0.94526446 0.5513574 0.5096081
0.0053715855 0.35234052 0.5132338
-0.0064377226 0.33733243 0.55361843
-0.0011197068 0.77277607 0.44879767
0.08875003 0.8450181 0.69199455
0.0367363 1.1152593 0.5007779
-0.018279176 0.3700661 0.49903208
-0.013038058 0.36939633 0.5117216
0.1288038 0.5957294 0.6345799
0.15989737 0.5847279 0.70654106
0.19391099 0.63592255 0.40649128
0.15111445 0.63309276 0.2945609
0.08884281 0.47488403 0.22077958
0.05232557 0.426695 0.2002677
0.06854898 0.42885554 0.19924961
0.054158565 0.43087476 0.21638823
1.0396721 0.659657 0.9562172
0.08822239 0.4925841 0.40898734
0.32150763 0.6281267 0.18365903
0.18295674 0.5919127 0.19659302
0.16057515 0.5475323 0.1936708
0.09951079 0.51107854 0.22207768
0.023421276 0.43517077 0.040589314
0.058811884 0.7959882 0.051025003
0.059287705 0.3585375 0.082751706
0.18971069 0.5185727 0.15588084
0.19321 0.48951232 0.13870421
0.6405882 0.20537642 0.57270235
0.8188081 0.28080267 0.36471525
0.80373937 0.20122068 0.54843533
0.046246763 0.6277216 0.4954532
0.064288646 0.64140826 0.45033222
0.07599223 0.5120308 0.50463474
0.11047493 0.486149 0.5184566
0.059065867 0.58408296 0.5565108
0.12236187 0.6563898 0.5010507
0.44697204 0.22810228 0.70794004
-0.009970818 0.36297792 0.81872314
0.3389314 0.14439099 0.6617179
0.21328226 0.24641195 0.15256336
0.47423694 0.28486598 0.24255502
0.07510938 0.20509733 0.15497774
0.22008988 0.34788096 0.31422812
0.14582497 0.2994359 0.27900064
0.16980015 0.3135507 0.27682263
0.16832712 0.5598392 0.35751206
0.21740377 0.57323754 0.35231066
0.15205795 0.6185368 0.30900759
0.19240364 0.65450764 0.39940652
0.1330927 0.5866701 0.30451083
0.21546891 0.66057956 0.34607247
0.18549111 0.56917393 0.5792608
0.15160494 0.5851141 0.50163794
0.08561134 0.5068963 0.28050953
0.15762311 0.6151353 0.29138315
0.06647226 0.5268626 0.30388546
0.057071958 0.2182712 0.5849242
0.13470855 0.06506601 0.5442364
0.09805736 0.026894838 0.55526024
0.11023768 0.014297187 0.5703338
0.15639874 0.059771795 0.5824249
0.08602233 0.033407338 0.6631552
0.0010547228 0.021161243 0.83186865
0.10813077 0.023226835 0.46650314
0.041623075 0.40479022 0.14265999
0.093296096 0.40528047 0.16813919
0.06978241 0.38508397 0.1847891
0.051102694 0.43037647 0.16044131
0.058391344 0.42368317 0.16064885
0.026870769 0.36034673 0.6083513
0.061719812 0.40350372 0.5982109
0.032918073 0.46798527 0.56365156
0.054151278 0.40359336 0.6178608
0.040624414 0.4567322 0.51185614
0.15820661 0.42713594 0.59188044
0.10684502 0.5292522 0.273843
0.09367719 0.58790916 0.28834507
0.13632852 0.45667642 0.3369692
0.09992899 0.47833157 0.3296882
0.16307318 0.669473 0.3353817
0.10769847 0.5194602 0.30469304
0.101692416 0.53870827 0.30133104
0.32953653 0.15726846 0.5575572
0.21386704 0.18619135 0.57875335
0.36343208 0.17631161 0.60827494
0.0783838 0.09134844 0.52612966
0.9120648 0.39923584 0.5821001
0.85497075 0.36967826 0.59852874
0.25454772 0.010434125 0.46453792
0.2803 0.017296076 0.5199438
0.31591615 0.043548726 0.5796778
