0.11231166 0.48686755 0.42985958
0.13102081 0.4198401 0.51914686
0.19940147 0.48712724 0.5157746
0.1087546 0.52200496 0.44675535
0.13434936 0.47324806 0.459193
-0.023772165 0.52433074 0.20390773
0.057236873 0.2374403 0.29463488
0.11418784 0.20806344 0.30841282
-0.006646231 0.7250909 0.2804717
0.12701878 0.4206596 0.24504572
0.034172576 0.577104 0.533034
0.15393904 0.49855125 0.5381831
0.1105782 0.39187986 0.50245833
0.9293906 0.47085774 0.84922695
0.6993894 0.34605217 0.5805305
0.60146654 0.34912634 0.8018845
0.7904015 0.39393693 0.7000898
0.22329837 0.4208225 0.6113612
0.23726818 0.48962432 0.30759802
0.18855205 0.5457447 0.32067576
0.15838233 0.69467217 0.28740194
0.7190142 0.40810806 0.41925886
0.9698233 0.533986 0.47117275
0.022897996 0.4230485 0.59684044
0.049407247 0.424237 0.5301586
0.1619186 0.504802 0.46458083
0.17684844 0.51608706 0.45770425
0.17934771 0.44893658 0.57324356
0.17586863 0.52508545 0.57074934
0.08649434 0.8704352 0.50262696
0.10045902 0.74753875 0.46597248
0.82153124 0.8439192 0.35294425
0.4622787 0.74698716 0.36491078
0.6396888 0.74453413 0.3340702
0.6218218 0.7423563 0.27615187
0.8856383 0.87115914 0.28806698
0.7999799 0.80659693 0.31234837
0.07742374 0.8364268 0.22492054
0.083805345 0.7225508 0.23043
0.14771493 0.73226315 0.23110765
0.13391334 0.8019142 0.19339535
0.1485007 0.8423094 0.19103399
0.65536153 0.450005 0.65951
0.6920887 0.51246995 0.6916312
0.9159271 0.562912 0.63218164
0.71112233 0.5381813 0.6703725
0.7530838 0.5982225 0.636653
0.7712791 0.70910007 0.7158325
0.3824768 0.20283528 0.49277282
0.33900636 0.28827506 0.55466056
0.11756322 0.23335247 0.30163768
0.26357946 0.35149455 0.37719765
0.3285054 0.40253538 0.4422597
0.29399696 0.3563481 0.33235052
0.32244083 0.36769038 0.30610892
0.22838095 0.5576941 0.6832758
0.30592912 0.5057336 0.58446974
0.32742432 0.45024234 0.65364486
0.66371053 0.6570261 0.6007467
0.64853656 0.68629676 0.6405474
0.69369334 0.6018322 0.51524067
0.44593185 0.5635793 0.5390264
0.15325993 0.47535455 0.4953104
0.16422255 0.4649642 0.49088365
0.5490166 0.5168109 0.34395444
0.23920466 0.4748451 0.37894845
0.2772004 0.48408496 0.37211397
0.39344946 0.66007763 0.5280523
0.3719514 0.52300817 0.55010176
0.8061099 0.28092706 0.5506103
0.3534302 0.22048001 0.61616194
1.0448998 0.432261 0.6199859
0.9412162 0.403575 0.70598996
0.28023916 0.26715705 0.5629845
0.768555 0.35084987 0.661077
0.9154003 0.42841834 0.61773574
0.08932064 0.57191175 0.27316755
0.10020293 0.6669124 0.29369363
0.09202109 0.8629573 0.22132379
0.10285461 0.5786267 0.21711774
0.21135287 0.38052338 0.2906064
0.23366061 0.43682182 0.25947368
0.585705 0.52538806 0.55751777
0.8393386 0.60040164 0.5272002
0.6487548 0.61101025 0.5350852
0.63591635 0.62867707 0.5318672
0.7103187 0.5565025 0.55924785
0.7115185 0.43384403 0.5823512
0.31223607 0.3020329 0.56100345
0.18012196 0.36538363 0.18554363
0.33595988 0.39231354 0.15619844
0.98815835 0.46904302 0.279232
0.65231425 0.3847136 0.22930196
0.36524785 0.41504312 0.16951083
0.36357808 0.3454079 0.19642356
-0.008912712 0.6289814 0.22141474
0.5165832 0.173419 0.088204734
0.060688145 0.38891482 0.19450372
0.08699763 0.33786666 0.20076203
0.15048483 0.45238853 0.61097014
0.07234269 0.5923001 0.642383
0.31169498 0.4580623 0.6638135
0.12170108 0.42009217 0.6772455
0.11103086 0.48776364 0.65904784
0.097769596 0.41613644 0.6379402
0.14428888 0.51509815 0.64225996
0.097992264 0.47743958 0.6287194
0.4142576 0.46715695 0.68066615
0.9354573 0.46819836 0.6444712
0.36131993 0.43675095 0.707425
0.34103954 0.46835083 0.6356236
0.50706947 0.635799 0.59243894
0.038313314 1.1127467 0.55370253
0.5044123 0.5802237 0.7664088
0.16395684 0.9450919 0.31443173
0.15699211 0.4960385 0.73536646
0.09545809 0.46371555 0.6652223
0.17829269 0.46239388 0.67566025
0.04760331 0.40264654 0.60691017
0.57988316 0.5319691 0.58431524
0.10922173 0.4841339 0.56672937
0.1694128 0.3097519 0.5437109
0.04370763 0.3726791 0.63844097
0.7612769 0.45966405 0.59379804
0.1535944 0.36237645 0.40294772
0.57315207 0.37424827 0.35994774
0.3754238 0.44740468 0.5663273
0.22825895 0.42575514 0.5456315
0.18566756 0.31794387 0.47457618
0.018182982 0.6048067 0.81140375
0.028419513 0.82498616 0.7584729
0.059747107 0.70939296 0.7730773
0.106347784 0.47103047 0.8131883
0.058014166 0.81591064 0.78213847
0.068421856 0.5619675 0.7769579
-0.00055038184 0.41571683 0.8668412
0.049805097 0.7452008 0.81592214
0.1768732 0.45849472 0.70101094
0.1694189 0.43613857 0.70567226
0.32516366 0.4342454 0.39139292
0.37053543 0.31425202 0.39122272
0.5843959 0.4219572 0.42834887
-0.09616098 0.2571957 0.2715162
0.80676144 0.52127373 0.37753665
-0.14047572 0.21058722 0.39192334
0.063683644 0.2666964 0.42213383
0.020319842 0.3342154 0.4228465
0.025998134 0.35166562 0.4035513
0.06517814 0.34000266 0.42666355
0.03734985 0.4259596 0.38638958
-0.0072324947 0.43854553 0.37588453
0.009461783 0.34346694 0.43113366
0.098835096 0.41707265 0.50972646
0.12991932 0.53948325 0.37340373
0.6268472 0.39238214 0.5347413
0.059931815 0.33899546 0.47191548
-0.0030658543 0.27510583 0.51211655
0.0025595017 0.7181539 0.50757414
0.11706223 0.7593897 0.6096713
0.051585734 1.0911103 0.49117035
0.24452691 0.32910967 0.49975544
0.21099357 0.34291923 0.45328084
0.12336328 0.79811615 0.5994744
0.20038548 0.5343315 0.6676643
0.22988302 0.590439 0.40861708
0.16534722 0.62472945 0.30365705
0.10664187 0.47462976 0.17405495
0.04664228 0.47037363 0.18442684
0.04480763 0.48390996 0.18414348
0.0531896 0.43738014 0.20322093
0.4732985 0.35567468 0.53997993
0.28897157 0.3746 0.37920195
0.30390334 0.63676566 0.19776517
0.2141224 0.57251054 0.21210854
0.18074349 0.56572914 0.18135303
0.11316323 0.52344435 0.1871345
0.0243981 0.44609088 0.106013045
0.1020194 0.7339522 0.08460127
0.050354198 0.29326665 0.12925905
0.17034148 0.46757942 0.17055678
0.14481266 0.488124 0.15950656
0.13535944 0.50596946 0.49371833
0.120368056 0.48934692 0.45311707
0.124673486 0.46841818 0.47806144
0.13647555 0.45029503 0.4917884
0.13278736 0.47915107 0.5158412
0.2017374 0.61007565 0.51538503
0.44046688 0.23179297 0.7067313
0.008514982 0.29746726 0.9107189
0.20212936 0.10858686 0.7848754
0.1885266 0.3672676 0.30262947
0.11836812 0.276635 0.25264943
0.13711572 0.3535192 0.24090052
0.16439103 0.54554075 0.34523752
0.20654887 0.5690004 0.34846798
0.16947752 0.6101081 0.29726595
0.22701523 0.6303631 0.39112577
0.1097938 0.64092535 0.2812303
0.23384118 0.6451716 0.34827402
0.219556 0.5509277 0.5846616
0.19399959 0.5343173 0.5426659
0.09536866 0.5605684 0.28006807
0.1706376 0.68524396 0.27810526
0.106680386 0.57401794 0.2981226
0.40740055 0.27638155 0.5333074
0.036205962 0.43604338 0.10878906
0.0674092 0.41359967 0.16351405
0.033381604 0.39419794 0.15375814
0.040795125 0.4800532 0.14731272
0.044541545 0.42501634 0.15176384
0.1372622 0.31116772 0.52163833
0.09054732 0.38251454 0.58510303
0.12137084 0.39772576 0.57383776
0.09786378 0.35493016 0.5688113
0.103406616 0.41790164 0.52913666
0.1256276 0.38587636 0.5714407
0.14791837 0.55997026 0.24434811
0.09388712 0.5833835 0.29506853
0.11976552 0.4891966 0.33343238
0.09066548 0.45772892 0.3168907
0.15439226 0.7273374 0.3253848
0.11244623 0.53858083 0.29603446
0.11061225 0.59342563 0.30382207
0.049960382 0.040446278 0.5584465
0.13789554 0.11436193 0.60526586
0.540833 0.24025728 0.6104433
0.056846038 0.0701748 0.5918536
0.826814 0.37839103 0.623987
0.6364028 0.2670076 0.664976
