0.07294947 0.5530253 0.47228116
0.18540987 0.4580872 0.49961466
0.17219558 0.5559618 0.48914278
0.06788315 0.51989704 0.4694981
0.08416681 0.46799412 0.48490408
-0.02454286 0.56343883 0.24351513
0.01281159 0.27113977 0.3208703
0.01638968 0.2800793 0.26440263
0.016622677 0.7771828 0.24474992
-0.018998437 0.3042633 0.34102288
0.037640247 0.6817799 0.5511732
0.14860213 0.572402 0.5603385
0.1517267 0.40953004 0.50609165
0.37142622 0.34188667 0.81276983
0.8004004 0.35366854 0.5567948
0.44299856 0.25915128 0.7527898
0.8681667 0.40495634 0.6693719
0.31546348 0.46651658 0.6042264
0.20257774 0.537654 0.29199684
0.19223946 0.5377701 0.3079018
0.13129288 0.70356727 0.29040748
0.52344334 0.45479262 0.43223727
0.5030009 0.42351317 0.4587872
0.08356592 0.45835978 0.57342243
0.08666025 0.45919207 0.5972037
0.21316087 0.51500314 0.447518
0.16945809 0.51054275 0.4447748
0.17423066 0.4702809 0.56459033
0.1746746 0.5529094 0.5440396
0.056858756 0.87969375 0.48373175
0.095080554 0.69877946 0.4734573
0.8175236 0.8702847 0.38153163
0.4868381 0.7628474 0.4231221
0.61394525 0.73793286 0.3544606
0.595863 0.7210676 0.30930233
0.7938937 0.84591126 0.35659695
0.82086277 0.82693505 0.3005724
0.06269696 0.86826473 0.215819
0.045317654 0.79943943 0.22804178
0.11593619 0.7288349 0.22825071
0.10401838 0.794045 0.20852533
0.11638361 0.84199524 0.19564368
0.6513376 0.4309433 0.63937014
0.6993296 0.5037416 0.70012647
0.89895153 0.565603 0.6487906
0.74506944 0.5621706 0.66556984
0.7297484 0.5604647 0.62203234
0.8312217 0.7063966 0.7347709
0.383715 0.18946958 0.4323456
0.33572713 0.26607075 0.54225683
0.044028614 0.32114524 0.27684245
0.34098753 0.35380855 0.3475849
0.399948 0.4072793 0.45039353
0.30398947 0.3888632 0.29130328
0.31591368 0.46215656 0.28488994
0.29007986 0.56574976 0.69290566
0.4650792 0.5580705 0.57481223
0.42534584 0.49773365 0.6411703
0.7047565 0.6726297 0.59938663
0.65966094 0.69136995 0.6358032
1.0730907 0.7440891 0.581327
0.4194432 0.5456929 0.57073545
0.1615642 0.5173523 0.53132397
0.12913896 0.5568191 0.53928244
0.3455426 0.44002268 0.3288691
0.31617552 0.4681297 0.35783678
0.34027803 0.49137747 0.36334357
0.4336638 0.6702595 0.56216687
0.3578624 0.569154 0.5766269
0.72567487 0.29716462 0.6155656
0.6862049 0.3408422 0.6391358
1.0543522 0.42829913 0.6075712
0.9953177 0.37666982 0.54518026
0.7803125 0.47183388 0.5767041
0.79510283 0.31497872 0.7814768
0.89652514 0.3964582 0.5644702
0.05999159 0.62718487 0.24522379
0.053526897 0.81113625 0.28408685
0.06947547 0.98811287 0.20224366
0.076084636 0.6146871 0.1907463
0.51235294 0.4019023 0.3081119
0.14006516 0.5467271 0.2152083
0.53383905 0.53211105 0.54439545
0.85146976 0.6234015 0.5412421
0.58410597 0.58788556 0.53172904
0.6144914 0.6138629 0.52742857
0.8617557 0.5996224 0.56752384
0.708238 0.44778144 0.5939013
0.18504673 0.30442008 0.58256775
0.060587633 0.314969 0.23734395
0.34166545 0.39637765 0.22189984
1.0980284 0.48892087 0.28937727
0.61842823 0.3956016 0.2431812
0.5204202 0.4310577 0.2140499
0.5377415 0.40380457 0.25006258
0.029582664 0.5858339 0.20785582
0.860117 0.36305928 0.14181414
0.008210465 0.48750582 0.20802791
0.10991876 0.33684385 0.24986395
0.1068911 0.5074458 0.6354704
0.068819806 0.5749596 0.6373629
0.3269621 0.47409993 0.6657131
0.0055774525 0.4007254 0.5880421
0.06701821 0.45944637 0.59379786
0.39305234 0.45823935 0.56014824
0.37905616 0.5572013 0.5342534
0.41414577 0.5185496 0.51600033
0.4741697 0.52839124 0.6599125
0.9791893 0.49010253 0.67229384
0.5178052 0.5332589 0.66626734
0.35329348 0.47781456 0.6298323
0.45895278 0.5977652 0.6520205
0.061291922 1.0977827 0.5058489
0.47730866 0.5719814 0.7521289
0.11954211 0.98693323 0.28981388
0.13361353 0.4570827 0.7145137
0.40245456 0.5320053 0.5839225
0.2017281 0.45950323 0.652201
0.33070675 0.52069074 0.5702592
0.8627163 0.64438397 0.54225755
0.065818876 0.50068516 0.5308478
0.018746316 0.37077278 0.60896057
0.092419684 0.4521824 0.616221
1.0035653 0.53760225 0.60874665
0.48190135 0.5899143 0.31437585
0.7532463 0.5030217 0.3634783
0.33824176 0.4686929 0.5452016
0.23251566 0.4502101 0.49408
0.07329808 0.32377523 0.43150803
-0.025182895 0.58484656 0.81420904
-0.035686426 0.8449491 0.813405
-0.03982637 0.84511805 0.82283026
0.15935951 0.34039423 0.69847614
-0.026170261 0.90340257 0.84671384
-0.04244058 0.6761034 0.8216359
-0.041372426 0.36172983 0.82399684
-0.036209263 0.6488037 0.87737495
0.2597711 0.45031142 0.6807516
0.193647 0.4407454 0.70055425
0.5255926 0.54189205 0.37297708
0.41119844 0.46045017 0.32166848
0.5767082 0.5370741 0.37597388
0.42338842 0.62786293 0.24897993
0.8254528 0.52991486 0.34665555
0.109415956 0.4285869 0.37998384
0.23715001 0.3299581 0.40717143
0.036104597 0.29664972 0.4340625
0.45523262 0.45402718 0.44105917
0.19167793 0.40999925 0.43459105
0.008348715 0.4716129 0.4022835
0.029381141 0.45521677 0.37566337
0.18265638 0.37439114 0.43133867
0.083209455 0.43979627 0.4779951
0.28824496 0.57264024 0.39748624
1.1172942 0.5542376 0.4301872
0.13974255 0.37347484 0.50375205
-0.036462627 0.3007337 0.51170474
0.024836645 0.80523527 0.46640044
0.10019341 0.7985411 0.555956
0.035242327 1.1176889 0.5443026
0.080504864 0.36177415 0.50259364
0.22121081 0.40659392 0.49663812
0.0644002 0.8155559 0.59370714
0.11613423 0.544766 0.65212166
0.21022192 0.64371884 0.42551547
0.1304631 0.76075613 0.28715152
0.157527 0.4567545 0.24835023
0.0717033 0.45772246 0.17822915
0.13145734 0.4428198 0.23841146
0.060451403 0.38119444 0.25334558
1.0216869 0.58840185 0.9075249
0.24628365 0.45856252 0.44240838
0.36042073 0.64900315 0.17416933
0.16441146 0.61230874 0.22143924
0.14872871 0.54850304 0.19128504
0.16097909 0.50184417 0.20286503
-0.028760336 0.5725181 0.092291266
0.060461253 0.77228 0.039507445
0.39426374 0.4679271 0.122131065
0.16450354 0.49527448 0.14648376
0.15672347 0.51496935 0.12563093
0.07033457 0.6101023 0.49553263
0.065999486 0.60323936 0.49556583
0.06780103 0.51249444 0.53025424
0.07628802 0.50479865 0.5307032
0.08462128 0.5666876 0.47927326
0.108963065 0.64309317 0.52670336
0.4376485 0.22905028 0.71134996
-0.029488318 0.39118594 0.9160351
0.33234745 0.1032834 0.6452413
0.22871453 0.3677402 0.29934835
0.13606413 0.27041927 0.27918085
0.10154016 0.38779667 0.23335241
0.10911005 0.53611076 0.40399227
0.18042901 0.57527363 0.37801147
0.1633941 0.7019831 0.3609351
0.21971944 0.6621332 0.3804051
0.12385145 0.64538616 0.3063714
0.19617805 0.6384185 0.3667699
0.13836938 0.5764756 0.56674165
0.11237933 0.58905244 0.5224453
0.10168352 0.65916204 0.30435097
0.17014775 0.7228274 0.37400013
0.13379338 0.59910667 0.3857184
0.34860188 0.33614624 0.5554378
0.06154476 0.4033982 0.13525288
0.025935806 0.37668142 0.16845833
0.04804797 0.37080115 0.184268
0.035607472 0.4162426 0.16607088
0.053446375 0.41520345 0.18677467
0.16414309 0.41457745 0.5334901
0.053913943 0.4308822 0.6136027
0.020100512 0.47391006 0.5981458
0.047855347 0.41154328 0.5883309
0.030383449 0.4522436 0.56462455
0.14212105 0.48749763 0.57341975
0.14456323 0.491522 0.3250758
0.050770395 0.71146166 0.3155161
0.08281064 0.4404585 0.36151022
0.10160852 0.48875672 0.36872864
0.15614448 0.8015791 0.3384955
0.13886234 0.63972545 0.32461184
0.08172326 0.65833366 0.32774436
0.043212064 0.0026298612 0.5853347
0.22514492 0.16090888 0.59087765
0.36275294 0.18341115 0.6240964
0.0340164 0.07721797 0.51907194
0.8239801 0.35961944 0.66847456
0.720419 0.27035746 0.70087284
