0.062749326 0.5300033 0.45598483
0.10946329 0.3881383 0.4799425
0.22233441 0.5260593 0.51107234
0.08845447 0.56126577 0.47079775
0.09505905 0.49099803 0.48466605
-0.023709219 0.627954 0.22207454
0.0052854083 0.29286557 0.30320418
0.0631285 0.2598342 0.30148464
-0.0284031 0.85329056 0.24014083
0.032622088 0.45566875 0.22066063
0.042472642 0.52362144 0.57307667
0.12661184 0.58125865 0.5492754
0.09415964 0.37704745 0.5119173
0.48847327 0.31605592 0.8238185
0.6767083 0.31118354 0.58039856
0.56260824 0.3327443 0.8523892
0.883703 0.4349062 0.722734
0.095369026 0.43124518 0.5826558
0.23587684 0.5314771 0.28146908
0.1936149 0.5316128 0.2775803
0.15804833 0.7043482 0.2939008
0.07857154 0.42727908 0.3834539
0.3476303 0.36783648 0.39044803
0.027085993 0.5177085 0.56587493
0.13098288 0.38996834 0.6014905
0.20585455 0.48334736 0.44915885
0.17240705 0.49031052 0.44528458
0.19393672 0.4336654 0.5856076
0.17322846 0.6675042 0.5090573
0.102417946 0.8965031 0.41162297
0.08444269 0.8081051 0.43492836
0.8237797 0.84895885 0.36679673
0.5064169 0.78302306 0.32203573
0.65839183 0.7519977 0.2890116
0.6321229 0.73362327 0.2696925
0.88202703 0.884114 0.279537
0.8455545 0.8085855 0.28979698
0.07265961 0.8697874 0.21228476
0.06630042 0.78435504 0.18513675
0.11374925 0.8061018 0.20224604
0.16039465 0.7704154 0.1738759
0.12319039 0.89216936 0.17950901
0.6695066 0.43058163 0.6263904
0.72883344 0.51685935 0.7403952
0.9217921 0.59932876 0.6951585
0.72829914 0.54217464 0.71215916
0.7704017 0.5717129 0.6691576
0.8384941 0.7464663 0.74564254
0.3880236 0.20284474 0.49054462
0.31886125 0.24537432 0.5734966
0.10278092 0.2763118 0.28584242
0.31914717 0.36770523 0.37617838
0.38191327 0.45402008 0.42008263
0.30068514 0.37740853 0.2850223
0.31646332 0.37537104 0.2922421
0.21137895 0.5813384 0.6957259
0.29007706 0.5608229 0.60476947
0.38517445 0.49395937 0.66063136
0.6433313 0.6767109 0.6143769
0.63406956 0.6915822 0.63574696
0.9001948 0.6981724 0.52345943
0.45699826 0.55108154 0.5155602
0.20472264 0.46637684 0.5206802
0.24803737 0.47905898 0.48764583
0.29866475 0.45973063 0.29669413
0.19761214 0.460612 0.3325248
0.2771978 0.4837607 0.3558916
0.4202076 0.66076803 0.4834778
0.38454464 0.5711639 0.51169854
0.42349663 0.1971882 0.6164806
0.0701169 0.1791684 0.61445725
0.968114 0.39049995 0.58801746
0.96343464 0.36098778 0.5723176
0.1312835 0.2155304 0.605718
0.8305433 0.34823167 0.677181
0.6687467 0.33867788 0.51241994
0.065684125 0.6080845 0.26477456
0.09352659 0.71058685 0.2614754
0.09359901 0.89707994 0.18540943
0.09223971 0.5228005 0.1935167
0.21699578 0.3828403 0.23614734
0.25010648 0.45682526 0.20185542
0.5603092 0.55033106 0.51839167
0.7266402 0.59609944 0.4997495
0.57480246 0.5860137 0.513334
0.5706557 0.5935447 0.5188274
0.7381882 0.5800925 0.60759556
0.80000174 0.47458395 0.54333216
0.3390176 0.33601922 0.5406169
0.027287558 0.33114833 0.19017157
0.12950458 0.37849143 0.14398289
0.8481638 0.46466595 0.24289432
0.4565303 0.3828315 0.21265149
0.16154283 0.4000185 0.17659435
0.16942778 0.37161446 0.21588796
-0.011517983 0.63482106 0.20822856
0.31910348 0.10629945 0.17054513
-0.022245761 0.51366603 0.17623933
0.022065263 0.29114586 0.18193339
0.16225636 0.43958467 0.62620974
0.05982465 0.6884908 0.6094353
0.27283186 0.4397042 0.6755711
0.07681432 0.51544446 0.6135965
0.07528341 0.6956893 0.6013406
0.20217477 0.45263448 0.6851684
0.20315143 0.54472077 0.66537964
0.13389935 0.48789465 0.6233406
0.31266028 0.47978744 0.6657925
0.8526764 0.46499008 0.61865336
0.33796284 0.47285467 0.6431859
0.35128504 0.45495483 0.60850275
0.39876798 0.61862665 0.5524181
0.047675315 1.1060402 0.48692954
0.39221156 0.5353147 0.73015213
0.15043145 0.87952673 0.2928017
0.18011674 0.4722818 0.7230047
0.05049068 0.69675326 0.61856747
0.0667671 0.65753204 0.63751686
0.09995499 0.42637745 0.556563
0.7820494 0.5878218 0.5354168
-0.009934094 0.7403153 0.5536493
0.07021923 0.30999842 0.60627866
0.1568156 0.38187432 0.60258126
0.99597317 0.5315341 0.5552637
0.33263296 0.560193 0.3547662
0.35857335 0.47726882 0.42015603
0.3705673 0.47545773 0.5356025
0.25706434 0.43326744 0.49615127
0.2139144 0.36721757 0.4512751
-0.054697286 0.57425845 0.7773056
-0.0126582645 0.9316584 0.7641286
-0.028439473 0.8428457 0.7609119
0.14155017 0.3810582 0.816005
0.011207018 0.9020615 0.79042494
-0.0073050074 0.6642107 0.7463057
-0.037497085 0.28217003 0.78031564
0.02294961 0.56652206 0.8243762
0.19966838 0.48243856 0.7180185
0.1748059 0.44334716 0.69291955
0.16921814 0.54483384 0.31179985
0.8750571 0.5569447 0.2791083
0.59624296 0.6187389 0.36005804
0.457302 0.64838743 0.22251445
1.4055566 0.68977404 0.27557492
0.65584826 0.61352384 0.1896623
0.12831248 0.2943541 0.39417806
0.04523876 0.31853953 0.4265155
0.015009988 0.41576874 0.41172835
0.053614434 0.42327863 0.41028127
-0.001573693 0.45147374 0.40156618
0.008719865 0.45953712 0.39240396
0.014242988 0.32462293 0.43513712
0.079102844 0.40727276 0.50664407
0.03640302 0.541594 0.40829125
1.3366668 0.6781843 0.52287984
0.036807124 0.46139163 0.4724332
-0.0026904754 0.27403328 0.5267763
-0.027485903 0.8011092 0.4673001
0.05830245 0.9348848 0.5033003
0.049092654 1.1107519 0.5086006
0.017111931 0.39667946 0.51173514
0.0741235 0.51644117 0.46433437
0.17095974 0.70143497 0.65579367
0.19979763 0.5291586 0.6888985
0.20663749 0.57390857 0.39388958
0.14102778 0.7158501 0.3062138
0.07001956 0.50550574 0.19363546
0.007425666 0.44943067 0.211867
0.025791738 0.46378276 0.20470458
0.008135248 0.437252 0.22422141
0.64821875 0.32610586 0.54555434
0.06346057 0.5308816 0.4161646
0.35594586 0.65235627 0.18466422
0.13977407 0.62154245 0.17993906
0.13190976 0.5622454 0.19219773
0.12608738 0.48397553 0.14471646
0.03924488 0.40208372 0.15165053
0.04924077 0.8916706 0.082906604
0.21216376 0.45876735 0.11212158
0.15235135 0.4980296 0.13079533
0.1742625 0.5040766 0.12302
0.06473386 0.60817957 0.4904859
0.04086696 0.60897624 0.4907065
0.09267646 0.43222266 0.5258305
0.10430309 0.42916542 0.52391696
0.05477414 0.6572836 0.55005527
0.09271157 0.6653035 0.5330722
0.4379419 0.22627756 0.6879741
-0.08482669 0.4388606 0.87214
0.27422273 0.10285528 0.7273843
0.19854514 0.3577228 0.3032997
0.057282645 0.31285733 0.2714164
0.093038395 0.37342018 0.2489529
0.12754576 0.51359606 0.35534564
0.18648139 0.5540239 0.31827328
0.13631807 0.64815015 0.31597742
0.18529253 0.6047828 0.38306487
0.14168516 0.5767992 0.29851866
0.216201 0.592627 0.33459914
0.20708853 0.49054143 0.605424
0.16729204 0.6390285 0.53088397
0.0528767 0.5612434 0.287057
0.12770012 0.72516257 0.29106373
0.057074968 0.56968355 0.32857093
0.06752922 0.2340819 0.5502631
-0.0032087117 0.4364812 0.1263088
0.03616791 0.4099167 0.15079492
0.025169086 0.4083228 0.1939185
0.005492475 0.48743716 0.1567888
0.015110109 0.474346 0.16265896
0.04109757 0.38682932 0.54727745
0.11619303 0.377092 0.6259837
0.08988929 0.46085078 0.6076231
0.085089445 0.37473303 0.58848035
0.06280118 0.48953897 0.54870397
0.12652165 0.3894552 0.57421196
0.076003775 0.55126566 0.24354911
0.05866481 0.63489485 0.28922895
0.040055517 0.46873862 0.32641715
0.07801509 0.4771874 0.31103918
0.1492689 0.70697284 0.35565388
0.089894325 0.5374077 0.3211218
0.09285703 0.5803005 0.32761204
0.53153116 0.20822316 0.57580626
0.51092863 0.25626424 0.60725844
0.43058082 0.22806215 0.6224746
0.118421696 0.08531688 0.5382912
0.8027712 0.3550026 0.5492139
0.7993413 0.3376495 0.57699984
