0.106777325 0.534762 0.45070377
0.12610945 0.4052899 0.46421942
0.22776793 0.5536766 0.52496135
0.08195394 0.5142337 0.44670728
0.08978917 0.47117174 0.4919348
0.10591643 -0.0072620437 0.629843
0.15449259 0.025020633 0.52338314
0.072286576 0.008581124 0.7314158
0.08419367 -0.03074637 0.65863174
-0.012761503 -0.030214742 0.6190018
-0.058826126 0.5361192 0.212639
-0.0030161291 0.34417444 0.26311213
0.14856276 0.19972685 0.2962976
-0.034872875 0.7215796 0.2853001
-0.051771387 0.3480888 0.29553607
0.08437844 0.5148748 0.57870924
0.18934691 0.5410834 0.53321856
0.082369074 0.36348557 0.5024771
0.099000335 0.03974115 0.578998
0.12964442 0.046825856 0.6546351
0.11796405 0.026858017 0.5241902
0.13899323 0.011693202 0.5835794
0.12999997 0.08782691 0.6943256
0.5951688 0.22482675 0.5015245
0.7405075 0.40677428 0.51831806
1.0348092 0.3816924 0.5569771
0.12326303 0.27053487 0.79961985
0.6476661 0.30775574 0.49644378
0.6203921 0.3553508 0.8193502
0.906945 0.40265417 0.6799806
0.17827159 0.40878642 0.64206725
0.31979036 0.52739215 0.2793202
0.20646995 0.52701443 0.29800808
0.1547506 0.68733627 0.2686515
0.40687 0.361086 0.37762067
0.60475445 0.42588872 0.41250768
0.055335913 0.42074937 0.5723414
0.10339242 0.3916273 0.568378
0.18890314 0.51643443 0.4461552
0.1790843 0.52071595 0.44455534
0.18602587 0.48100102 0.5453639
0.18102635 0.5448614 0.5757721
0.063924104 0.8454257 0.5288581
0.085676536 0.7065046 0.48612025
0.86267763 0.86098355 0.37752083
0.4090308 0.7499066 0.38661677
0.62175435 0.7644331 0.30659056
0.61164886 0.7257217 0.24640718
0.8682521 0.8698684 0.33293813
0.7537787 0.75258565 0.25276843
0.031943005 0.026434511 0.576412
0.06012728 0.127848 0.5798437
0.12848131 0.08349535 0.5836611
0.073894285 0.033472188 0.60284257
0.18600133 0.083916984 0.5837004
0.055963814 0.11805625 0.5838941
0.041004602 0.025149643 0.49583712
0.06709667 0.84718287 0.22303882
0.058714233 0.7957683 0.21136276
0.114075124 0.7750398 0.21866697
0.1101148 0.78709507 0.19263253
0.12040663 0.83227515 0.19824576
0.65219706 0.4301861 0.73454654
0.6715338 0.5039233 0.73786837
0.9656569 0.59608364 0.6762931
0.7073405 0.55126476 0.7229418
0.7574637 0.5809839 0.6585884
0.8284227 0.72920597 0.776614
0.35159937 0.19138806 0.48109806
0.2960958 0.22456291 0.53742266
0.06365761 0.257029 0.29704902
0.3134006 0.324355 0.38360247
0.37000474 0.37524623 0.44456702
0.29812875 0.36179173 0.34837648
0.33729923 0.40916657 0.32877782
0.2513715 0.596194 0.6630502
0.28595847 0.57880056 0.583692
0.3631978 0.5447997 0.6521321
0.66811174 0.6648612 0.61986494
0.6632579 0.72950006 0.64422435
0.78350776 0.61861223 0.457096
0.4613945 0.5871272 0.53305036
0.15392973 0.4951141 0.5073501
0.18566869 0.48817372 0.4691051
0.3152727 0.46039492 0.3006246
0.2813705 0.48811722 0.3465497
0.3425631 0.5085549 0.36490437
0.37409914 0.4651072 0.26093853
0.7009967 0.7568524 0.16863054
0.8316741 0.7910594 0.19282785
0.97221935 0.89272463 0.1614457
0.42171544 0.70139074 0.49363378
0.31117976 0.5623566 0.4954169
0.1990264 0.042204037 0.60691804
0.17536387 0.02930586 0.50212604
0.2040483 0.022883467 0.48263082
0.1619835 0.023200974 0.5546608
0.15631996 0.0680632 0.8073687
0.09735017 0.13784173 0.6722124
1.122438 0.47608352 0.662016
0.59340334 0.22348137 0.3974227
0.28644714 0.06568742 0.6518864
0.7129973 0.32856047 0.57567143
1.1153451 0.4328463 0.591128
1.1451383 0.44549602 0.6472325
0.5540298 0.40332317 0.52809995
0.86568904 0.31984138 0.77314544
0.9825631 0.46149427 0.592564
0.08528607 0.68487924 0.23380539
0.05881332 0.8044305 0.25684208
0.08892288 0.90138346 0.1935935
0.11271708 0.58034563 0.18870643
0.058970984 0.31007993 0.4156948
0.09747176 0.43604445 0.20341
0.55715954 0.5154621 0.49245846
0.6217715 0.5586829 0.48016682
0.65733415 0.62353015 0.5297218
0.6206599 0.62638044 0.5160873
0.78772837 0.5994897 0.61264604
0.75181955 0.45002735 0.49992922
0.2610104 0.30999935 0.5305348
0.6789903 0.23452555 0.52009684
0.026687615 0.004200559 0.5487765
0.6590537 0.24533057 0.44692573
0.59215283 0.23619594 0.4964203
0.29767704 0.10880168 0.50235933
0.67024004 0.24793644 0.49234208
0.06389166 0.061168663 0.5778199
0.8566842 0.3341614 0.49094895
0.26425707 0.138576 0.5753356
-0.028367862 0.30096364 0.2941979
0.12116524 0.29889372 0.22295496
0.7882242 0.45107824 0.29133046
0.44519633 0.32605362 0.2540398
0.34395936 0.3994227 0.17946848
0.31372082 0.33528686 0.21246555
0.003915105 0.5711233 0.21977702
0.55917376 0.23118256 0.20797935
0.0039983355 0.39815044 0.22126293
0.22033557 0.33567768 0.25692675
0.2683313 0.16498809 0.36953238
0.15242994 0.26511157 0.56400746
-0.00065592676 0.2660781 0.61079466
0.063539706 0.25605977 0.507422
0.13207608 0.011021841 0.6570931
-0.016438134 -0.032428622 0.31666413
0.23355521 0.049424663 0.30205125
0.10160308 0.054253537 0.4602977
0.021490373 0.0019897968 0.66451484
0.062033802 -0.020221114 0.5369037
0.21312861 0.08208409 0.51095295
0.12686911 0.026740648 0.6777095
0.24795818 0.10590044 0.5268637
-0.014346249 -0.02903352 0.64248675
0.13256961 0.47822386 0.60788506
0.065885186 0.62632424 0.58578444
0.3000032 0.4764201 0.6657028
0.11698499 0.47750401 0.69719833
0.14845961 0.5440721 0.6437592
0.14684622 0.5272988 0.61428785
0.21160093 0.649313 0.6252404
0.13937227 0.53667355 0.5405508
0.4035533 0.5161043 0.60155934
0.7848617 0.4697727 0.53659093
0.41514137 0.491221 0.6870945
0.3411081 0.47926927 0.563269
0.40207168 0.6376202 0.5957504
0.048974328 1.1758602 0.46696928
0.4155528 0.56122375 0.7312633
0.06142607 0.9909516 0.33775333
0.11182459 0.50991315 0.7591334
0.09001099 0.4850893 0.65721256
0.0868877 0.5450226 0.68785655
0.13425907 0.39190602 0.56440425
0.5091362 0.5328183 0.54980433
0.041359715 0.40984708 0.5938043
0.04699845 0.3171898 0.60626787
0.11160808 0.3401733 0.6566828
0.6044202 0.4092968 0.5687913
0.13447946 0.46756685 0.45968306
0.19656074 0.4028163 0.32736632
0.38568512 0.48700362 0.535223
0.25220758 0.4435947 0.5103175
0.13130549 0.27463377 0.3900059
0.9835558 0.3916 0.4926192
1.0098684 0.4186442 0.4637218
1.0146072 0.40812498 0.45254233
0.94610554 0.36498076 0.47729072
0.9042968 0.36887038 0.4626972
0.96471703 0.39089304 0.43484226
0.9530313 0.38362283 0.4945601
0.90892684 0.36141735 0.32427612
1.1210399 0.4927147 0.46045586
0.05087851 0.5591518 0.83524525
0.009270117 0.86547893 0.79884064
0.038496617 0.7433808 0.81522566
0.092407055 0.45865363 0.75838894
0.030554943 0.84309137 0.8227294
0.07441332 0.49974132 0.78030837
0.069169566 0.388256 0.8592768
0.07605998 0.57142156 0.841132
0.95835596 0.41170096 0.6412868
0.82855535 0.31599134 0.5926644
0.13650234 0.07139814 0.49777552
0.87649155 0.333499 0.5423881
0.82056546 0.31196517 0.54060024
0.7363679 0.3093 0.44829577
0.22786477 0.5451345 0.7054104
0.1834729 0.47851866 0.68926424
0.38406938 0.51169777 0.36343417
0.5687643 0.5200179 0.35159948
0.60229814 0.55160517 0.40754494
0.16392703 0.4920922 0.3044158
0.79014647 0.6509106 0.32648683
-0.035194933 0.31771857 0.24752235
0.09278326 0.2598067 0.40617275
0.0832987 0.27195746 0.42166704
0.16827329 0.36141104 0.3656738
0.10722472 0.40728706 0.41296357
0.010933019 0.48946106 0.36491704
0.01439058 0.37707484 0.37929514
0.078024134 0.31037205 0.4373903
0.118629016 0.3478415 0.49218756
0.14316918 0.41606945 0.49147123
1.4811091 0.6675502 0.41567725
0.038913503 0.33503503 0.47186717
-0.010225639 0.28824893 0.51749194
-0.007860288 0.7592734 0.4479479
0.10066892 0.8151107 0.52268016
0.046627704 1.1042614 0.5455224
0.0489992 0.31528473 0.5786845
0.09601094 0.33379644 0.46727955
0.12760615 0.6093998 0.64754206
0.15114337 0.50742126 0.66667515
0.21090896 0.6392834 0.4133525
0.14327621 0.7497803 0.2769304
0.113596216 0.4609865 0.2771908
0.09162558 0.39792633 0.24856675
0.054475278 0.42774487 0.27116117
0.052502435 0.42151338 0.2524355
0.20335722 0.29613537 0.7974304
0.12610912 0.3975808 0.45229766
0.33887357 0.6428866 0.20643418
0.18894914 0.6338024 0.17954606
0.19960034 0.51965564 0.1634587
0.07091416 0.472749 0.22822621
0.09501769 0.4252594 0.1087727
0.12510994 0.7005955 0.1367168
0.2915445 0.38914722 0.07531336
0.13967323 0.5348557 0.15270066
0.1358906 0.52319676 0.14892562
0.8233632 0.28752822 0.5429092
1.0636386 0.40423065 0.43250844
0.7766887 0.20570248 0.25961354
0.09965381 0.49868858 0.48934022
0.10865365 0.5196217 0.4698386
0.1521289 0.46691203 0.4784834
0.13564935 0.46427584 0.49924242
0.130941 0.49811614 0.51757497
0.1828916 0.6254546 0.52955437
0.3818305 0.19509639 0.7044377
0.03503604 0.38298166 0.8918249
0.41272295 0.19138455 0.7369767
0.64781517 0.37501204 0.19347653
0.6196775 0.35913473 0.27599776
0.3550791 0.31545734 0.21218532
0.19117615 0.36584938 0.29280517
0.09995308 0.31895137 0.27301306
0.17187838 0.34101593 0.289395
0.16382033 0.48445868 0.3592406
0.24374369 0.56438476 0.351136
0.19058505 0.5925151 0.3976648
0.22244242 0.60930276 0.40348414
0.1126108 0.70796394 0.26035625
0.2191208 0.61181813 0.3481731
0.1874084 0.5552451 0.5644607
0.141562 0.5365286 0.563657
0.08779825 0.44698554 0.36263317
0.17804526 0.5629134 0.42134494
0.069391996 0.46021396 0.38898277
0.49606815 0.33694786 0.55738103
0.04075727 0.01645473 0.58773583
0.019418206 0.030261695 0.6099277
0.10994916 -0.023164913 0.61224467
0.098179266 0.0037254244 0.64268225
0.10069008 0.020429544 0.64310366
0.024504185 0.0905977 0.6890219
0.13739374 0.05852983 0.45988885
0.042438842 0.45948863 0.13088545
0.04613786 0.43589437 0.15310074
0.05720284 0.3894971 0.1868146
0.029917896 0.43057817 0.17074302
0.03840958 0.44969934 0.17661276
0.080474 0.31745946 0.50499195
0.086712986 0.42017752 0.60463446
0.09711831 0.41978914 0.5925581
0.09052801 0.39500374 0.56241125
0.09448111 0.40363532 0.55303335
0.16335356 0.48164737 0.5850882
0.10048231 0.5247136 0.32997707
0.08746603 0.66678333 0.2962703
0.13672858 0.4567743 0.35384
0.12396346 0.41728842 0.3449662
0.17165568 0.7279339 0.38049343
0.1224699 0.5113286 0.36036137
0.10467882 0.5381235 0.3371817
0.55288076 0.22664483 0.53216517
0.30813083 0.17340317 0.5817517
0.30830136 0.14622897 0.6133569
0.013205349 0.04639812 0.53975695
0.7998714 0.36989897 0.60550433
0.6406975 0.31898785 0.6175184
0.16554502 0.035240103 0.31395158
0.09669602 0.008760609 0.35917357
0.20154126 0.05460514 0.4015915
