0.13311231 0.59567064 0.44817716
0.124919005 0.42347825 0.46872556
0.2786014 0.5188808 0.49232072
0.123868525 0.48409456 0.48324287
0.116224445 0.50430626 0.47705168
-0.019855618 0.69746727 0.23405959
-0.0151347965 0.32350278 0.2561149
0.025473826 0.25575158 0.27081951
0.004892558 0.72264063 0.27151024
0.043483347 0.3126263 0.33243495
0.0639151 0.616661 0.52688503
0.06788805 0.6482552 0.556328
0.07482008 0.38208556 0.5077078
0.9392606 0.43089956 0.9167872
0.86684847 0.401623 0.63976556
0.44315904 0.25672162 0.7434071
0.87175465 0.41088712 0.68260896
0.07176452 0.4695384 0.6143108
0.24060604 0.5477283 0.2796836
0.21347561 0.52655876 0.31631696
0.17549272 0.6686293 0.30393445
0.16739193 0.33610225 0.45122916
0.26267108 0.36738122 0.44946545
0.049924172 0.60519844 0.5435847
0.10728656 0.4036615 0.5709081
0.22110802 0.5077036 0.43246084
0.20853043 0.5214423 0.43943495
0.22036324 0.45677215 0.575035
0.21519645 0.5317482 0.54304767
0.15522152 0.7453481 0.46395057
0.12903604 0.66996026 0.49451464
0.77104557 0.8459799 0.35670698
0.50931966 0.7685257 0.37806946
0.69955134 0.791111 0.3117883
0.65673625 0.71713805 0.24878626
0.81200504 0.85419947 0.31931794
0.763463 0.7431947 0.2500143
0.068609744 0.86213654 0.22151957
0.08248896 0.72627735 0.22876054
0.1502788 0.71162146 0.24808812
0.1466034 0.74005723 0.2166041
0.16497305 0.81575125 0.20353118
0.6904248 0.43437862 0.6562297
0.6912662 0.50550985 0.717277
0.91240144 0.5728972 0.6539573
0.7192044 0.5428799 0.68934053
0.72193265 0.5800604 0.6491739
0.76164114 0.7052734 0.7654672
0.3642521 0.19430831 0.447563
0.37007764 0.26205096 0.56387067
0.034834623 0.2863112 0.2534108
0.37887362 0.36626846 0.3624984
0.4137065 0.41049457 0.39744925
0.30987078 0.33821356 0.31680763
0.33854765 0.37053692 0.3110109
0.24514344 0.51912946 0.7252535
0.5233233 0.63170624 0.56089574
0.4011412 0.5214914 0.6795578
0.6747683 0.68233323 0.6063227
0.69789696 0.72627866 0.6147484
0.8162943 0.6646911 0.54121745
0.45855412 0.58280605 0.51842654
0.18661407 0.4931333 0.51048744
0.17552793 0.49823254 0.49273604
0.33368894 0.46665174 0.30129945
0.26563162 0.484146 0.32384455
0.31227472 0.5126167 0.32683632
0.4034967 0.7042644 0.49468422
0.38796556 0.64628804 0.51803166
0.48343122 0.19567592 0.5223333
0.8276329 0.36977565 0.62874293
1.02654 0.41607744 0.54268533
1.0388556 0.42466843 0.49645168
0.30812165 0.27942365 0.6255459
0.86109436 0.34943217 0.7546987
0.9382869 0.46690726 0.4741826
0.0794698 0.64964956 0.26381934
0.07914628 0.74491036 0.253837
0.08661821 0.9305708 0.1799521
0.073759384 0.6438847 0.20114976
0.03749919 0.51459026 0.23429653
0.25384742 0.5041117 0.20836024
0.63029623 0.55073416 0.50841004
0.69893336 0.5973424 0.5050597
0.6070818 0.5968607 0.5078392
0.62507486 0.6215241 0.51186687
0.68814754 0.5312254 0.5759694
0.8136095 0.50391054 0.5039163
0.30489174 0.31433803 0.53714114
0.026756912 0.33597863 0.23918395
0.037693746 0.3814091 0.18737543
0.33657786 0.3267975 0.1845155
0.059145592 0.28938216 0.1961837
0.12301978 0.28824425 0.16081196
0.09741101 0.27872854 0.19273525
0.00080537796 0.56609154 0.23231316
0.55964196 0.2967068 0.06730826
-0.006234579 0.46358442 0.16871186
0.030453859 0.26956666 0.221747
0.16979527 0.46264273 0.6185589
0.057873413 0.6286188 0.6227282
0.33352423 0.45900846 0.6590058
0.26930925 0.45470488 0.71600217
0.16887787 0.53157634 0.6897293
0.19324943 0.5623146 0.5930713
0.23637809 0.5631599 0.618329
0.2088064 0.5697663 0.5341945
0.41094545 0.50139666 0.57753617
0.86452854 0.5116902 0.6093458
0.49651903 0.56782115 0.62325996
0.38895443 0.49468386 0.6218427
0.45670396 0.61892605 0.5275546
0.030465 1.0548221 0.48109013
0.46637258 0.5672884 0.7066234
0.10424784 0.97172105 0.23968942
0.22401224 0.47763157 0.7816977
0.20624608 0.4363733 0.7561292
0.19205463 0.42528337 0.8056377
0.16852602 0.5217875 0.5378573
0.9361814 0.745039 0.51389766
0.13584934 0.427957 0.6327235
0.15015036 0.34782404 0.61371034
0.15282571 0.40466368 0.5847171
1.0122355 0.5715107 0.59975445
0.18175706 0.63856983 0.29995793
0.20307629 0.45303595 0.29161787
0.40790185 0.46188235 0.51737994
0.31572512 0.45830834 0.47464085
0.1227859 0.36317152 0.37906688
0.087293945 0.572559 0.81865495
0.057008862 0.969596 0.7913569
0.13428918 0.822665 0.8083419
0.21654148 0.46120268 0.80262536
0.09934421 0.99449414 0.81511134
0.13829714 0.6750059 0.85394335
0.115687184 0.35761446 0.8196762
0.17303151 0.6042317 0.87272745
0.23911306 0.4652421 0.70304763
0.18971965 0.4235019 0.6914893
0.2687692 0.5681011 0.3085515
0.30374467 0.49964446 0.25072563
0.25597155 0.50564104 0.3944474
0.2921759 0.6443965 0.29050943
0.49667388 0.59006035 0.2657689
0.3767116 0.8035208 0.1851379
0.08459814 0.26892978 0.37166446
0.082304336 0.36042076 0.42860484
0.07134678 0.4073574 0.40780228
0.16139433 0.34649026 0.4216997
0.025103495 0.5310962 0.38722664
0.057809368 0.4269263 0.41491497
0.071847625 0.31545824 0.44751328
0.12204607 0.41512734 0.46730995
0.0547155 0.80847895 0.31593558
0.872005 0.5839797 0.49481887
0.04373329 0.39126867 0.46636224
0.025698654 0.3248706 0.5439776
0.0025819838 0.8139443 0.44796246
0.06136386 0.84004325 0.5650136
0.047656283 1.1590549 0.49473524
0.06249468 0.38769615 0.5101566
0.07600492 0.3637975 0.48110563
0.28039244 0.6322388 0.6337411
0.28428096 0.5396895 0.70126754
0.23426808 0.648443 0.34903568
0.12681353 0.7595668 0.27675146
0.10065721 0.48825097 0.2233232
0.046077028 0.5531386 0.19681361
0.06012339 0.44026035 0.21111599
0.050663278 0.44887948 0.23141976
1.460118 0.7353021 1.2807192
0.15121907 0.5250411 0.41143233
0.335169 0.6654794 0.20596829
0.19889253 0.6491338 0.18475656
0.198637 0.6000223 0.1485358
0.1437015 0.5582124 0.16570777
0.05132313 0.52244234 0.059913594
0.080212414 0.77185196 0.07567474
0.10325462 0.44138646 0.0711933
0.21172604 0.4967907 0.13294181
0.17392594 0.50101787 0.13239017
0.15762524 0.6501963 0.4687127
0.14283882 0.68994194 0.46960616
0.18448961 0.50984704 0.5170059
0.17338723 0.49714512 0.5100364
0.20886476 0.7120249 0.5091729
0.19598252 0.7914477 0.5071292
0.42537537 0.20728262 0.73271054
0.023568131 0.38258034 0.9370208
0.2840348 0.12039709 0.7789903
0.20728844 0.37624264 0.31985873
0.108644545 0.34255105 0.27869672
0.16521224 0.38263518 0.27981204
0.18995203 0.5504206 0.3751806
0.22293209 0.6024569 0.34683704
0.1877 0.6178084 0.32223517
0.25787294 0.63773346 0.37302554
0.13557565 0.68933815 0.2600729
0.24503909 0.6522299 0.3518451
0.23896515 0.57549566 0.5762594
0.21234673 0.58958536 0.5631988
0.094421655 0.67741096 0.30755264
0.16492349 0.7653061 0.29586035
0.113431126 0.653437 0.31823486
0.35250828 0.28849065 0.58969724
0.030338515 0.4524523 0.12561606
0.053782336 0.42586052 0.15253416
0.05651069 0.404984 0.16709691
0.030278549 0.4665851 0.16338988
0.033669163 0.46336383 0.17079718
0.14367478 0.39203727 0.56639916
0.15258554 0.40587085 0.6002407
0.18855107 0.44617277 0.60583353
0.14627965 0.41599768 0.59124964
0.14622289 0.43529832 0.5618694
0.1655174 0.45274103 0.5186804
0.10264142 0.5527712 0.26503688
0.07136911 0.70060414 0.27265155
0.101307176 0.47237146 0.32171595
0.11156212 0.4884593 0.3500675
0.14634229 0.8076384 0.3341086
0.109847456 0.56119204 0.31448674
0.10470992 0.56480867 0.33079958
0.32053974 0.1596703 0.6168185
0.30941662 0.19558108 0.56624794
0.64214504 0.30504662 0.6169273
0.093553126 0.11295362 0.5544952
0.8154545 0.39108843 0.5789886
0.88356996 0.40504467 0.62643594
