0.10292122 0.5442771 0.46179253
0.11493726 0.49205023 0.47936904
0.16141501 0.5440763 0.4888469
0.04980876 0.5912805 0.45038295
0.09481031 0.5521843 0.45606482
-0.033610955 0.5195582 0.27248275
0.031519264 0.23927225 0.31981802
0.03231503 0.22486633 0.320607
-0.009976491 0.9031946 0.25269789
-0.05229439 0.33008766 0.32171088
0.076585054 0.6118273 0.5270257
0.10751109 0.5754532 0.52826726
0.06939422 0.3938696 0.4911871
0.5922192 0.34267628 0.82977265
0.8478846 0.37496054 0.6176538
0.67098135 0.39521146 0.82659745
0.841356 0.41118658 0.7542255
0.18400462 0.47697955 0.60464334
0.29303902 0.50855887 0.31080747
0.17567304 0.5299498 0.27598405
0.14886652 0.72258097 0.26589835
-0.0064593256 0.22818333 0.31485915
0.29894048 0.3466412 0.3030643
0.018383257 0.6474244 0.5505289
0.08507022 0.44167382 0.55298716
0.17649025 0.5035734 0.43939048
0.16532122 0.55110633 0.44648355
0.21020247 0.4912308 0.5890701
0.15401831 0.5406288 0.53752863
0.074187726 0.9969702 0.41578418
0.10176866 0.781144 0.4750353
0.8182487 0.83295923 0.3845713
0.3733036 0.773823 0.37758994
0.6343818 0.7337721 0.33603835
0.6258336 0.70096654 0.28922048
0.8228406 0.8530377 0.34691036
0.7759675 0.75646824 0.24824984
0.06660847 0.83240587 0.22286785
0.059474636 0.80223286 0.18703674
0.109680176 0.7819261 0.20652685
0.14882827 0.7501383 0.17740157
0.13137946 0.8766133 0.1771674
0.7675361 0.5032737 0.69131017
0.76216465 0.5462399 0.7197959
0.8847206 0.5861358 0.65772647
0.79094195 0.57585853 0.6889717
0.7665894 0.57445675 0.64938504
0.8412598 0.7194168 0.7556514
0.37991804 0.20721047 0.50372905
0.30889577 0.24839745 0.58157086
0.041742966 0.26797956 0.27412915
0.50176466 0.40092647 0.3553564
0.3587327 0.43484914 0.44893593
0.31404078 0.39130276 0.3101922
0.33259273 0.39860228 0.32129452
0.2387702 0.5871118 0.6671172
0.23775361 0.57599473 0.5607299
0.39340347 0.5367758 0.64684504
0.6578874 0.6931706 0.63620734
0.61790854 0.72411555 0.6712623
0.69950897 0.64969003 0.50156945
0.45684212 0.58015746 0.53131026
0.15891065 0.5109655 0.5266372
0.174068 0.5282707 0.50440866
0.26961553 0.45547956 0.29079312
0.23173426 0.44075498 0.3052729
0.24366762 0.47225186 0.3127789
0.41550773 0.71369636 0.5235213
0.3711267 0.57179075 0.4971226
0.5257339 0.2223618 0.6136725
0.71998066 0.34676525 0.61583376
1.0208968 0.3882887 0.6249408
1.0712613 0.40026703 0.61569095
0.5353829 0.38566148 0.5300255
0.8047983 0.35172966 0.7293952
0.6990331 0.35084704 0.498855
0.07374129 0.625528 0.25862724
0.06705472 0.8191324 0.2582745
0.09992581 0.90770906 0.20703574
0.112257004 0.56612027 0.20040762
0.07363036 0.51079905 0.29483104
0.19330525 0.5348836 0.18258172
0.5056758 0.52605104 0.52774006
0.5218502 0.5313368 0.508317
0.62964576 0.60605663 0.522457
0.59458274 0.6096132 0.5302204
0.7651983 0.59218 0.62845534
0.95197505 0.52706134 0.5576683
0.42192918 0.32850435 0.5600137
0.0073659495 0.34133086 0.20537704
0.08476708 0.2914203 0.2074565
0.7934497 0.40360296 0.22649738
0.43677187 0.30058882 0.2501135
0.059612818 0.27394867 0.2282829
0.05494655 0.27148446 0.20642267
-0.0019211173 0.5862276 0.21516731
0.7491069 0.28188458 0.28590977
-0.009382531 0.4579724 0.20535812
0.06578295 0.2918434 0.20607251
0.15083836 0.52228713 0.6257052
0.06339276 0.6518988 0.6070489
0.30713314 0.4837158 0.6772083
0.14235395 0.44847912 0.6649948
0.19628549 0.53262687 0.5975522
0.25792816 0.48301405 0.538635
0.3084849 0.6249707 0.53908277
0.23350386 0.530678 0.5264368
0.41796565 0.48959816 0.6073871
0.8716354 0.51741916 0.6715843
0.35735625 0.51010805 0.6721199
0.35214102 0.5273007 0.62268186
0.49798846 0.6591812 0.5874183
0.063059285 1.0683074 0.50635576
0.6267157 0.6365122 0.73497087
0.10898372 0.8940696 0.31937194
0.21237257 0.54689115 0.68080294
0.13257657 0.46685112 0.6587427
0.16012356 0.51203334 0.6923967
0.11355443 0.41471672 0.5727879
0.8436275 0.66428477 0.5497356
0.041838765 0.5362667 0.5839961
0.052905157 0.36268058 0.578536
0.057501502 0.40582126 0.6105903
0.98708755 0.5464423 0.60565513
0.19433863 0.38329068 0.3088537
0.072304696 0.24350767 0.18687981
0.388268 0.45363152 0.5145468
0.26685792 0.42378443 0.48596025
0.17359544 0.3609124 0.47185117
-0.018179253 0.59380955 0.8313603
0.0063375384 0.8810794 0.7978385
0.0116359815 0.7994266 0.81342065
0.15737937 0.4926654 0.7690694
0.07596566 0.8861128 0.79832023
-0.00276535 0.6167795 0.75224423
0.009603359 0.44114035 0.8449166
0.054774754 0.6070531 0.8406549
0.24425416 0.5238229 0.65691
0.19985473 0.45989823 0.68504184
0.24536669 0.4332536 0.28684902
0.5065038 0.3786319 0.23642202
0.2349092 0.34661293 0.25658667
-0.0042236894 0.24741511 0.23278157
0.45119798 0.30629268 0.25058383
-0.077373624 0.25522813 0.11909655
0.12064032 0.28204337 0.38690072
0.061910186 0.33740467 0.43574387
0.0073831305 0.33361197 0.4331398
0.072514646 0.4300173 0.39488816
0.008408964 0.5525983 0.39414543
-0.00025884807 0.43417916 0.41550165
0.012417607 0.34265694 0.45008808
0.062682554 0.4235829 0.47180605
0.06364838 0.5208911 0.3892007
1.1426429 0.57528466 0.45326507
0.01966685 0.3212141 0.4841476
-0.024152681 0.27442452 0.55771476
0.010623239 0.72225434 0.48386502
0.115589984 0.77162784 0.52003825
0.08675164 1.1198583 0.46731055
-0.026301846 0.35626748 0.4953283
-0.038565457 0.28965938 0.49336785
0.18157914 0.834035 0.55272794
0.20839939 0.58790237 0.66495746
0.2043433 0.6328861 0.3918336
0.14734495 0.69359607 0.2770451
0.07021031 0.4559952 0.21766804
0.033650048 0.5047015 0.19094926
0.056353413 0.4762162 0.20466527
0.02569896 0.46991128 0.24509133
1.0505933 0.46837422 1.1376157
0.095084935 0.46436405 0.4640556
0.33042932 0.64535797 0.19397391
0.17262313 0.63359207 0.16535822
0.21209891 0.5005882 0.18980588
0.07243356 0.5525988 0.18887699
-0.020176865 0.47321975 0.11732747
0.12221468 0.9334225 0.07259306
0.10521963 0.36628652 0.10186373
0.1587436 0.508729 0.16386884
0.13784435 0.49357995 0.13928314
0.14151433 0.6519196 0.46205586
0.13093454 0.56606483 0.4597563
0.12720847 0.5030683 0.4864831
0.114967704 0.5128323 0.5023452
0.19688427 0.56403124 0.5090551
0.18313521 0.7076308 0.5393786
0.4395836 0.21833435 0.6964176
-0.055168025 0.36390376 0.93706506
0.42291784 0.17586204 0.6712442
0.16213508 0.39747065 0.31416368
0.13947435 0.34373868 0.28592995
0.1333094 0.43867537 0.26776886
0.15518922 0.49119586 0.34692407
0.22477435 0.55129504 0.33653802
0.17887303 0.60113686 0.31359673
0.1958785 0.621202 0.38022256
0.13347256 0.6162934 0.29479748
0.22717653 0.6563709 0.33019492
0.21541192 0.5983792 0.57351875
0.13754763 0.7094379 0.4864751
0.05109702 0.571294 0.31657195
0.17291346 0.6203666 0.30190957
0.041559063 0.5302677 0.3203632
0.019753389 0.23260863 0.523725
0.084464446 0.4248218 0.16572899
0.050715767 0.45968714 0.19145633
0.07813373 0.39683044 0.19530998
0.03846957 0.45271292 0.18082769
0.050627407 0.42208022 0.1666361
0.008977145 0.3435679 0.5495472
0.08958639 0.4565017 0.60128397
0.072927594 0.4688731 0.56987613
0.06494607 0.42924884 0.5683862
0.054516174 0.48737943 0.53214365
0.12995492 0.45286253 0.5542381
0.06642284 0.4836332 0.26670712
0.099747054 0.5694146 0.30678064
0.1187068 0.46999538 0.33171582
0.12003876 0.46669185 0.329601
0.16870804 0.7545696 0.327838
0.11679481 0.5338429 0.2916674
0.106431544 0.52600807 0.29992962
0.22363858 0.104240924 0.5918415
0.19044569 0.12181029 0.5805414
0.36230534 0.17017765 0.6337933
0.25601804 0.14069386 0.5678716
0.9214088 0.4243016 0.63760597
0.87130654 0.38926667 0.6478128
