0.09399299 0.5488637 0.41519323
0.094553776 0.41372627 0.44016424
0.16103208 0.5183464 0.5298335
0.105761856 0.4761336 0.47909385
0.13072476 0.4696939 0.4746378
0.11405802 0.01892516 0.6344951
0.11929422 0.008609075 0.5437684
0.1693192 0.06463146 0.67651474
0.017789178 -0.031837046 0.59504193
-0.0206704 -0.013091728 0.62036955
-0.020160764 0.5376673 0.23945606
0.005658418 0.31986827 0.2504682
0.079155765 0.18553859 0.2482863
-0.034899935 0.83599687 0.32169005
0.0397845 0.3682718 0.30717808
0.05647132 0.5738463 0.55745876
0.13293242 0.5274197 0.5540337
0.051809687 0.37727875 0.45241407
0.047778334 0.020007476 0.617176
0.053236865 0.011678964 0.5367907
0.04386246 0.03153978 0.47272965
0.11947399 -0.048397698 0.6124183
0.013186805 0.033731446 0.60974485
0.49683928 0.27408576 0.54912823
0.8366288 0.3874737 0.5794198
0.8033286 0.30581605 0.45453075
0.440274 0.2971464 0.82305616
0.9275297 0.40461814 0.6702985
0.6982915 0.34950525 0.7945526
0.798106 0.38942796 0.6988929
0.1424286 0.39827192 0.6740625
0.26326984 0.49853113 0.2925387
0.19757111 0.5090735 0.3175029
0.157222 0.66747415 0.28184718
0.40196973 0.2666214 0.47430924
0.73314714 0.40647423 0.407321
0.046467297 0.47417706 0.6029167
0.11189436 0.36187378 0.56576556
0.20577891 0.48860896 0.45169732
0.19981745 0.50322783 0.4658015
0.20713796 0.43609598 0.56903213
0.17636043 0.5076343 0.5543958
0.08710249 0.8575299 0.39397696
0.08900631 0.69473267 0.48272076
0.8353661 0.83362854 0.36218795
0.4106872 0.7182515 0.3593458
0.66500336 0.7452196 0.26991007
0.67328584 0.7657687 0.26343355
0.8339251 0.85357785 0.28944054
0.8400244 0.83927625 0.25755158
-0.018410556 0.0066423863 0.49942872
0.11607709 0.043351345 0.48765263
0.032733385 0.038805194 0.5089162
0.021856416 0.008298863 0.5651928
0.28215075 0.083196744 0.5598085
-0.07769276 -0.005253613 0.4384077
0.016744569 0.029860705 0.48439288
0.0705567 0.8527749 0.21801311
0.07135995 0.6896005 0.22611073
0.12979731 0.7004361 0.23168471
0.1571885 0.70149076 0.20073806
0.12494151 0.82236874 0.19607922
0.709341 0.4932878 0.71261275
0.7522276 0.55046153 0.7301736
0.9463338 0.58624065 0.6542647
0.77227825 0.5887532 0.70607823
0.79249203 0.6294286 0.64650476
0.8652051 0.7482796 0.73878235
0.34030384 0.18046051 0.43477824
0.28419715 0.22907478 0.53288364
0.06959805 0.29458928 0.27504364
0.34451562 0.37052184 0.34736204
0.40176028 0.40809196 0.42784777
0.2878242 0.45346308 0.33616066
0.31036264 0.46833313 0.30768585
0.25785714 0.5420455 0.6774838
0.3753773 0.5347811 0.57905924
0.41793376 0.47909257 0.6493816
0.7956081 0.72284925 0.62124056
0.67834026 0.69597554 0.62618375
0.8295811 0.6209094 0.5528409
0.4652171 0.5636147 0.513006
0.18067099 0.45590574 0.53676677
0.18721803 0.44475394 0.5281077
0.27165633 0.4745053 0.280243
0.23351164 0.45569414 0.30797452
0.27299047 0.4932266 0.31094274
0.433249 0.45952472 0.34541336
0.7299259 0.8341146 0.15859574
0.8570911 0.84421194 0.17181797
0.963466 0.90631825 0.15934403
0.42460018 0.68409705 0.5035602
0.35178524 0.5338698 0.49536878
0.2036498 0.03283036 0.619315
0.30197102 0.09593502 0.6227361
0.29538614 0.023585543 0.6115061
0.19518559 0.008980844 0.66056424
0.030298572 0.005717866 0.66319394
0.804739 0.34475365 0.6833498
0.9181147 0.3624782 0.67557806
-0.1919379 -0.11642712 0.44743532
0.06772816 -0.0307137 0.4921066
0.763437 0.36919898 0.60563534
1.0618562 0.4168709 0.6014884
1.0170721 0.32564288 0.5661939
0.49420154 0.34886074 0.52775806
0.78703326 0.3025998 0.71015006
0.7012003 0.3178262 0.5661189
0.094656214 0.5957912 0.23057774
0.067569554 0.76383674 0.24483085
0.059131406 0.9672946 0.19255427
0.11382975 0.5866153 0.18211919
0.012358684 0.4206894 0.2611486
0.26732135 0.49651876 0.22150174
0.5587715 0.50446934 0.52212507
1.047756 0.66839516 0.509083
0.5760518 0.5771018 0.4960987
0.62412137 0.6090725 0.5109611
0.68177706 0.5367186 0.62488043
0.6720145 0.4497296 0.56428534
0.27471006 0.30287158 0.5588946
0.61929446 0.21676223 0.4752175
-0.026235394 -0.022984587 0.47610366
0.6803189 0.23978147 0.3280181
0.18635948 0.033433013 0.5014137
0.6737056 0.23965725 0.49056342
0.4019491 0.14999586 0.48934302
-0.06176164 -0.032245286 0.50441885
0.86587346 0.31895998 0.41116837
0.68691343 0.25310934 0.5394276
0.051473524 0.30365267 0.28310877
0.1329037 0.28752804 0.25479165
0.8315025 0.4787483 0.21106237
0.2051761 0.2865827 0.22424737
0.36801195 0.3175155 0.22637391
0.27082342 0.28218555 0.22860292
-0.016216792 0.6756515 0.19268844
0.7946691 0.33149654 0.44390622
-0.020511448 0.45537758 0.1707783
0.09696986 0.33316505 0.19826242
0.33519965 0.21672553 0.38827157
0.10084222 0.275921 0.60617685
-0.008111067 0.28137058 0.562869
0.05435924 0.26781133 0.55237603
0.011870801 -0.020805545 0.567587
-0.3725031 -0.26949334 0.4006421
-0.3022688 -0.18969977 0.3719738
0.038024828 -0.03655366 0.4610606
-0.043514073 -0.04704021 0.66233045
0.03424797 -0.020288572 0.55772215
0.4985429 0.17423704 0.69832844
0.08175628 -0.009609893 0.51706904
-0.006874889 0.0010733008 0.5124102
-0.3090803 -0.14964658 0.51327986
0.17069045 0.41755676 0.6076473
0.026308017 0.687377 0.5945516
0.28444737 0.43733576 0.6773569
0.15266389 0.40650076 0.62745655
0.15228792 0.48910588 0.63777107
0.33202553 0.4660184 0.6186658
0.3504759 0.56199276 0.6511426
0.22012395 0.4998572 0.5860394
0.36031747 0.49752927 0.6001581
0.54245764 0.34959275 0.62618726
0.5186909 0.4979226 0.676238
0.30399203 0.4439016 0.6225438
0.5104926 0.6254649 0.58033943
0.038580246 1.1850685 0.47944325
0.46261543 0.5672282 0.76019543
0.15727586 0.9737598 0.30057794
0.21029553 0.4310639 0.7429241
0.24786724 0.35440403 0.6634109
0.16535181 0.41448712 0.71484846
0.16875565 0.398072 0.6105036
0.5552787 0.5077623 0.6139286
0.061707072 0.4720658 0.5870382
0.113630146 0.30859852 0.5942842
0.116510235 0.3579929 0.62597746
0.6103766 0.42942864 0.58188593
0.33309567 0.5095623 0.5150103
0.4024983 0.31169724 0.34988466
0.3903097 0.47935486 0.53808856
0.26902193 0.45427045 0.5055601
0.17858574 0.3092576 0.43513045
0.90532994 0.35643485 0.4286969
0.9891428 0.3926732 0.41504735
1.0030025 0.39686668 0.41868943
0.919916 0.3149345 0.41786632
0.8976885 0.33270463 0.42200914
0.99218184 0.37399307 0.3945128
0.88728327 0.32805088 0.43457064
1.0375768 0.15914664 0.3988841
0.996841 0.39431384 0.43787456
0.021892212 0.7023671 0.80278295
0.02989842 0.94398826 0.80772465
0.04758907 0.80251503 0.7868019
0.15048322 0.45095462 0.78755856
0.06681092 0.9019724 0.8308997
0.05967859 0.6281475 0.7641058
0.0047543086 0.32956934 0.77073044
0.07444709 0.6424222 0.844407
0.9005002 0.35827497 0.7149163
0.8393306 0.3379993 0.5863988
0.89630896 0.35693833 0.50395626
0.8511465 0.30508053 0.59760815
0.8584589 0.33800945 0.6899967
0.7791931 0.33463117 0.49006805
0.21512891 0.44783098 0.6724708
0.17160857 0.42833427 0.66403586
0.2483841 0.47659123 0.3089078
0.69606864 0.49845466 0.29027617
0.33404154 0.45868576 0.3128227
0.31996137 0.37415898 0.28073198
0.80488664 0.5446451 0.18914807
0.3390152 0.39309314 0.36079755
0.15195404 0.291153 0.3768855
0.039835025 0.32845902 0.39053464
0.16271144 0.33611408 0.3866093
0.13621512 0.39020228 0.42482677
0.025849221 0.42940068 0.38779733
0.015266627 0.4497274 0.38771313
0.07256931 0.29117453 0.44710413
0.111987054 0.3728053 0.47799364
0.086053036 0.6250582 0.3646705
0.6186109 0.4866035 0.42212823
0.0842962 0.33790147 0.52474236
0.03413233 0.273891 0.52492917
-0.00059521943 0.78484917 0.4522613
0.057098016 0.9052814 0.48548838
0.052518196 1.163822 0.48273388
0.108723596 0.30885112 0.53945047
0.12108551 0.3615254 0.49470007
0.18866621 0.6231345 0.576393
0.24034731 0.4399503 0.6130081
0.2269894 0.60544074 0.3894622
0.1568081 0.68892163 0.26062235
0.12014053 0.3816759 0.2547764
0.05498761 0.4385174 0.21545127
0.061968036 0.44684154 0.20462444
0.04038085 0.40413326 0.22450957
0.81213194 0.44905657 0.7834594
0.12758437 0.48082247 0.3869972
0.39235342 0.6686243 0.20745745
0.17913441 0.5717254 0.20172518
0.144176 0.50441897 0.19324043
0.08076098 0.4628129 0.20991066
0.06643288 0.3974414 0.087761715
0.064178616 0.73170304 0.12622736
0.12314043 0.32147026 0.10421212
0.1462613 0.5011182 0.16152358
0.13990465 0.48278776 0.13013925
0.78362536 0.2553264 0.4869792
0.83515966 0.19082826 0.42406562
0.21899076 -0.07846165 0.9600524
0.06336461 0.6005174 0.47244254
0.086452544 0.55785567 0.44083053
0.11863162 0.46489277 0.49574366
0.1326152 0.4419018 0.5034104
0.13262308 0.5152193 0.49421334
0.14604591 0.5688958 0.5343277
0.43384135 0.21126549 0.63862854
-0.04061555 0.35410324 0.8545102
0.45223367 0.15653393 0.79901224
0.87167186 0.40703022 0.25897503
0.7305682 0.33529636 0.29994503
0.25537783 0.30247188 0.16624355
0.19725336 0.3521068 0.3029283
0.09267762 0.3002972 0.27568683
0.1366622 0.39412898 0.2546909
0.17344157 0.47124982 0.360599
0.19052099 0.51706314 0.35574234
0.21812554 0.5534116 0.35273737
0.22824557 0.5888916 0.39557198
0.12237671 0.62118405 0.28602326
0.2615552 0.5964713 0.3687932
0.20893605 0.48887005 0.56707317
0.17088166 0.54367554 0.46551308
0.10029284 0.48469582 0.31470132
0.16775036 0.6083377 0.31631282
0.10543967 0.5175729 0.3131359
0.17184582 0.21068257 0.57315654
-0.010788247 -0.02069746 0.60523766
-0.01774463 -0.032997802 0.5755164
0.09502448 -0.02759099 0.5608873
0.08777278 -0.018725015 0.60115236
0.13804361 0.029251676 0.65777934
0.065813854 0.029519979 0.7010757
-0.06229897 -0.075924054 0.4793993
0.029159117 0.43345362 0.13062596
0.06334014 0.42881933 0.15090647
0.05387038 0.40827465 0.1669082
0.047355197 0.42557847 0.16445072
0.058249936 0.40631938 0.18801074
0.104651205 0.33141112 0.5493049
0.12668683 0.39129472 0.570194
0.13448556 0.3926103 0.54455197
0.10267552 0.39913127 0.5394694
0.10475242 0.41472155 0.5069439
0.13997453 0.40524843 0.5579553
0.11688649 0.4794547 0.26398516
0.086787425 0.6374097 0.27198178
0.13242605 0.46170127 0.3299596
0.13493364 0.41301805 0.35127965
0.12888287 0.75165606 0.32064244
0.15252745 0.5206536 0.30481145
0.1219545 0.5382881 0.3276188
0.29714733 0.08805385 0.59984666
0.4843133 0.2461235 0.5787855
0.5050357 0.25055808 0.62730604
0.2565999 0.17291051 0.5773894
0.86832637 0.3731385 0.6020321
0.91517276 0.34688804 0.6431969
0.17164601 -0.12018031 0.58346367
0.05787857 -0.13414164 0.5915125
0.22758919 -0.02802834 0.5377535
