0.03255719 0.5679262 0.46937758
0.13293117 0.46673593 0.5015034
0.19726647 0.54626435 0.49790788
0.099304125 0.47835073 0.48294532
0.10588436 0.5150171 0.47405505
0.04893254 0.0045635886 0.5608931
0.19196896 0.05918558 0.50261205
0.48805344 0.1745153 0.72113144
-0.013879463 -0.041393884 0.6128769
-0.061408907 -0.040275373 0.56852907
-0.010052234 0.54792655 0.20574525
-0.008986726 0.30445716 0.28129935
0.042436436 0.226547 0.2975788
0.04837074 0.8269914 0.2802073
-0.012098506 0.3581169 0.33449608
0.048437484 0.64393574 0.5386805
0.13277054 0.5334063 0.5636608
0.110109925 0.3886648 0.489653
0.10578959 0.028065123 0.5989853
0.80133474 0.31538945 0.5777418
0.15457375 0.06494849 0.5268842
0.14298896 -0.015623979 0.59391606
0.08770254 0.077149875 0.626928
0.84260327 0.3301778 0.5084595
0.84276086 0.3794652 0.54788625
0.905327 0.34585205 0.53138924
0.573342 0.36242247 0.8074602
0.8208856 0.38329333 0.63645995
0.4010672 0.31159517 0.8105639
0.74492306 0.36706075 0.73723483
0.2710508 0.4235302 0.62423027
0.24650876 0.53268427 0.29630288
0.1964047 0.52638537 0.3174727
0.16579762 0.64333856 0.28615308
0.27497762 0.42813775 0.45761377
0.6095969 0.44173977 0.41227567
0.03370531 0.60304433 0.5841849
0.1086371 0.4261627 0.5826556
0.21070857 0.5433065 0.4313742
0.174754 0.55597615 0.43904787
0.20774888 0.47536576 0.5491946
0.20074548 0.546083 0.5390621
0.10323331 0.8293142 0.4946798
0.0795167 0.80070835 0.4534862
0.8343219 0.84828633 0.40422326
0.41423786 0.7924672 0.39278495
0.5824571 0.73770875 0.36343896
0.5888234 0.72557884 0.29072422
0.81510144 0.8378361 0.30909562
0.7688541 0.7388515 0.2582262
0.06468652 0.024047267 0.49488747
0.17473237 0.12930089 0.54988545
0.152199 0.12404162 0.521014
0.03291299 0.018457908 0.55018693
0.59593695 0.24063769 0.5412801
0.007411115 0.045337487 0.49659908
0.11867713 0.094677806 0.51692295
0.078031965 0.80910116 0.24181527
0.075891644 0.77559716 0.21991932
0.15111686 0.70443076 0.24241295
0.1839372 0.7283227 0.19511807
0.15952972 0.83090514 0.21783838
0.62223846 0.42972645 0.6743829
0.68472975 0.50358945 0.7524879
0.8960319 0.5927379 0.6799011
0.67574793 0.52361876 0.69623184
0.7213001 0.57120126 0.65836537
0.7829997 0.7086874 0.7288191
0.3566779 0.18965563 0.45781285
0.26642084 0.24152783 0.5310407
0.047487162 0.27148908 0.31874794
0.35199535 0.36728963 0.39379954
0.41114873 0.44585043 0.44935924
0.27944714 0.37868032 0.3180601
0.3171795 0.421038 0.307068
0.24247666 0.60282624 0.6827532
0.25579005 0.6246098 0.5844391
0.2717645 0.5267148 0.6946981
0.58357126 0.65283537 0.64529026
0.5953339 0.68027824 0.65343577
0.6142433 0.54983395 0.49942338
0.46072793 0.57305354 0.5290679
0.14125995 0.5362902 0.52649534
0.09376143 0.5140122 0.5060409
0.3007453 0.4542549 0.3191762
0.20613894 0.4436325 0.3387875
0.29039446 0.47005984 0.34950954
0.36322916 0.7195912 0.31325242
0.74275297 0.7950257 0.28778517
0.81435055 0.8051485 0.18978132
0.8322322 0.858653 0.18838757
0.41071367 0.68540627 0.5021416
0.3896675 0.581688 0.48331738
0.27587384 0.09610093 0.66565573
0.2541991 0.09797632 0.5624824
0.25832963 0.037653998 0.5458536
0.16953322 0.084366426 0.62565684
0.08554858 0.04377344 0.80471385
0.07263453 0.043543495 0.6628739
1.0101082 0.4320933 0.5681623
0.57507914 0.19941074 0.37382007
0.51612526 0.16349536 0.6029199
0.21188869 0.19879234 0.60846114
1.0819936 0.44824 0.5853396
1.0877964 0.40527746 0.57232994
0.8183978 0.4148779 0.58704805
0.73910093 0.31244314 0.80432487
1.0172789 0.41858682 0.6213697
0.09951365 0.557009 0.26949966
0.09332397 0.7016553 0.2865939
0.09613074 0.90396017 0.19461232
0.09215521 0.5731944 0.19823748
-0.008504912 0.38752645 0.3080737
0.23152311 0.4666234 0.28106904
0.54211825 0.49865422 0.51279116
0.5530144 0.5274254 0.49358457
0.5950523 0.5728969 0.49396092
0.59152687 0.5922999 0.5173727
0.8063013 0.59442407 0.5949733
0.73818463 0.4654645 0.51674706
0.47000682 0.3558338 0.5600718
0.61566347 0.22210783 0.47605526
-0.023081377 -0.024031833 0.4729209
0.714498 0.1925548 0.5053796
0.4848749 0.16679007 0.48065466
0.5837352 0.21214396 0.47893423
0.475981 0.17205584 0.47659832
0.021647148 -0.0070139095 0.4982912
0.5397853 0.22000697 0.3652739
0.90597034 0.34393606 0.5743366
0.033752006 0.34941402 0.25571907
0.10110324 0.34511963 0.2102394
1.0538697 0.4932363 0.27203125
0.3574201 0.35860205 0.25273633
0.15796565 0.38266307 0.19898084
0.25297844 0.3379945 0.2301725
0.0014968216 0.566253 0.22384165
0.32059437 0.13693437 0.11049453
-0.018115938 0.44300148 0.18514504
0.11903283 0.39128277 0.2216616
0.22862051 0.2097219 0.376675
0.02234513 0.26771653 0.6313694
0.08169108 0.32814178 0.6009329
0.08289332 0.26235732 0.5589253
-0.00026667118 -0.020757027 0.48825288
-0.1014944 -0.10369379 0.27535754
-0.025764361 -0.07887817 0.22201836
-0.04151687 -0.051638804 0.33899033
0.03950307 -0.017724507 0.6621349
0.051817723 0.005345717 0.49476457
0.33120912 0.15021878 0.49600142
0.08817371 0.0176441 0.5732603
0.3797629 0.11067975 0.52803415
-0.18658267 -0.13643393 0.52719235
0.12519108 0.5130617 0.62435144
0.04674159 0.6258188 0.62449217
0.33453572 0.4791682 0.68334913
0.06352585 0.45359457 0.6690557
0.102947794 0.5731086 0.6610608
0.41140598 0.6483975 0.57632583
0.13811035 0.689005 0.5848761
0.27334076 0.61557454 0.533555
0.39118153 0.46371704 0.6637239
0.7421975 0.4127622 0.6519075
0.4243363 0.5308113 0.679705
0.3431539 0.49459016 0.6434864
0.50081056 0.6048793 0.58368117
0.05516351 1.0750266 0.5168664
0.48832983 0.5638992 0.7547108
0.14645958 0.8923013 0.28405863
0.14237645 0.45166972 0.7210508
0.060557373 0.5777958 0.6397988
-0.034068473 0.540969 0.7134554
0.1643033 0.53564465 0.5791641
1.0974067 0.7931962 0.5758402
-0.023356885 0.5125779 0.5802031
0.007941037 0.34267184 0.6412532
0.09063678 0.43194243 0.6442784
1.071047 0.6160529 0.63098526
0.4235121 0.7939066 0.3697722
0.75500077 0.59349245 0.38184655
0.36048836 0.4492614 0.5601488
0.3342498 0.43798524 0.5155573
0.15646464 0.33375987 0.47426617
1.0587922 0.4149977 0.51879317
0.9350295 0.39496297 0.4499039
0.8877774 0.362628 0.42774773
1.0185826 0.38886082 0.53539777
1.0753852 0.4149941 0.51994735
1.0087721 0.38690743 0.45373327
1.1045066 0.42905262 0.5445588
1.2770786 0.36408135 0.63979745
0.9676924 0.42576933 0.51634794
0.050031327 0.55658346 0.799063
0.015000474 0.7694375 0.8177755
0.044330962 0.61539286 0.8183434
0.02496973 0.47233495 0.8077515
0.037299994 0.6224099 0.8305393
0.08610678 0.39932036 0.7479172
0.05381093 0.29597425 0.8116433
0.078475475 0.51889616 0.8175423
0.9663384 0.3764862 0.7208086
0.9741246 0.4142965 0.5687516
0.50669986 0.21824965 0.5145891
0.9796585 0.34851083 0.7013979
0.9818222 0.38792226 0.64851093
0.98436576 0.3558022 0.60866153
0.19360651 0.5395371 0.7084896
0.17055026 0.4942538 0.67734355
0.697559 0.6676008 0.34367025
1.0011493 0.6491593 0.3442971
0.875212 0.698294 0.40646756
0.9153149 0.940357 0.27578402
1.2867291 0.8759994 0.4111157
0.42073214 0.6477796 0.24194942
0.11195645 0.30306736 0.39319938
0.0375434 0.32448083 0.4026289
0.485357 0.4438735 0.39945138
0.35199344 0.47258636 0.4165678
-0.004471652 0.5503419 0.3763693
0.0007516965 0.47050866 0.36946195
0.22709793 0.3589569 0.42248034
0.082027964 0.43176374 0.47944766
0.05580011 0.4515774 0.38808978
0.95268476 0.5768767 0.4466287
0.016166437 0.36782464 0.49049127
-0.009658217 0.31650314 0.53745633
0.006391816 0.71125215 0.46705747
0.071190014 0.7790805 0.5094906
0.040041804 1.051368 0.5627582
0.0054678284 0.32890442 0.547369
0.024272155 0.41747674 0.48021138
0.13996188 0.6651568 0.5738874
0.17673095 0.520925 0.6200401
0.21441029 0.65163666 0.39494592
0.123630136 0.6798587 0.28052074
-0.009146623 0.5067293 0.24370924
0.06919382 0.4598749 0.20755084
0.011010937 0.49362552 0.22635932
0.0038623586 0.45355526 0.24127711
1.0892824 0.67986387 1.124458
0.047623396 0.5119781 0.42755455
0.3316934 0.63480407 0.1903357
0.18004146 0.6382482 0.2110034
0.1085875 0.56028706 0.17814519
0.09345199 0.5670633 0.18053733
0.0269745 0.39028338 0.15669191
0.063774645 0.70011765 0.15457764
0.8296974 0.6220406 0.083102174
0.13598566 0.5094911 0.15674451
0.12515222 0.51193196 0.16080166
0.49411064 0.1572325 0.5377175
0.9112776 0.28469995 0.5308544
0.9563227 0.207564 0.6760345
0.031968534 0.6093341 0.5073462
-0.011472419 0.62916934 0.49007016
0.055076152 0.5515112 0.5226339
0.083539665 0.515672 0.5342652
-0.01745598 0.6517797 0.5102718
0.032473534 0.7206786 0.5457805
0.44068426 0.23293144 0.7018362
0.04067622 0.30695504 0.87561285
0.5469543 0.25810644 0.69744205
0.8405347 0.42023733 0.21114154
0.8840371 0.4373566 0.2887086
0.6345305 0.42715445 0.20027056
0.20386021 0.38159785 0.31390035
0.16405743 0.35016325 0.2987814
0.16097741 0.35107914 0.2604563
0.061652206 0.5725449 0.35087907
0.13210024 0.60535413 0.36260206
0.12010188 0.6190913 0.3213755
0.19140036 0.63963324 0.3848822
0.13399547 0.63934714 0.275751
0.20611049 0.643858 0.33425033
0.17552847 0.5688148 0.573453
0.16403958 0.5596615 0.53151333
0.04324334 0.5281155 0.3080884
0.042061314 0.60681146 0.341776
0.02070279 0.5462821 0.33420643
0.12628496 0.24974471 0.5610339
0.06975913 0.012089051 0.57940257
-0.0019256622 -0.029321484 0.562645
0.10973498 -0.019811012 0.5801787
0.1356788 0.007855389 0.5790904
0.076627955 0.03587593 0.6343546
0.106127314 0.08045105 0.7355797
-0.00924781 -0.07393513 0.4177735
0.0220294 0.4561772 0.14343603
0.026239764 0.41642687 0.16789572
0.024514962 0.37856886 0.17037523
0.003379941 0.41847262 0.15804765
-0.008870184 0.45718077 0.18531175
-0.027704164 0.44094387 0.57036024
0.05538783 0.44244462 0.6315662
0.03732805 0.44844642 0.60015213
0.017705962 0.46030012 0.59935987
0.026542228 0.46208212 0.5521307
0.09470245 0.49176443 0.5779641
0.055038773 0.55995893 0.28342876
0.067567356 0.58983797 0.2919482
0.034711126 0.5161092 0.32647854
0.023433354 0.4871097 0.32531774
0.10941479 0.7537183 0.36499125
0.02237026 0.5235996 0.30572808
0.04397129 0.55813754 0.3173917
0.59611064 0.22381446 0.59665996
0.6705949 0.30999407 0.5870273
0.5921634 0.2531246 0.59729064
0.13069925 0.11122101 0.57600063
0.8767324 0.3872368 0.60050374
0.7464464 0.32899314 0.5999624
0.081588194 -0.08849863 0.41839635
0.080374084 -0.07650364 0.4282319
0.24621916 0.02699373 0.4786662
