0.16759352 0.51006943 0.4472109
0.12543534 0.48501977 0.4504141
0.22498341 0.5222234 0.49499243
0.08403011 0.49189186 0.46814388
0.09629406 0.4613583 0.4634136
0.06227132 -0.0003200397 0.69411266
0.121403135 0.0074319094 0.52529263
0.2749955 0.10256469 0.7206186
-0.021766677 -0.0477944 0.61582834
-0.06837599 -0.032035276 0.6299762
-0.027043536 0.5678891 0.19326922
0.016246367 0.32759356 0.26921457
0.038686726 0.22209984 0.29393813
0.037383936 0.6212742 0.27496532
0.29417372 0.36291286 0.30934763
0.050944798 0.6908131 0.5165759
0.13413355 0.5825413 0.5389085
0.19705127 0.44985315 0.5096994
0.01444887 0.023180455 0.56523377
0.6236185 0.23756814 0.6460674
0.23595975 0.113748536 0.5673015
0.118746765 0.036058933 0.7127712
0.060497764 0.07588165 0.619408
0.93030185 0.3823239 0.497755
1.0075848 0.42477494 0.5829787
0.9084687 0.36251688 0.57710445
0.71712625 0.39278257 0.8428284
0.8886355 0.38873768 0.6330292
0.44493634 0.28970915 0.83717984
0.8111433 0.38713458 0.65814215
0.39023745 0.55692625 0.5955877
0.23372278 0.53003144 0.28235206
0.17498213 0.52387947 0.31560364
0.17210853 0.60087776 0.3000174
0.74001795 0.43121016 0.49852931
0.63383067 0.36384884 0.44464958
0.1408537 0.47657752 0.5832196
0.13459177 0.37255442 0.5731489
0.17868039 0.5212556 0.40256125
0.17851663 0.51963186 0.403722
0.20694812 0.46639222 0.58036995
0.19520697 0.5395003 0.56857634
0.08525278 0.8897132 0.43607327
0.1429193 0.5950839 0.50701976
0.81269586 0.81765634 0.408224
0.4438991 0.7268327 0.45253032
0.6183387 0.70908487 0.37485883
0.57742417 0.71321636 0.25831455
0.84986776 0.82538956 0.36906213
0.74661905 0.75883365 0.2616436
0.044709843 0.028382216 0.55723953
0.6227518 0.22822854 0.5682916
0.09184783 0.08212544 0.5539759
0.009394839 0.019895349 0.5473003
0.8686695 0.32822573 0.56771064
0.23783231 0.1430428 0.53494275
0.0023755096 0.022081051 0.5160408
0.07022841 0.8370537 0.21077463
0.09088823 0.6262658 0.22001141
0.18315566 0.65061766 0.26257715
0.20178644 0.6409982 0.17984667
0.21334915 0.69042915 0.19955117
0.6886555 0.46167862 0.6357447
0.71916723 0.5040178 0.7006265
0.9290351 0.5879758 0.66936994
0.74673295 0.5380739 0.672259
0.72750777 0.55279374 0.64235073
0.8204044 0.71120626 0.75239766
0.36293644 0.19021696 0.5261848
0.3456471 0.26157466 0.5589895
0.0503693 0.27668002 0.311606
0.35481894 0.39935863 0.36991218
0.35926664 0.39879423 0.4027587
0.3080145 0.36606738 0.26061767
0.3231423 0.39433897 0.30751288
0.3172661 0.5766275 0.6882769
0.47358507 0.58942306 0.61707354
0.4305238 0.52621573 0.69282985
0.6655458 0.65404767 0.6300864
0.6157348 0.6865891 0.64301276
0.7135062 0.6389547 0.5094957
0.450876 0.5881914 0.52431357
0.14803365 0.47891745 0.4884587
0.18313345 0.47582445 0.47129452
0.31462294 0.51979494 0.26867983
0.27296963 0.5238139 0.33088365
0.31684405 0.54433715 0.31478503
0.93473744 0.7450947 0.267125
0.66720873 0.75513935 0.20307392
0.82197535 0.8162727 0.2003152
0.93408835 0.93202114 0.16757843
0.41270334 0.66845554 0.50323874
0.37720144 0.59852386 0.4859498
0.17290083 0.04908638 0.61605227
0.19474955 0.096591875 0.5869741
0.1816676 0.050717227 0.5520183
0.23806863 0.1126751 0.6588905
0.024385035 -0.012302831 0.74534965
0.7637059 0.33022302 0.7231209
0.96755207 0.3636629 0.7080828
0.38170463 0.15851188 0.35514736
0.6564856 0.26727813 0.5980207
0.7940767 0.3852456 0.6383556
1.0202737 0.39442986 0.6589543
0.9873603 0.37808603 0.62302613
0.826659 0.4357617 0.58267295
0.78790843 0.2966409 0.7487496
0.90048456 0.37224367 0.61858183
0.066798575 0.6008134 0.27095678
0.088147104 0.7227653 0.2798188
0.08438697 0.9489282 0.22076508
0.115699954 0.5510402 0.21595642
0.09124847 0.3751741 0.3302772
0.06046824 0.5888017 0.21617728
0.5253461 0.50736123 0.5237972
0.66655475 0.5888071 0.4891733
0.6211912 0.600074 0.50662833
0.6050017 0.6173597 0.5137084
0.81210864 0.60389215 0.6171995
0.7234684 0.5177332 0.5357206
0.24819838 0.3009101 0.5725757
0.71438146 0.26274052 0.5022216
0.15524459 0.03336802 0.5129545
0.65792406 0.23100147 0.43543553
0.33654493 0.15365654 0.5045546
0.7440521 0.27877715 0.47775412
0.50754446 0.20157468 0.46714407
0.16521706 0.06412678 0.53711456
0.96795005 0.39094552 0.47635528
1.0248784 0.36691982 0.6136072
0.038943402 0.3278188 0.22795224
0.3988173 0.40883827 0.20418325
0.71313024 0.41232884 0.25089958
0.6599065 0.3532728 0.21997875
0.59826076 0.4296745 0.21783343
0.5394751 0.39904997 0.23105586
0.016921017 0.67068714 0.23075694
0.58271426 0.23361346 0.29918665
-0.008472331 0.49163732 0.19712299
0.08930362 0.28040245 0.21513963
0.29844874 0.21184915 0.48251456
0.053432498 0.28712887 0.6036695
0.023144912 0.2805313 0.5866617
0.050508212 0.30209458 0.53896624
0.05184669 0.0015760139 0.47466958
-0.026868373 -0.09503286 0.29717988
-0.11356467 -0.090124376 0.3697006
0.17152229 0.040049654 0.3972404
-0.05072388 -0.035890773 0.61152303
-0.085232675 -0.08250455 0.41450435
0.29740793 0.10147229 0.51015013
0.14053881 0.058590587 0.51262915
0.103623316 0.064462595 0.49225554
-0.049756512 -0.05827494 0.5402304
0.14822 0.4897827 0.6114954
0.04561258 0.7411392 0.61067855
0.30837423 0.44410127 0.6774138
0.43520725 0.40445083 0.6821217
0.32940292 0.4988132 0.6546249
0.560833 0.5287672 0.649237
0.60990405 0.5856685 0.6347385
0.5409286 0.5277872 0.5729669
0.4101305 0.508993 0.6522893
0.7683242 0.43476453 0.6402601
0.37861276 0.5072036 0.6688794
0.35071445 0.47880477 0.611223
0.4357741 0.6398482 0.57718754
0.040677086 1.1202679 0.53138155
0.42852855 0.57857245 0.74892104
0.17543986 0.8923934 0.3192007
0.26046234 0.45955613 0.72691333
0.64374894 0.51701784 0.6264384
0.53181005 0.51255107 0.66135013
0.40542823 0.45631474 0.5398679
0.6556306 0.5817779 0.544106
0.42929232 0.5703918 0.5563293
0.28456455 0.3395485 0.62535167
0.07754114 0.3756914 0.5918136
0.79091954 0.5026704 0.5822393
0.48893052 0.5748866 0.35977387
0.7200242 0.6098787 0.42562222
0.3958348 0.49213302 0.52633405
0.27108306 0.44756722 0.47118258
0.1574664 0.39892823 0.4308421
0.99273753 0.37347978 0.48038208
1.0448962 0.4227578 0.44149265
1.0026181 0.40173492 0.4309505
0.976629 0.3622556 0.44914955
0.9570304 0.3707512 0.45372558
1.0090979 0.37678668 0.44109103
0.9925052 0.36796647 0.4881107
1.0357662 0.29746956 0.35009503
0.88303566 0.42652544 0.52696556
-0.062328957 0.6627358 0.7731633
-0.053592063 0.9231866 0.74983287
-0.03902884 0.7955241 0.7671068
0.24559118 0.3874453 0.7843593
-0.0071919486 0.89230734 0.7966292
0.0070031844 0.7052169 0.7405308
-0.05146718 0.33589453 0.76569444
0.0011131205 0.69162405 0.7776861
0.9359863 0.37781262 0.6750188
0.94712985 0.38230345 0.55913514
0.7632577 0.3008023 0.50165397
0.9017297 0.32736254 0.5927142
0.9377058 0.3820272 0.63093114
0.84372365 0.30821976 0.51910806
0.33674324 0.50976753 0.6955729
0.2611967 0.44278917 0.6917167
0.35875183 0.6131453 0.33025295
0.6064471 0.6140173 0.25158906
0.5412098 0.6284309 0.37349835
0.24171509 0.6484887 0.3564463
0.7322087 0.66858035 0.23480594
0.57786 0.5755351 0.37868586
0.11242233 0.28370142 0.41426104
0.0025286265 0.31165335 0.46406597
0.40451485 0.42499495 0.43842432
0.02962168 0.500368 0.43393677
0.03179191 0.3885777 0.4252578
-0.022568591 0.5234317 0.3875789
0.20770824 0.40578994 0.48316258
0.12615797 0.47630143 0.506107
0.36029583 0.61979336 0.37370372
0.8723839 0.50342757 0.4525953
0.3303213 0.39564645 0.50026274
-0.019068956 0.29114226 0.5099036
0.012618627 0.67010146 0.48969653
0.087596826 0.86996484 0.56422937
0.04135504 1.1300915 0.43214506
0.50963086 0.3983605 0.5412865
0.5327085 0.48159721 0.48874265
0.16563013 0.7237564 0.57436484
0.18082763 0.48410237 0.6111891
0.25027084 0.571905 0.4021626
0.14413705 0.685914 0.28430095
0.30525976 0.49080306 0.26917163
0.08028558 0.45852113 0.26025003
0.042773027 0.44107988 0.26564372
0.03953043 0.41504943 0.28166533
0.7744297 0.57375544 0.87963057
0.4146524 0.47278494 0.4318264
0.31536555 0.6132416 0.20962626
0.14950682 0.6025583 0.21739992
0.1690534 0.5756626 0.22416055
0.15124759 0.54463094 0.17838842
0.027506355 0.3920241 0.1509054
0.053593412 0.8438882 0.107568376
0.19353463 0.42021686 0.14882591
0.14374617 0.51574785 0.14629294
0.14335492 0.51007056 0.112160236
0.5361806 0.17519711 0.51467854
0.8650428 0.30529743 0.48297426
1.1373318 0.40188608 0.59015226
0.09920782 0.46491084 0.4907409
0.09496093 0.46502507 0.46492088
0.10646033 0.43470654 0.47917056
0.09863886 0.42734933 0.48510092
0.33887517 0.49385506 0.5247277
0.1896544 0.535414 0.4874029
0.41299915 0.20961392 0.7255541
-0.063512996 0.39773482 0.87101126
0.55522996 0.23334834 0.7205155
0.6740898 0.35040617 0.17403412
0.6808182 0.3164003 0.26999164
0.748819 0.38114527 0.28679898
0.21521421 0.32860538 0.31826007
0.10412575 0.2546061 0.29244298
0.18627276 0.30930182 0.277432
0.124855414 0.50657266 0.37248576
0.19702972 0.57304174 0.35998887
0.25362116 0.5864168 0.3345933
0.21022713 0.60112685 0.39007634
0.16492593 0.5992827 0.29510677
0.21961711 0.58346015 0.37651336
0.17494166 0.52892613 0.56548333
0.15937205 0.5618969 0.523132
0.07261424 0.5040037 0.36695194
0.4015519 0.57302195 0.34034353
0.109852016 0.46916732 0.38454208
0.7616956 0.3902292 0.60187477
-0.05967533 -0.045259915 0.61268103
-0.04709237 -0.050943427 0.58782077
0.06289502 -0.016251005 0.5761152
0.045540407 -0.013230026 0.6406624
0.04288967 0.029112108 0.646394
0.14739361 0.07650637 0.63935745
0.13432178 0.004814595 0.43175137
0.015292089 0.41829175 0.1717599
0.012860097 0.46293974 0.15730253
0.03598709 0.39770314 0.20184669
0.025238268 0.45963722 0.1721907
0.0085345805 0.44190598 0.21128893
0.35517114 0.41215545 0.5548377
0.18355286 0.4134254 0.58577263
0.14820243 0.45211887 0.5696541
0.20403148 0.41341227 0.57071155
0.13770202 0.40716618 0.53215456
0.14827436 0.43479738 0.5376906
0.458045 0.5226916 0.3039463
0.10537436 0.552098 0.33512694
0.072247 0.47924852 0.36170208
0.07652844 0.4775232 0.36587274
0.15113316 0.76115876 0.35456944
0.20089988 0.531014 0.3334965
0.08947434 0.5087939 0.3476552
0.10204844 0.08072956 0.6073388
0.58446515 0.28463754 0.64376354
0.53345793 0.28019473 0.64718485
0.08414231 0.09681463 0.57795256
0.8578408 0.39752463 0.61307573
1.0101848 0.41868424 0.69555986
0.25313684 -0.091853224 0.20812261
0.26771975 -0.10703192 0.33426732
0.34069043 -0.013401091 0.309328
