0.06625314 0.52125704 0.4401544
0.12850356 0.43473697 0.5120316
0.22416195 0.54276794 0.5059395
0.1036073 0.48518866 0.44784108
0.09346013 0.4621194 0.45036322
0.00023652613 0.54296106 0.21664277
0.019651953 0.20321691 0.29802302
0.030495927 0.21552476 0.2754448
-0.0038590133 0.6657176 0.30053413
0.043796405 0.3585321 0.29751825
0.05079793 0.58359146 0.5406798
0.10322584 0.56225294 0.5542114
0.109465055 0.39158276 0.52470315
0.2190811 0.27429023 0.8741241
0.8109814 0.40258074 0.5941435
0.48144555 0.2673192 0.79506576
0.9228234 0.45454782 0.7650634
0.114165366 0.3826547 0.63607
0.22611278 0.4931422 0.29837465
0.17810027 0.52781564 0.29287618
0.15634942 0.67031157 0.27760708
0.22942208 0.33432972 0.40013766
0.28472272 0.30141097 0.39155668
0.032217465 0.42607373 0.5578127
0.057845287 0.37677503 0.58225715
0.20065632 0.50813 0.46161878
0.17408644 0.5122288 0.4574238
0.16708986 0.46288338 0.5800481
0.17793766 0.55826765 0.56721056
0.08722253 0.8064021 0.48780268
0.09455822 0.71692973 0.48424372
0.8562019 0.8398524 0.3479908
0.28033805 0.73477894 0.33340427
0.5627864 0.713489 0.3233016
0.56287706 0.7109433 0.2770173
0.84630585 0.8492143 0.3062042
0.75337946 0.7802592 0.2336117
0.07641799 0.8598222 0.21153027
0.09739784 0.74747574 0.19352472
0.12975916 0.7804672 0.2056112
0.18526101 0.68448853 0.19835997
0.15951265 0.8116499 0.17648819
0.7642025 0.4885022 0.7184763
0.7649101 0.5386977 0.7406718
0.975407 0.58963567 0.69753546
0.8054712 0.58101887 0.72448826
0.7866844 0.6050839 0.64972806
0.877779 0.7488107 0.7897147
0.33597606 0.16873479 0.41781262
0.3123458 0.21445733 0.590045
0.05274234 0.28423703 0.2788313
0.31677827 0.31427303 0.3885045
0.35509717 0.40854728 0.40199924
0.30079123 0.3380423 0.30146217
0.3260644 0.38520154 0.31205207
0.23394728 0.5530285 0.7068202
0.36393774 0.55029595 0.59843755
0.3152614 0.4448825 0.68453825
0.73984325 0.68618923 0.6592335
0.6852236 0.7173742 0.6629102
0.9204149 0.714384 0.56975484
0.4264287 0.55600786 0.5533413
0.1820167 0.5034248 0.54891825
0.13888901 0.4837955 0.55660856
0.25184435 0.46220404 0.2732944
0.2214064 0.46592414 0.31735313
0.2618109 0.48995847 0.3268926
0.3454611 0.6523363 0.51802963
0.298302 0.54544485 0.53489614
0.6402476 0.254949 0.61462414
0.2790195 0.20140111 0.6046486
1.0664061 0.4311422 0.60024965
1.0225512 0.41903827 0.5771947
0.2013916 0.26681042 0.55083156
0.83936787 0.32780105 0.8054517
0.7037244 0.40356398 0.51373374
0.07541169 0.6250326 0.2650956
0.09676515 0.6626813 0.26520628
0.05994019 0.98048836 0.1852945
0.11932565 0.56685835 0.18668376
0.0360241 0.46078366 0.36966297
0.18246016 0.47817752 0.21219279
0.6081656 0.5243588 0.5357295
0.5912626 0.5278292 0.52076685
0.63392484 0.6121816 0.5359609
0.5860429 0.5976564 0.53443843
0.7560575 0.57785046 0.56998587
0.9001175 0.50578475 0.5827582
0.24062626 0.33447763 0.5593538
0.13681039 0.30756554 0.22839296
0.20032832 0.30837896 0.20090032
0.8642038 0.4706038 0.20764181
0.6896963 0.42245847 0.23567207
0.22503476 0.35945407 0.1745494
0.24551529 0.32869822 0.21288034
0.0046538264 0.6511368 0.20687422
0.79491556 0.32555324 0.23122424
-0.004485801 0.50301033 0.1658085
0.026008252 0.39001358 0.18714815
0.13421786 0.45708197 0.63797474
0.053593285 0.62894505 0.6003161
0.29731354 0.464352 0.69226384
0.16963807 0.40528083 0.6770025
0.14971249 0.47333455 0.63257504
0.29138812 0.49077103 0.6690055
0.31942815 0.5556273 0.6284801
0.2765569 0.51967037 0.5474328
0.38011384 0.48595747 0.64762723
0.83752906 0.4858804 0.687856
0.30678517 0.4355967 0.6666435
0.29544565 0.47578186 0.6079087
0.46290895 0.5892342 0.6160979
0.06284322 1.1672732 0.48837745
0.567294 0.5935088 0.772662
0.08562629 0.9410638 0.30711725
0.14819694 0.4887227 0.7200341
0.22150017 0.50005484 0.60404044
0.12451974 0.4652182 0.62058693
0.22398543 0.4529104 0.5929105
0.73935974 0.56719595 0.54626364
0.06933993 0.4474965 0.55975163
0.034102693 0.32983994 0.6096239
0.11780873 0.35958996 0.62556636
0.9002197 0.4956442 0.60471296
0.32153794 0.49784523 0.4562404
0.29751873 0.40810367 0.38721997
0.34052667 0.44579047 0.5721524
0.22430515 0.43768436 0.51325434
0.18068439 0.32914785 0.46898764
-0.035109766 0.56533074 0.8039912
-0.049364448 0.8099977 0.7727529
-0.012793891 0.59975284 0.78853625
0.11720337 0.36533147 0.7686974
-0.016888238 0.78255564 0.78722286
0.018294327 0.4896224 0.76485443
-0.0664171 0.30191427 0.8416413
0.017822862 0.44787502 0.8217498
0.22333534 0.4571305 0.72536325
0.18494585 0.459358 0.6993941
0.3827335 0.5193908 0.3586185
0.7606263 0.52119935 0.35024887
0.5751039 0.5777496 0.42184258
0.38533226 0.54179513 0.34212625
0.46909747 0.548905 0.2618466
0.03853064 0.41518542 0.4033161
0.113001846 0.30696806 0.40912682
0.08287506 0.32430193 0.42078286
0.15799603 0.38832456 0.41308463
0.063814394 0.4348398 0.3902048
0.03749451 0.41461444 0.41805667
0.032390524 0.4251064 0.4048419
0.15184754 0.3486799 0.43271875
0.117952086 0.41615763 0.5195908
0.053345203 0.5071309 0.4221408
1.2444586 0.55637836 0.47895104
0.027871601 0.37747854 0.46999395
-0.0004395768 0.32197636 0.5263737
0.008311741 0.7031393 0.47615212
0.048642606 0.93729776 0.54930735
0.03716717 1.1618782 0.48891515
-0.00047129393 0.3329491 0.5245444
0.08223517 0.38825557 0.47289613
0.13000953 0.64330804 0.6055401
0.21642391 0.52862304 0.7048359
0.23035964 0.6377292 0.36772677
0.15299472 0.6976021 0.2651971
0.053478353 0.5322682 0.21266425
0.06547081 0.4968837 0.19311576
0.02817554 0.49756348 0.23472159
0.042256676 0.496208 0.25479043
0.53320307 0.4069813 0.681731
0.029061139 0.4318254 0.45783404
0.3299574 0.6042688 0.19335094
0.17878303 0.59915656 0.22777638
0.13747859 0.5418411 0.19988596
0.17529625 0.58154714 0.19333905
0.021165278 0.42991328 0.14203398
0.06183432 0.79502887 0.09101455
0.24323246 0.34513623 0.11141676
0.17284544 0.47857028 0.19630079
0.13346168 0.5100191 0.15691435
0.08915688 0.5116695 0.48443905
0.0862195 0.5429375 0.47190583
0.11568719 0.47152096 0.51417154
0.14159642 0.45908448 0.5150081
0.07156685 0.5367071 0.48815006
0.13342062 0.6025832 0.4782337
0.45334014 0.22622398 0.742012
-0.050507106 0.26738098 0.89268625
0.47058323 0.20079392 0.7531573
0.2030395 0.36946157 0.30389607
0.095382035 0.283034 0.2718072
0.09591104 0.39124462 0.23455942
0.09549306 0.5129474 0.40532368
0.17000902 0.5598087 0.34981078
0.15600121 0.6294839 0.2576528
0.19565895 0.6105254 0.37705994
0.16299275 0.59126645 0.3088414
0.2071339 0.62379044 0.33407936
0.19846825 0.5222551 0.577991
0.14670861 0.54814154 0.49689886
0.06355724 0.59702617 0.29993695
0.080523185 0.6510306 0.28384042
0.020827502 0.5414628 0.3553264
0.16249272 0.26308283 0.561524
0.015273131 0.46686846 0.15788473
0.025784433 0.37439147 0.19758959
0.054283295 0.39146888 0.1913119
0.038089775 0.5266715 0.17154418
0.046164364 0.4700628 0.18598297
0.047429115 0.37847188 0.5776285
0.08409616 0.38032117 0.61083245
0.066281974 0.41062474 0.5749522
0.05727908 0.37634003 0.57766587
0.05294077 0.42411992 0.5307123
0.12140659 0.4201449 0.59740305
0.026269883 0.5628198 0.3008685
0.08237706 0.6276179 0.28721935
0.10450049 0.45290157 0.33555526
0.054929506 0.4577167 0.34997058
0.11815796 0.6938135 0.32342994
0.054620914 0.5662521 0.31991547
0.07277447 0.6042851 0.31325936
0.3541206 0.15047821 0.62785083
0.1862829 0.18336365 0.5677097
0.35376164 0.21295583 0.6005912
0.10572319 0.09914307 0.56913006
0.9167191 0.41581085 0.62052727
0.9439535 0.4226997 0.67587656
