0.045324817 0.5492066 0.45768666
0.16852371 0.41044897 0.47181016
0.16592373 0.5400244 0.51545703
0.038027048 0.6410768 0.44422543
0.08567608 0.50618225 0.4729602
0.008886062 -0.032421738 0.5705153
0.084451444 -0.0023046657 0.47651663
0.19778033 0.05146774 0.66460186
-0.028873295 -0.051717676 0.5798577
-0.06267123 -0.04883471 0.5882586
0.02489835 0.49472147 0.23198983
-0.029790156 0.2009629 0.30480647
0.037735745 0.23205617 0.27627644
0.010683715 0.6264229 0.26515347
0.036616802 0.35539585 0.30198747
0.062722065 0.5029587 0.5783065
0.106581226 0.5853067 0.53803563
0.11369169 0.3740815 0.52291775
0.02336337 0.023198243 0.5145536
0.6095578 0.21885064 0.5875267
0.17993566 0.08203526 0.4858934
0.073431075 -0.031740896 0.57070553
0.09674907 0.055418532 0.5658537
0.769508 0.30898032 0.49568337
0.988502 0.44653082 0.5921003
0.8995849 0.33570063 0.56023437
0.8835695 0.43632483 0.76517344
0.79175925 0.3423499 0.5935987
0.38487786 0.27197438 0.767692
0.8306657 0.40078634 0.69611275
0.14694923 0.37649083 0.6040995
0.10591582 0.63059896 0.27735776
0.23235849 0.5114913 0.30432504
0.14877313 0.6763908 0.27360535
0.33825612 0.29254055 0.4218644
0.8463662 0.39305526 0.45639822
0.023244932 0.43819654 0.54985636
0.10453577 0.3921488 0.6028003
0.1786621 0.5139993 0.45055592
0.17395607 0.5071354 0.4443829
0.17812708 0.4727894 0.5850072
0.18239589 0.5553807 0.5389233
0.09813527 0.7291605 0.5285146
0.115300976 0.6969273 0.49739784
0.8405004 0.8050142 0.3644228
0.37987065 0.76590776 0.35823956
0.5939436 0.71349746 0.27955183
0.58011603 0.6952458 0.25181898
0.8120821 0.8255971 0.2777062
0.78545237 0.7531134 0.2309182
0.06249548 0.042049997 0.52826524
0.6322967 0.2508396 0.5732128
0.14303263 0.08453953 0.4795593
0.068758234 0.0342176 0.5087225
0.52999413 0.18777272 0.5211458
0.0034509674 0.020380579 0.5280325
-0.0045997947 0.027967293 0.5275759
0.083516516 0.8063872 0.22438478
0.069426835 0.7621367 0.19500661
0.115050144 0.7993466 0.17977805
0.15713038 0.6996555 0.17111647
0.15630016 0.82801604 0.16972502
0.63814944 0.45094106 0.657174
0.69334525 0.52530706 0.7144576
0.9747356 0.59271115 0.70406985
0.71233755 0.551349 0.70066303
0.7228324 0.55489933 0.6603879
0.78550017 0.7121432 0.71839523
0.35902005 0.19091529 0.42315617
0.35487884 0.25158888 0.55123913
0.046911255 0.2722581 0.33141398
0.37541765 0.34723434 0.3668168
0.36606702 0.4112807 0.3897904
0.26161522 0.35880685 0.3101212
0.23795094 0.43403634 0.3427157
0.2377505 0.55403113 0.70866144
0.44571587 0.54125375 0.5648443
0.32063583 0.45028186 0.72645265
0.6196707 0.6666674 0.62423205
0.6430947 0.70007426 0.6587842
0.4221779 0.5516519 0.5017277
0.46228814 0.57443315 0.50882405
0.15759109 0.4836458 0.4853826
0.13496156 0.4577746 0.46637243
0.3037753 0.4388626 0.27674174
0.25103182 0.44304454 0.3116067
0.27686626 0.45972973 0.31151366
0.33209988 0.60354674 0.24657835
0.62769634 0.7530861 0.19809434
0.68036616 0.7674081 0.15969291
0.80350333 0.8678137 0.14328575
0.39473224 0.67641276 0.50557923
0.3360047 0.5806077 0.5002022
0.21977592 0.071367875 0.66758907
0.24154998 0.08047206 0.5582613
0.3323342 0.10607815 0.53120416
0.25050873 0.10265224 0.551581
0.22055697 0.080581315 0.66593456
0.10930031 0.13857701 0.72562563
1.0192254 0.3784197 0.65800786
0.37244892 0.09668085 0.45102617
0.7278507 0.26744792 0.6401611
0.88569427 0.39378905 0.61235833
1.0683401 0.3986801 0.6078022
1.0028896 0.34880555 0.58198595
0.066894986 0.27785236 0.6093329
0.8050443 0.3091093 0.68776584
1.0268359 0.4272555 0.57125765
0.075908445 0.6927132 0.23534974
0.06905742 0.78871804 0.24135272
0.07782522 0.94644445 0.1838991
0.08978796 0.59984535 0.18098356
0.031308934 0.38026816 0.27715674
0.15536857 0.4579406 0.22210708
0.4546094 0.47755396 0.48525137
0.50169945 0.5399275 0.4730848
0.55984676 0.57290083 0.501317
0.57599944 0.6001679 0.50956845
0.7882059 0.5900675 0.6269628
0.92266375 0.5241966 0.5231021
0.36788166 0.36690974 0.5786767
0.5618526 0.19769365 0.48338383
0.05508256 0.016992174 0.4777125
0.7588658 0.2430881 0.44476736
0.4715148 0.1635375 0.48129147
0.80441165 0.31223607 0.4966802
0.4130033 0.15284339 0.5009605
0.45254543 0.15288386 0.4912085
0.9455687 0.36604443 0.46703488
0.7499023 0.23643476 0.53955805
0.07579823 0.2839827 0.22628765
0.22795798 0.26732975 0.19609301
0.73304564 0.36905545 0.2796893
0.17904744 0.28025836 0.21710101
0.22525075 0.31477845 0.19075873
0.26461333 0.2820464 0.21079744
0.012641847 0.6873292 0.2157276
0.8149509 0.38045356 0.3166575
-0.02831132 0.52384883 0.18812454
0.03642845 0.30464002 0.22903751
0.2781347 0.21921489 0.4316276
0.024076879 0.25599802 0.6510334
0.014091924 0.32587484 0.609964
0.11699388 0.30928406 0.55080193
0.0723145 0.020591192 0.47767
0.3374722 0.07472557 0.3247977
0.25379935 0.08154395 0.27627987
0.18310127 0.053589545 0.41703665
0.14111386 0.035266675 0.6442027
-0.019389495 -0.026743084 0.50211656
0.5112581 0.18470162 0.54548365
0.15761262 0.057059854 0.53004754
0.46821666 0.18543327 0.45700496
-0.09421441 -0.058049403 0.3115444
0.134451 0.46718985 0.6192645
0.0526859 0.61177784 0.6285072
0.26640764 0.45303082 0.6699395
0.1405952 0.43291372 0.65777004
0.12278429 0.54348004 0.66611016
0.304515 0.5338529 0.63633823
0.3068093 0.53288853 0.6772089
0.16319935 0.55768996 0.62646616
0.3326174 0.43981633 0.5985565
1.050314 0.5449494 0.6658008
0.3181268 0.47026002 0.7115625
0.31895512 0.4724033 0.6205057
0.4255014 0.60796255 0.55841947
0.04432197 1.1008943 0.47700334
0.3968688 0.55883956 0.795595
0.10095025 0.89511824 0.31237048
0.13750575 0.45232683 0.7112479
0.13607506 0.46245077 0.5842607
0.048247263 0.43990108 0.695895
0.111546256 0.41992137 0.5183421
0.51659155 0.5076577 0.48942304
0.0481641 0.43224964 0.5095721
0.015298925 0.30981642 0.6054921
0.09747598 0.37159628 0.62106633
0.68294877 0.44452885 0.54022026
0.20184767 0.41901684 0.31365722
0.9696528 0.5239159 0.40147972
0.40784216 0.45098096 0.5300435
0.25835323 0.4346732 0.5093507
0.13690382 0.32584146 0.47854874
0.9402037 0.3795077 0.4914788
0.98955125 0.4041821 0.462925
0.9102718 0.36654964 0.44015202
0.91077155 0.37093994 0.4831847
0.9139448 0.3831066 0.49851722
0.9249044 0.3788893 0.431199
0.9658576 0.3851905 0.5016562
0.8477598 0.34361696 0.4877255
0.92766124 0.38578486 0.45794332
-0.00413616 0.4648058 0.7961188
-0.032704785 0.84008074 0.78708506
0.017408073 0.5320984 0.7939028
0.1264221 0.37172806 0.82611895
-0.0024596006 0.7672103 0.8081994
0.036075935 0.4050608 0.75852954
-0.017542943 0.29392475 0.8343698
0.032932788 0.45729786 0.80562806
0.97795874 0.3935008 0.6282699
0.78510994 0.28140023 0.54831994
0.9614474 0.35209215 0.5769843
0.7747137 0.27656707 0.59970814
0.8526036 0.3252452 0.62174624
0.8758785 0.36943159 0.51237416
0.21775447 0.4533295 0.72334516
0.19564553 0.4428716 0.6919255
0.3899591 0.5095532 0.2930374
0.7368315 0.46931797 0.2731133
0.6699271 0.5192649 0.2867785
0.2924996 0.34566486 0.24738447
0.55734307 0.4539178 0.242109
0.5905215 0.46383888 0.19150278
0.14460793 0.30442855 0.44808358
0.07207059 0.32366797 0.4396249
-0.0019583702 0.36773658 0.41660008
0.04214763 0.5133457 0.39624813
0.048330426 0.4336114 0.42717063
0.02906333 0.38472337 0.37383032
0.09198412 0.3246472 0.47734252
0.11284359 0.41679576 0.5104645
0.0763447 0.4955342 0.41382363
0.89716357 0.5914208 0.4611116
-0.009091958 0.34757555 0.48726845
0.0055577904 0.28203362 0.5527435
0.014845923 0.65243244 0.4958217
0.0683054 0.8914922 0.5616728
0.013388306 1.1212573 0.5262333
0.049304508 0.3373388 0.51621515
0.027219027 0.38610286 0.41916952
0.12938611 0.57478017 0.5888014
0.20000425 0.49237794 0.6457889
0.24357602 0.59750694 0.403151
0.13613106 0.7226744 0.2771926
0.044755384 0.42145967 0.17611493
0.01618053 0.5061915 0.19032696
0.041432843 0.4953236 0.20551476
0.022815377 0.4508913 0.22133489
0.74675995 0.50280046 0.76754034
0.034713343 0.47800344 0.40068537
0.3612327 0.6273232 0.18490441
0.17182323 0.6100679 0.1914534
0.14654227 0.49528706 0.17248593
0.11022557 0.47043186 0.18835849
0.012166247 0.5128059 0.119061105
0.073978946 0.8658168 0.05960162
0.09916925 0.3982834 0.12386168
0.18950555 0.508162 0.1376091
0.16906312 0.5163686 0.1298885
0.8303519 0.27139202 0.52634513
0.69045377 0.21613386 0.41153413
0.39330637 0.014668755 0.286991
0.089472234 0.61035115 0.4691239
0.091842115 0.5461033 0.45393735
0.084018454 0.4866826 0.45530003
0.08410095 0.4598235 0.46568882
0.10716134 0.6162131 0.5101473
0.14487354 0.64870095 0.52943146
0.43838498 0.22656113 0.68703413
-0.0036762953 0.29095855 0.9050548
0.39337957 0.1618864 0.653905
0.7715449 0.3222463 0.23975605
0.7018 0.3283692 0.30394349
0.8448422 0.38281816 0.26714498
0.19872276 0.35871583 0.30234733
0.14139006 0.30537993 0.2693419
0.14578822 0.33919108 0.25745216
0.1442876 0.44448137 0.34432584
0.20943092 0.5235946 0.33918318
0.16690435 0.54290444 0.3594566
0.2212434 0.58989006 0.37814215
0.09857328 0.66905546 0.26545966
0.21662362 0.5962947 0.34438822
0.20728795 0.54256165 0.5576657
0.15087223 0.5526435 0.52852595
0.061593533 0.5391314 0.3086756
0.11310077 0.68928015 0.2940768
0.052694246 0.52860093 0.3234192
0.66014665 0.35360765 0.5679482
-0.057016283 -0.037616886 0.5640934
0.12305294 0.029400907 0.5195431
0.14993083 0.045918547 0.5583781
0.09105353 -0.004502386 0.57068074
0.048607204 0.0004605204 0.59862286
0.21778582 0.09120871 0.6725584
0.13266891 0.0071452744 0.540026
0.025298886 0.39396173 0.13361675
0.023668073 0.40520102 0.15127358
0.057397574 0.3748286 0.16445294
0.03157462 0.42576787 0.14764357
0.021386325 0.41792548 0.15355957
-0.022329956 0.3937596 0.5094162
0.09324212 0.40368456 0.6070154
0.082399875 0.4461547 0.5927057
0.099302515 0.42242324 0.57430965
0.058419988 0.4462374 0.54211605
0.118100904 0.46394825 0.5873345
0.013134018 0.4372698 0.26682606
0.07614294 0.6634406 0.29006198
0.11210477 0.45714414 0.33753458
0.072549745 0.44874573 0.3343597
0.118779555 0.74904674 0.32285354
0.05852954 0.48779345 0.3041336
0.07594609 0.611408 0.29515386
0.37159812 0.15203965 0.5415029
0.1025151 0.109084584 0.5534384
0.41477087 0.20584089 0.6365401
0.07885024 0.078265905 0.54414487
0.787911 0.35589683 0.6117307
0.82609147 0.35319844 0.5940725
0.30302626 0.03210868 0.39760375
0.2630753 0.0028049275 0.4198805
0.35521528 0.06586076 0.46589336
