0.075956725 0.5924647 0.45096222
0.16044292 0.3984614 0.47079906
0.25081792 0.5614878 0.49308875
0.079117544 0.51941204 0.46284574
0.10749115 0.47994053 0.45980066
-0.01819618 0.58750284 0.19988373
0.0027896725 0.2682802 0.24894321
0.12010117 0.20600018 0.27068245
-0.009811357 0.5654741 0.32227817
-0.052675232 0.36641455 0.2698508
0.049733035 0.49545604 0.5293516
0.17372851 0.59869343 0.5700316
0.15338612 0.39105034 0.48062244
0.6163264 0.37545413 0.8504305
0.79730594 0.36130798 0.64685464
0.35954243 0.20021117 0.6670213
0.7648532 0.38808137 0.6948665
0.16622624 0.39365196 0.67908156
0.20666541 0.52910024 0.31629893
0.2181584 0.5212001 0.28809217
0.14097142 0.6853865 0.29011235
-0.0591503 0.32026297 0.49600065
0.025976144 0.31677037 0.40900955
0.08508916 0.40902126 0.6092558
0.059175007 0.540539 0.57232475
0.2195841 0.5181906 0.453998
0.20267695 0.52896136 0.4570308
0.25117368 0.4537505 0.5892589
0.15200484 0.5820609 0.5498426
0.10148747 0.8686642 0.46942428
0.0795213 0.7335126 0.4831465
0.7823662 0.8071384 0.36988094
0.3609521 0.78046596 0.38984406
0.6341965 0.7481461 0.34116715
0.57740206 0.7260764 0.29248387
0.83625454 0.8460395 0.32181817
0.7380617 0.7699894 0.29048014
0.07793434 0.82621783 0.21607825
0.080601126 0.75599015 0.2105447
0.14000687 0.7266587 0.22598034
0.14280447 0.7555899 0.18920004
0.14014038 0.81702435 0.1848414
0.6808913 0.4477538 0.68681324
0.6854406 0.48309302 0.7188376
0.91542834 0.548838 0.6971731
0.7119052 0.527489 0.6920588
0.7464182 0.562802 0.63796246
0.8397432 0.710782 0.7544635
0.30954617 0.1587418 0.45393166
0.30809754 0.23917054 0.57685065
0.052894935 0.28260642 0.2753262
0.41291127 0.41775405 0.32519537
0.3567354 0.3917219 0.41842338
0.34468445 0.3620352 0.32844216
0.331444 0.4698109 0.2804959
0.24420664 0.5484381 0.7132429
0.23408599 0.5563559 0.6341213
0.3307648 0.48842072 0.70802766
0.5925455 0.6437413 0.63129675
0.59803563 0.6946451 0.66289866
0.54981726 0.5760299 0.4724969
0.41400442 0.5501171 0.52509266
0.19605096 0.48591852 0.4994094
0.21354225 0.47355396 0.4793792
0.3093906 0.4488644 0.29336995
0.26848584 0.4660486 0.30260006
0.29754627 0.4912548 0.29813775
0.40740952 0.65794677 0.5320361
0.33139768 0.54286957 0.5089208
0.46198767 0.20316055 0.54488105
0.022420645 0.11580621 0.63820887
1.1377854 0.47549397 0.6165682
1.163341 0.45328337 0.6087895
0.13153265 0.2754386 0.5949664
0.6715997 0.24569146 0.7698811
1.0872767 0.43877465 0.6457201
0.0876077 0.58115536 0.287556
0.09784127 0.6883255 0.2907539
0.082936555 0.91744685 0.19013214
0.110206634 0.5515403 0.18804774
0.13969019 0.39541286 0.30735585
0.11974448 0.60503113 0.20506284
0.42961913 0.4327035 0.47839645
0.63002855 0.568692 0.49671724
0.6069514 0.5922201 0.51164865
0.6342959 0.61142355 0.5262977
0.8155648 0.5857839 0.57576567
0.79719967 0.4576066 0.5903026
0.19711415 0.25687551 0.527874
-0.026207045 0.4293357 0.20298144
-0.024885207 0.3967315 0.16668543
-0.0002875626 0.19935839 0.120487384
-0.024288006 0.31274325 0.20357269
-0.018121906 0.36839205 0.150495
-0.022971071 0.28706142 0.18785466
0.0014128536 0.6030796 0.2116954
0.8776335 0.39198583 0.35744107
-0.0057452023 0.6097438 0.15187049
0.05876012 0.3579527 0.19986522
0.12179902 0.5096579 0.5891399
0.034053165 0.65332824 0.626298
0.3094185 0.47650892 0.6770674
0.10052192 0.544858 0.6068648
0.14299864 0.50700265 0.6704343
0.15779784 0.47397476 0.7463585
0.27049366 0.5958426 0.7688799
0.17865431 0.51985556 0.65692186
0.36421466 0.48065662 0.6566872
0.8518574 0.45712703 0.6908269
0.4313684 0.50971234 0.68643177
0.3397586 0.47462374 0.6335548
0.50028145 0.6477828 0.59191835
0.06590299 1.059509 0.5291411
0.46100876 0.5174671 0.7663548
0.072146066 1.0463071 0.34605354
0.18376032 0.51781654 0.77722883
0.027916033 0.45523685 0.7383864
0.06936988 0.45053363 0.7573985
0.08980652 0.40577066 0.5998976
0.6166284 0.5383443 0.58197224
-0.006616056 0.55889213 0.58865887
0.06610854 0.39523482 0.62607634
0.13719237 0.37027246 0.6343233
0.9882031 0.55831444 0.64081436
0.049532622 0.49478996 0.39530373
0.08097422 0.362113 0.31638688
0.37676755 0.4809535 0.5730629
0.28167838 0.4376325 0.5194718
0.11882005 0.35235786 0.44789875
-0.011030331 0.7376221 0.7787256
-0.001212664 1.0187494 0.7793327
0.0033868924 0.96294874 0.7891052
0.12079518 0.4614057 0.81743276
0.031739276 1.0512869 0.7780446
0.0229097 0.95141935 0.6693773
-0.0061757416 0.39191568 0.8100686
0.045331202 0.7998965 0.82267666
0.23223081 0.4816411 0.7339907
0.21316586 0.44570035 0.7199575
0.15756078 0.52591854 0.30055645
0.093677595 0.34971547 0.20278287
0.1434752 0.47615623 0.33260986
0.19751395 0.47064012 0.19933352
0.4616367 0.3995803 0.2193071
0.21284546 0.355909 0.2350421
0.05470152 0.27771997 0.41115293
0.03624663 0.321366 0.4387776
0.034305695 0.36450714 0.43376243
0.074044645 0.47552782 0.35376605
0.026110232 0.45941758 0.43282086
-0.016081944 0.53836584 0.39594778
0.053886943 0.30511472 0.4384878
0.10623159 0.44547868 0.48488823
0.06596205 0.7415624 0.3343296
1.2103019 0.64394987 0.47163478
0.0038306415 0.38092214 0.49154586
-0.032317065 0.32539845 0.524249
-0.019592166 0.70372593 0.5050863
0.11123039 0.76212186 0.50384504
0.06618584 1.1155208 0.5093682
-0.021781534 0.39807165 0.5404299
-0.020250537 0.38151067 0.49589297
0.12563032 0.7965396 0.5907071
0.19136304 0.56894916 0.6697904
0.20178571 0.6357842 0.4039469
0.13818267 0.64469 0.28688398
0.047204386 0.52064973 0.23814392
0.032439943 0.50605404 0.23422399
0.036442753 0.5296624 0.22457474
0.00927458 0.49990892 0.25819314
0.84468454 0.53837734 0.89444494
0.075773865 0.4978032 0.43206432
0.32721257 0.63443583 0.1999191
0.1859513 0.6048303 0.20003867
0.18810087 0.5506147 0.1756173
0.12515724 0.49454564 0.15159407
-0.0018121153 0.7511254 0.097127706
0.12154805 0.8119827 0.08189584
0.10835986 0.3703168 0.097119085
0.18456388 0.49128246 0.15104622
0.1638608 0.4983586 0.1430909
0.13912955 0.5466615 0.5001323
0.1241778 0.55907327 0.48365277
0.10387381 0.49422073 0.49946976
0.12682366 0.49115115 0.48822623
0.14825146 0.511812 0.54171044
0.1435194 0.64555895 0.51445776
0.49852604 0.2506209 0.7031709
0.01642377 0.27768123 0.9331854
0.37417585 0.1533888 0.77913606
0.18981898 0.36284626 0.30098882
0.10956917 0.2898635 0.2758381
0.1770044 0.35510093 0.25877497
0.14815983 0.49578547 0.40999928
0.21501823 0.53943616 0.33863714
0.13477 0.5887775 0.3240775
0.21522208 0.62601453 0.41135895
0.13614129 0.56078523 0.32904398
0.22810802 0.64038306 0.34765366
0.1797734 0.5766623 0.5727563
0.13536504 0.6257139 0.4994677
0.075135626 0.5712751 0.3370351
0.12516637 0.6667368 0.33803776
0.02182085 0.595692 0.3735699
0.055852048 0.2514354 0.59405696
-0.0039387494 0.4389152 0.14292462
0.048280463 0.4288621 0.18334544
0.037406415 0.41679114 0.19021294
0.009277038 0.4349664 0.163937
0.008213624 0.4778359 0.15652278
0.088162914 0.3970129 0.6221778
0.11575498 0.39051497 0.6233722
0.08322562 0.4368747 0.5917538
0.11088849 0.39279485 0.6126964
0.10744506 0.4015783 0.58799016
0.16913825 0.44811308 0.58585256
0.06378425 0.59833455 0.25860065
0.08527288 0.60972863 0.29819006
0.11130127 0.45317322 0.34131792
0.077281654 0.46941745 0.3565885
0.1599631 0.7357555 0.36915183
0.07079591 0.55785245 0.31934327
0.093702525 0.5373009 0.33127913
0.10534915 0.047659416 0.60479736
0.26090348 0.17255011 0.5531112
0.3811046 0.17890552 0.59520113
0.0323552 0.05896002 0.51631504
0.70407546 0.3260973 0.6726094
0.75859535 0.31260285 0.74165094
