0.062151134 0.60868764 0.4444728
0.10708997 0.4091647 0.46494648
0.23525017 0.50878733 0.5126013
0.08974218 0.5912198 0.46036485
0.08629912 0.5270708 0.46331578
-0.02616816 0.59358996 0.22316837
0.0035757609 0.33702213 0.27159405
0.06464884 0.26236588 0.29784933
0.03192827 0.8536686 0.33319578
0.05916673 0.3944772 0.30463395
0.002781067 0.6884267 0.57423586
0.2255544 0.5237544 0.54434365
0.061623856 0.38395885 0.48315686
0.58813465 0.34467775 0.83571434
0.90688854 0.4131688 0.6924868
0.5861708 0.33686647 0.8213487
0.8678917 0.41870144 0.71809644
0.2943945 0.39522845 0.5839448
0.2687551 0.546114 0.30241814
0.20415941 0.5205683 0.31008112
0.16214421 0.7311618 0.2772357
0.28712127 0.3852139 0.36596027
0.42823166 0.34345755 0.3629902
0.057380218 0.467305 0.58140326
0.06305219 0.4270058 0.6092275
0.20835978 0.51202595 0.4552473
0.19395638 0.51742655 0.45236155
0.19546857 0.47878343 0.58116645
0.18267412 0.5837195 0.5981501
0.09629016 0.9061576 0.5079253
0.10885718 0.8184655 0.49474698
0.83230263 0.8524203 0.36234587
0.47292194 0.7800122 0.40492228
0.650742 0.7715063 0.32891563
0.6411436 0.76706004 0.26176456
0.826616 0.8359233 0.29638615
0.82956463 0.8020098 0.24232864
0.07282742 0.851563 0.21013635
0.06682567 0.82145095 0.20007163
0.112099625 0.82096136 0.19783479
0.16255042 0.78591645 0.18973836
0.16056792 0.84803253 0.19781846
0.7489827 0.47765812 0.69220614
0.7548836 0.52847236 0.7247452
0.93328345 0.5939111 0.6865148
0.78618044 0.5688157 0.70832384
0.75212485 0.577755 0.65064496
0.8442673 0.7167792 0.780101
0.37175858 0.20845142 0.45503354
0.3284027 0.27875057 0.5443322
0.052568547 0.28780484 0.28790906
0.2672694 0.3435856 0.31517354
0.32900417 0.4239904 0.4381993
0.28438565 0.39241025 0.29244182
0.30184206 0.40374058 0.30114323
0.24329346 0.5476265 0.69150347
0.42849785 0.5527093 0.5721817
0.4094812 0.5163238 0.6665406
0.67475826 0.70509696 0.6392555
0.63868076 0.7241237 0.6678937
0.5880467 0.5943355 0.48552158
0.44174683 0.5802661 0.5159322
0.20573762 0.5105714 0.48508263
0.19279265 0.4702226 0.45204046
0.2917353 0.45667785 0.3115729
0.26127368 0.4225447 0.33971134
0.28812858 0.4772358 0.33715844
0.3911132 0.6979475 0.5181342
0.36351016 0.62645745 0.52346504
0.7543064 0.23565635 0.60925215
0.3081686 0.263768 0.5845702
0.85459095 0.35764205 0.5676351
0.8540493 0.28920996 0.5779406
0.26804456 0.33738804 0.5506927
0.8433325 0.31036696 0.7770948
0.514922 0.21347392 0.5815035
0.07021108 0.6671505 0.23880127
0.0818452 0.7748432 0.26149803
0.089454114 0.9472352 0.17728311
0.087171465 0.5810836 0.20754397
0.102152824 0.3064545 0.29334497
0.26433876 0.4504359 0.22751355
0.50857276 0.5467871 0.5285043
0.5783742 0.5661418 0.51706624
0.6195933 0.60570776 0.5190637
0.59730864 0.61886966 0.5342166
0.8466326 0.61024195 0.63958746
0.6846647 0.46462727 0.54103976
0.43483594 0.36591578 0.5968638
0.02685856 0.32882896 0.19445446
0.1775201 0.3651491 0.1996704
0.5978839 0.34175706 0.18641359
0.25288677 0.27606323 0.20337084
0.30709976 0.39233202 0.18878514
0.11970584 0.28202116 0.20448193
-0.016632028 0.63040304 0.21937853
0.4573107 0.22727418 0.08730215
-0.05044534 0.47860444 0.17878479
0.0258191 0.26769033 0.26140186
0.1494436 0.5500849 0.60278815
0.038170587 0.759004 0.6016229
0.3319022 0.48356703 0.6923403
0.2108885 0.4459808 0.7107657
0.22387424 0.47614536 0.6177729
0.42197672 0.48130694 0.637775
0.3774021 0.54218495 0.59594
0.29552826 0.47377095 0.58541095
0.36939353 0.49694097 0.65728456
0.80670446 0.46773565 0.6725285
0.48173887 0.55132675 0.68772316
0.36524165 0.49621356 0.6438859
0.45778385 0.6224615 0.6342576
0.044124216 1.1031293 0.5425565
0.48532674 0.6087146 0.77706265
0.07884568 1.116979 0.2994865
0.12339963 0.50691664 0.71078116
0.19766113 0.42350465 0.6369148
0.12975451 0.46715802 0.69932574
0.12557304 0.41115353 0.5551801
0.6453827 0.5186133 0.45412096
0.06197243 0.5875915 0.5805446
0.026088819 0.33536807 0.62236446
0.102358095 0.43752447 0.60943496
0.78046 0.48046827 0.5166946
0.2921963 0.4149885 0.4035358
0.40734136 0.4110592 0.25161326
0.37265512 0.4746995 0.5701827
0.30596116 0.4324278 0.56515163
0.14032006 0.23918593 0.41058722
-0.011340097 0.60582 0.8412464
-0.00927078 0.90379834 0.8298448
0.020728275 0.7486348 0.82144666
0.15512635 0.40923735 0.8140992
0.013720654 0.9479947 0.8547572
0.058313087 0.6299037 0.8290756
0.012523189 0.2845163 0.87097126
0.044994026 0.59547454 0.88058716
0.20335507 0.47304964 0.7042896
0.16736841 0.44693547 0.70459884
0.118386984 0.3653847 0.20683447
-0.08039961 0.16840956 0.18567407
0.15887609 0.34175146 0.25246564
0.26655242 0.4839599 0.06448817
0.7443468 0.39705023 0.3300982
-0.19205946 0.25455043 0.15085602
0.11053452 0.25727168 0.42307022
0.06126594 0.29362392 0.4345783
0.014582798 0.31557888 0.4233586
0.17658702 0.3104828 0.43249315
0.028136123 0.47688568 0.41521052
0.03297976 0.4890535 0.38707432
0.008149937 0.3034545 0.44474757
0.05318868 0.3949231 0.47970775
0.1475693 0.5417256 0.3605496
1.2635574 0.65215087 0.48622337
0.008636136 0.3548012 0.5287103
0.00072199106 0.31139928 0.5362897
-0.011018366 0.7126704 0.49437976
0.060914915 0.9092193 0.56927556
0.03037662 1.1467738 0.5395553
0.08117774 0.36090097 0.5479328
0.028828979 0.43872115 0.5203836
0.18949601 0.72148424 0.57643706
0.21149543 0.578771 0.6456359
0.21654958 0.61949074 0.41971472
0.13871336 0.7349687 0.29565495
0.059895515 0.5121324 0.21720782
0.028341547 0.46855313 0.19993818
0.033793643 0.51373017 0.2311255
0.012401301 0.46200052 0.25315422
0.3006158 0.35438532 0.90832466
0.06614873 0.4901823 0.42051855
0.3427856 0.65101206 0.18586078
0.17223793 0.6237046 0.21872932
0.15258583 0.56289566 0.1770102
0.027436554 0.49467868 0.19636485
0.05722133 0.38412207 0.11247222
0.055545755 0.85770863 0.10093784
0.1866867 0.41366893 0.06927681
0.16153337 0.51108325 0.13261674
0.17573528 0.4972472 0.12278531
0.075233795 0.668645 0.48256508
0.09356822 0.66137904 0.46642798
0.0837773 0.55314714 0.48656973
0.10472954 0.5249122 0.49203187
0.11272167 0.76938426 0.5135467
0.17587093 0.7100397 0.52096087
0.47923675 0.24287796 0.6925754
-0.028562285 0.39599773 0.91761243
0.36263865 0.14832535 0.6699274
0.17029768 0.38843215 0.2883029
0.14963305 0.30864355 0.27156922
0.14495406 0.3373891 0.27219176
0.1663503 0.51874876 0.3687527
0.22235635 0.5615269 0.33667985
0.10688026 0.59269166 0.32827702
0.21537387 0.6189635 0.36982122
0.11424781 0.64909816 0.25821117
0.22233814 0.6414968 0.33358553
0.19714713 0.56298226 0.5642809
0.14356911 0.73006773 0.50832796
0.05822129 0.671124 0.2917736
0.10828203 0.77859986 0.30924258
0.06999975 0.6695587 0.30085093
0.22292188 0.3186617 0.5298622
0.0034728125 0.43963313 0.13038073
0.026514135 0.41802698 0.15979326
0.030026155 0.38252676 0.1716035
0.02957011 0.447295 0.1684975
0.009684801 0.47514158 0.18209815
0.016030077 0.4187368 0.5397835
0.06081362 0.41872513 0.59613353
0.079428926 0.45343092 0.592304
0.018869482 0.39746207 0.566836
0.06861603 0.48621452 0.546933
0.10794957 0.43563884 0.5875976
0.08474821 0.5712024 0.2468651
0.04072209 0.6345936 0.2896959
0.07119766 0.47089297 0.3274632
0.099423185 0.46000803 0.35062358
0.10720052 0.8931569 0.31305075
0.0487442 0.5953336 0.28524813
0.07407814 0.67760634 0.29754674
0.20451567 0.114594266 0.55308694
0.39688703 0.20551005 0.5889377
0.5112594 0.22927293 0.6247757
0.15045407 0.14901194 0.5883992
0.94515014 0.4729803 0.5496497
0.79123837 0.39662522 0.5052451
