0.08492595 0.4897297 0.43042102
0.1015917 0.4539631 0.43746948
0.2082695 0.55076003 0.48496374
0.082821175 0.50372523 0.43610013
0.097568184 0.42364037 0.47303677
0.052303087 0.005282074 0.6002082
0.15613234 0.041351803 0.5473722
0.068097115 0.01961644 0.7544269
-8.7186694e-05 -0.013473913 0.6787701
-0.020996764 -0.026994683 0.6121971
-0.038335323 0.4160756 0.24587923
-0.011199892 0.23816516 0.3072853
0.08609937 0.1977126 0.31546405
0.055358283 0.4899534 0.31348202
0.10578601 0.22831959 0.2948594
0.024161566 0.61554176 0.5695879
0.1530152 0.57473665 0.53397274
0.06430599 0.3901909 0.4595924
0.073732875 0.015766464 0.5090413
0.81128216 0.31892133 0.6046911
0.102063656 0.05400566 0.5326035
-0.04521937 -0.058829308 0.5346046
0.056358606 0.018530052 0.58285093
0.83507746 0.3138243 0.4810406
0.8100741 0.37739903 0.5584922
0.88785267 0.34362197 0.5538736
0.14238864 0.22526713 0.79305446
0.8233291 0.36033064 0.51924527
0.4930989 0.3125602 0.8305864
0.93782604 0.42318356 0.7774994
0.25060207 0.39228743 0.64122623
0.20234144 0.4891141 0.29406372
0.1900203 0.5365603 0.29664803
0.16227323 0.6518262 0.28448135
0.79549956 0.3648752 0.3934806
1.047774 0.42360282 0.44834483
-0.032772228 0.4115826 0.6025437
0.041968606 0.4954775 0.5662173
0.22533849 0.5326359 0.42564887
0.1783916 0.5228262 0.4311336
0.1803411 0.4433717 0.5820799
0.1879746 0.56019926 0.49509856
0.10695496 0.74710137 0.52546614
0.10601529 0.7116681 0.48156834
0.7993667 0.8160575 0.37151116
0.4140495 0.7239664 0.37608314
0.5461981 0.70179987 0.33248812
0.60553056 0.71600527 0.283344
0.82976437 0.8289036 0.3017368
0.72896945 0.73096615 0.29984018
-0.017059676 -0.0048480704 0.49755037
0.077427626 0.060293876 0.60789824
0.1343607 0.085029244 0.5587372
0.010067988 -0.0055144876 0.55483043
0.34418237 0.12794855 0.5053509
0.2041747 0.09465425 0.5606357
-0.020417072 0.0028319359 0.49889284
0.071355745 0.8669581 0.21649036
0.08622503 0.7480355 0.20935735
0.123829074 0.7793382 0.20828354
0.15889227 0.74858505 0.1886158
0.13269714 0.8414112 0.18475038
0.68333834 0.4643088 0.6954078
0.66311985 0.49873376 0.7280154
0.9029109 0.5644082 0.7099985
0.67971444 0.54174066 0.71934086
0.7138504 0.5599131 0.66022474
0.7792802 0.69526035 0.7546277
0.35842252 0.18649237 0.422603
0.37079132 0.2738509 0.58491653
0.07507974 0.29008463 0.26959184
0.33934742 0.33759397 0.36921442
0.3698822 0.4022752 0.43237868
0.34282058 0.39756423 0.31706363
0.35136256 0.39059192 0.3113086
0.21417439 0.5531333 0.6826053
0.31100577 0.5275705 0.5496847
0.3532812 0.46442872 0.66500217
0.6478963 0.6382045 0.6246564
0.6469765 0.67949754 0.6513075
0.5424277 0.49119568 0.53292036
0.42321062 0.5762503 0.5289818
0.14579007 0.4822262 0.47331497
0.13516529 0.4509253 0.48972452
0.25905213 0.44535434 0.37087175
0.23404124 0.44889963 0.36742413
0.2735781 0.4854808 0.36721623
0.6655348 0.6516692 0.21651566
0.6311404 0.75911444 0.27989438
0.81059813 0.82758456 0.22052553
0.8378078 0.8764289 0.17673063
0.37004265 0.6829898 0.51174974
0.32140446 0.58530813 0.5048358
0.19080871 0.054252878 0.56475186
0.15896773 0.041258477 0.5494536
0.17249522 0.020387188 0.4396786
0.12006052 -0.0004003942 0.49625397
0.2544103 0.09072243 0.7549551
0.96684504 0.37673038 0.6887098
0.9862072 0.35609734 0.6642603
0.60788953 0.21477519 0.4186676
0.6591543 0.20107657 0.5285601
1.0666775 0.44133943 0.65197814
1.1498878 0.46324366 0.6330311
1.0033427 0.4107049 0.528233
0.4456597 0.3816138 0.64431614
0.81004655 0.29974055 0.78025895
0.91172266 0.39386398 0.5795546
0.07203333 0.579158 0.25436616
0.074803546 0.70914084 0.24324194
0.08189203 0.93491304 0.19481307
0.11566904 0.5591894 0.18571284
0.082628034 0.3164742 0.3062569
0.15689963 0.5276132 0.19635907
0.51113296 0.47173393 0.5475816
0.59275305 0.49297583 0.51663035
0.56926405 0.5767279 0.51923865
0.5725317 0.5868744 0.52055585
0.70674443 0.53829414 0.64530456
0.830161 0.48266107 0.53807294
0.33025524 0.31924438 0.5769046
0.71456397 0.27105296 0.4968991
0.017601714 -0.013513006 0.47491834
0.5397785 0.19342655 0.50492823
0.37640697 0.12598604 0.4782834
0.8277611 0.31805825 0.4756786
0.277602 0.08782427 0.50535226
0.113444775 0.05427074 0.48117182
0.9522511 0.36515665 0.49474365
0.80800563 0.32123345 0.56003934
0.19349569 0.28636432 0.20058683
0.4879079 0.29421037 0.15154387
0.95562756 0.45488727 0.16838008
0.8226704 0.39778703 0.22844648
0.6719973 0.39354312 0.17052639
0.6126646 0.3526985 0.18833277
0.014309671 0.6734859 0.20643315
1.0650741 0.42363787 0.25220704
0.022823751 0.47491044 0.210217
0.064362735 0.3056985 0.22114345
0.358145 0.18755603 0.5002521
0.032387704 0.2516123 0.5906526
-0.04277552 0.30118892 0.6768447
0.0689299 0.26041597 0.57773
-0.031558074 -0.04182008 0.4011417
-0.08497935 -0.1311854 0.31924966
-0.1664738 -0.14064778 0.3610764
-0.008930981 -0.0546339 0.4166845
0.015872523 -0.019797929 0.71362823
-0.07873619 -0.0565587 0.35004073
0.03702573 -0.005377628 0.6280921
0.095262006 0.024244428 0.560277
0.18782094 0.042273104 0.5259585
-0.1813691 -0.13108607 0.43024307
0.11326903 0.4838658 0.6240918
0.027395606 0.67802155 0.59840983
0.30184886 0.42953032 0.68602264
0.12181888 0.4058116 0.55620223
0.13743299 0.4478377 0.5993318
0.25388455 0.35459244 0.5686781
0.19717583 0.47262555 0.5804398
0.14782935 0.39528888 0.5492465
0.4351748 0.46479642 0.63094383
0.6656728 0.39631373 0.6055086
0.3107242 0.4156868 0.6877945
0.32692593 0.44879407 0.672169
0.45455605 0.6245996 0.56528777
0.049890585 1.0362641 0.484797
0.4496046 0.54853624 0.7572193
0.11934747 0.82899153 0.3088287
0.08000501 0.38268626 0.71257657
0.046771936 0.3532437 0.6269898
0.031976506 0.40050662 0.6603264
0.07173303 0.39062345 0.5656572
0.5573603 0.5159115 0.5261224
-0.001762487 0.3195566 0.56784374
0.013105519 0.31096408 0.585014
-0.0027587488 0.3320961 0.6280194
0.53461033 0.39043885 0.6037801
0.2763598 0.47080493 0.37474138
0.63551724 0.43177754 0.08709839
0.40624738 0.4693629 0.5523893
0.30566174 0.4328301 0.5048589
0.12641734 0.27229142 0.43147713
0.9636577 0.3797711 0.47991562
1.0309205 0.4143241 0.48819125
0.98991203 0.3990342 0.4429458
0.9476956 0.3698427 0.48949474
0.9528973 0.3738485 0.4757747
0.9939833 0.38786793 0.42857575
0.99599284 0.39489454 0.502988
1.0585574 0.25935155 0.55396134
0.9504047 0.38472432 0.4488375
0.033093296 0.5029308 0.7376203
0.025138777 0.78363574 0.7547932
0.052037388 0.5449629 0.7368105
0.087646544 0.33492655 0.7022405
0.07303716 0.69760144 0.7525163
0.04477126 0.51609004 0.7093874
-0.012527406 0.30272722 0.7811783
0.05949714 0.41053474 0.7647708
0.91095346 0.35647225 0.6356316
0.4735418 0.1870138 0.5217594
0.65766674 0.26832914 0.57592535
0.7814686 0.29423076 0.5613954
0.86657274 0.3490395 0.56809497
0.77804095 0.29641008 0.5389549
0.15726821 0.4482954 0.6547543
0.15102357 0.42413002 0.69379646
0.47382835 0.5412018 0.25031
0.5420755 0.41681302 0.14647704
0.46197176 0.50945705 0.22365892
0.3850424 0.4834214 0.12021033
0.70938134 0.5467329 0.18410805
0.068769716 0.29328293 0.06892267
0.045428053 0.22634633 0.3810021
0.05022247 0.24056539 0.43230695
0.37787384 0.4203334 0.40999344
0.105250135 0.42942894 0.4278199
0.048106194 0.37390935 0.4017847
0.026027232 0.41600132 0.41436562
0.0656473 0.31382293 0.40023604
0.06344281 0.32625997 0.47198325
0.06807686 0.39928424 0.3727944
0.5902915 0.36396158 0.46735257
0.028856192 0.29762566 0.50557077
-0.0075581 0.2636454 0.54246247
-0.004392825 0.6233811 0.4895221
0.0674397 0.8396731 0.5161322
0.06125258 1.0315803 0.5257768
0.080798835 0.33160502 0.4797186
0.27785635 0.3518303 0.45500237
0.16194919 0.53744507 0.62588686
0.15544325 0.4895987 0.663274
0.21623644 0.61275905 0.38159603
0.14506224 0.6783487 0.26760653
0.355596 0.41579986 0.1625967
0.08510554 0.38855833 0.20093155
0.19092649 0.36674976 0.1781312
0.1259113 0.35279226 0.21879849
0.8536532 0.3952865 0.6164576
0.32148665 0.4123091 0.34410387
0.29489875 0.6133191 0.19651024
0.15346313 0.59981936 0.20345733
0.12943938 0.456012 0.18482482
0.15071294 0.49571323 0.15557753
0.04632011 0.34580952 0.070736215
0.097340524 0.90604305 0.025516674
0.35164577 0.3333392 0.06061626
0.17661701 0.4619925 0.139699
0.16045533 0.48871928 0.11946824
0.79512894 0.29162252 0.53203213
0.83720315 0.32547843 0.4081152
0.88341576 0.26818502 0.44349745
0.061101913 0.5894894 0.42411792
0.088295706 0.47991467 0.44521895
0.09076501 0.42118716 0.45049387
0.09526085 0.43123204 0.43546018
0.09115133 0.5236548 0.4805538
0.10964267 0.5487678 0.505797
0.41850364 0.20474125 0.69568497
-0.03175988 0.27515876 0.8457354
0.35607803 0.15369284 0.6760996
0.9368272 0.41687566 0.20555267
0.8193383 0.3716358 0.24596342
0.7665295 0.4042071 0.15449074
0.16888769 0.35658455 0.30777028
0.12486653 0.30878758 0.2891549
0.15841967 0.3479843 0.26709846
0.123748764 0.4393111 0.38021624
0.17637879 0.5231169 0.37749642
0.2047621 0.5380496 0.29914987
0.19057047 0.57586914 0.3973745
0.18995863 0.5822192 0.30074942
0.19699925 0.57950103 0.3664766
0.1452268 0.51199806 0.5715218
0.15115756 0.49438798 0.54289466
0.099965416 0.4189167 0.29051283
0.2831672 0.43173957 0.230652
0.13719556 0.37414938 0.28264388
0.47978646 0.32994676 0.5239722
0.039205093 -0.0034758672 0.51947623
0.034760643 -0.006513566 0.5340809
0.03490585 -0.023941599 0.47372887
0.063161924 -0.001745969 0.60174316
0.106137425 0.04630673 0.5746516
0.04783196 0.050200105 0.75209033
0.07905086 -0.0058395267 0.3993426
0.09298972 0.37185746 0.12199002
0.049602546 0.37573755 0.1542146
0.07881963 0.32882845 0.15092482
0.07732329 0.3944139 0.15078248
0.11053242 0.36289257 0.1465596
0.115031175 0.35310638 0.5038226
0.049517967 0.37227196 0.55403584
0.038911797 0.40439558 0.5389692
0.012403138 0.32767916 0.5173392
0.066025324 0.41008508 0.46553752
0.08442824 0.41946828 0.54982144
0.17863485 0.41754234 0.24202025
0.09165767 0.5198612 0.29006782
0.116413176 0.42526108 0.30552334
0.11135962 0.3856964 0.31372032
0.14416319 0.5574374 0.3649554
0.13887933 0.42985922 0.27152514
0.10174057 0.44404858 0.30729663
0.12898879 0.0500396 0.61064106
0.17136386 0.12369276 0.5977288
0.53655267 0.22669598 0.5855463
0.20889631 0.15485969 0.5535943
0.74901974 0.35034126 0.59607
0.6353852 0.29158217 0.57101136
-0.006227784 -0.05182129 0.3567
-0.062113814 -0.08602585 0.46008185
0.111601226 0.008041084 0.36656794
