0.14344679 0.5887481 0.45024276
0.114434004 0.37036514 0.49121004
0.21282382 0.50447524 0.50385153
0.1121721 0.48573625 0.46491414
0.116065435 0.50181603 0.476447
0.111399606 0.013778489 0.5655942
0.14631563 0.01962851 0.5303465
0.29483086 0.10359295 0.75504863
0.07785757 0.013078291 0.62078816
0.05762723 0.014765978 0.6138276
-0.038141467 0.6599976 0.19945425
-0.01740788 0.29914665 0.2821045
0.04603963 0.21879183 0.28735185
-0.00728862 0.8193561 0.2267776
0.32957554 0.4397601 0.3211907
0.040857047 0.704972 0.50015485
0.09200233 0.5776903 0.5424849
0.1359375 0.39563996 0.4863916
0.09178777 0.030442916 0.5364378
0.3384018 0.12656102 0.6233365
0.17511618 0.09695974 0.54595006
0.06309248 -0.029163882 0.6062617
-0.04835117 -0.0010627359 0.7000344
0.90187174 0.34154543 0.48464417
0.95738643 0.43579036 0.5484263
1.0239913 0.36989146 0.5467926
0.9555333 0.4791765 0.901524
0.7492325 0.34084168 0.69917476
0.51384676 0.34349972 0.7732664
0.9273555 0.45858383 0.6945924
0.5552268 0.4788785 0.6260923
0.2372881 0.53249764 0.28235382
0.20840432 0.53785014 0.30819255
0.17054027 0.7008548 0.29030913
1.0741024 0.55118513 0.5855813
1.2257516 0.59452355 0.5456022
0.0290322 0.5067082 0.5648281
0.12426386 0.48227468 0.5834845
0.18878204 0.4898985 0.4295432
0.17747633 0.503383 0.44381756
0.17169294 0.4774909 0.5832579
0.16762477 0.5284842 0.4720493
0.111034855 0.86471176 0.441562
0.08843994 0.8037437 0.43873698
0.83435494 0.82913506 0.3849244
0.48601443 0.73450744 0.36455047
0.61852926 0.7346488 0.33787704
0.5858323 0.7053448 0.27837807
0.8388737 0.84345096 0.31376725
0.7690708 0.81196684 0.27671748
-0.022992447 0.0024695098 0.5725647
0.36884266 0.17528664 0.6452727
0.13561112 0.07342711 0.58437204
0.02097496 0.016336307 0.54200333
0.6147019 0.2266453 0.59714276
-0.032156177 0.031188678 0.6103095
-0.023589134 2.1263957e-05 0.56238276
0.071479425 0.88693184 0.21825294
0.053647283 0.8038 0.19738123
0.13248554 0.78219026 0.21271196
0.16140178 0.7435727 0.1778003
0.1444416 0.885788 0.17526379
0.6200076 0.42102128 0.70452636
0.68116254 0.5066839 0.7327524
0.9033825 0.55939835 0.64696026
0.7005318 0.5402788 0.697938
0.7407297 0.57832354 0.656135
0.82930136 0.7145833 0.7367141
0.38282406 0.20629108 0.5280121
0.33130145 0.23301725 0.5918237
0.037708227 0.28888422 0.27579623
0.390521 0.37501264 0.39667934
0.3126982 0.4113738 0.47659665
0.26997352 0.3977003 0.32757437
0.29651737 0.41232857 0.2990737
0.23095892 0.5656971 0.68894976
0.21402979 0.61590934 0.5991406
0.32972687 0.50298893 0.6877101
0.5975465 0.63775635 0.6212842
0.6244351 0.6858785 0.6666638
0.5754145 0.5930221 0.5435192
0.39232528 0.53792655 0.54031074
0.1674935 0.47763157 0.48954058
0.10605471 0.47397658 0.47060275
0.28888762 0.4564405 0.34099197
0.23763448 0.46116346 0.3560065
0.2819903 0.4783607 0.35978115
0.5131793 0.6832839 0.30778262
0.64795417 0.6936229 0.24883182
0.7856346 0.76466835 0.2077524
0.8363496 0.87243986 0.18410549
0.36639565 0.6768103 0.54190767
0.29185343 0.56457025 0.57422924
0.1765411 0.044930547 0.6212383
0.18075506 0.076543726 0.56337017
0.18350899 0.035015076 0.49447715
0.20883138 0.049715206 0.5947402
0.10574655 0.032716114 0.7341042
0.43240327 0.20331424 0.679774
0.9907022 0.38302547 0.6350326
0.50470465 0.14971755 0.44514328
0.33522487 0.12924072 0.58853847
0.4496739 0.2814831 0.6484999
1.0548705 0.43069017 0.6218787
1.0823666 0.39944905 0.59487855
0.8884439 0.47832748 0.6145795
0.7051836 0.26556665 0.8222632
1.1222602 0.44681498 0.54332423
0.08624284 0.6131727 0.24020453
0.07999115 0.7823938 0.27420053
0.080660015 0.97526956 0.1766712
0.1045185 0.63608843 0.20087457
0.5600875 0.4269755 0.36179638
0.14582142 0.41445488 0.26816273
0.53091186 0.532866 0.527264
0.52966243 0.51564 0.4982158
0.57362837 0.5834759 0.51452905
0.58451444 0.6014819 0.5143423
0.70883507 0.5313709 0.63223106
0.825417 0.49871552 0.53706175
0.18410403 0.25358933 0.54130256
0.54484445 0.18830068 0.49366987
0.031107612 -0.0066123754 0.49537158
0.6265605 0.18202561 0.51350296
0.2986223 0.10290959 0.48845
0.30467674 0.101777434 0.5178502
0.26251227 0.09446536 0.46686935
0.37505597 0.14723435 0.5247198
0.9087074 0.34753078 0.48405004
0.6782904 0.2535239 0.63412684
0.4239512 0.437285 0.30066174
0.50855887 0.48194918 0.28114855
1.1844066 0.54758483 0.30320555
0.58742833 0.48857737 0.2880447
0.7821657 0.52053905 0.27279824
0.6992348 0.44368207 0.28725976
-0.009198651 0.7241726 0.2257917
0.65671974 0.24003994 0.15248004
0.0470924 0.4378391 0.2311088
0.04608642 0.34550098 0.2654001
0.3122589 0.19057357 0.4348315
0.0568571 0.2598914 0.64674264
0.026394196 0.30443746 0.55183005
0.1374023 0.30021852 0.5765916
-0.0068127513 -0.040042683 0.46425134
-0.30202848 -0.2360937 0.26774275
-0.22222285 -0.13359773 0.284737
-0.0980759 -0.050858907 0.31192195
-0.01270175 -0.036225915 0.6415898
0.03743212 -0.007004887 0.45353
0.20445007 0.056091502 0.63186777
0.11151829 -0.0029487237 0.5969204
0.25795096 0.09447226 0.48141223
-0.1396591 -0.07949263 0.42818516
0.13289738 0.49016795 0.6082776
0.09037663 0.57880706 0.62393945
0.30535445 0.45997512 0.6791156
0.24776545 0.43908003 0.61177814
0.14854383 0.5160159 0.61606616
0.36030966 0.49571267 0.5270999
0.34606975 0.5651747 0.5249968
0.22738622 0.53008074 0.5412393
0.33035606 0.47780222 0.6359333
0.86373264 0.50246114 0.6216653
0.3437401 0.4791835 0.70691437
0.32433575 0.4691249 0.64744467
0.3987316 0.60252035 0.6326936
0.031144395 1.1710885 0.48176533
0.4369588 0.55122745 0.81176734
0.08534754 0.95432377 0.35327357
0.17133111 0.47495717 0.7107021
0.35935813 0.44858027 0.6072785
0.24027921 0.44745243 0.63504654
0.20231299 0.44177628 0.5915226
0.55112815 0.57274485 0.5588654
0.27132285 0.41448382 0.566834
0.13918892 0.32901722 0.6177214
0.08877609 0.37245235 0.6165075
0.6884845 0.5115067 0.6288758
0.4940145 0.4799408 0.42485738
1.0961541 0.56928515 0.3843469
0.33540964 0.45869797 0.54519176
0.27022952 0.42635962 0.4967627
0.13254485 0.300094 0.48650116
1.0107138 0.38926104 0.49485713
0.98490685 0.3950522 0.47616756
0.9576253 0.38886732 0.47526175
0.99831 0.37114823 0.49589753
0.9562613 0.3698101 0.490965
0.977219 0.3997185 0.45543718
0.985283 0.37811983 0.4897529
1.0089284 0.22860616 0.6038839
1.0652783 0.46713987 0.5388692
0.010967635 0.6501113 0.82478637
0.009802774 0.83277476 0.758807
0.014276922 0.8135699 0.7796908
0.1723314 0.41641942 0.77097195
0.030309029 0.7527255 0.7677848
0.10673477 0.4753576 0.7777575
0.07625556 0.31548563 0.81105274
0.07086645 0.5554281 0.8203129
0.98080057 0.38488147 0.68060285
0.7641049 0.2972672 0.6124605
0.6252255 0.23497711 0.5506596
0.8846033 0.29671815 0.5894329
0.94876987 0.33587512 0.63308376
0.87796926 0.33573484 0.53552353
0.20250683 0.49131277 0.72417885
0.17057197 0.44703084 0.6964337
0.8235006 0.6322239 0.3752039
1.2066703 0.68069947 0.37454534
1.1382029 0.7680541 0.44392174
0.78838235 0.559181 0.30999476
1.2550893 0.72914565 0.43216068
0.61788815 0.34411934 0.48841155
0.06650071 0.30660576 0.42771453
0.03830698 0.3400598 0.42782867
0.1549772 0.37619165 0.45563906
0.10631493 0.4021191 0.42887002
0.0367035 0.43856055 0.4165486
-0.030411035 0.44970325 0.39810187
0.05193583 0.35521 0.48723817
0.059053257 0.41226086 0.5011458
0.32852948 0.54418474 0.3814754
0.58557963 0.5219133 0.47809356
0.2764119 0.38030714 0.50113755
0.011684135 0.29564264 0.5244774
-0.018698089 0.722065 0.48222464
0.08846052 0.7589297 0.53475696
0.0607813 1.065908 0.44571716
0.28756484 0.37664738 0.53281474
0.6142203 0.4259887 0.49204123
0.18391967 0.5957625 0.53944004
0.22336523 0.5134194 0.6272103
0.22346504 0.59423256 0.38987988
0.1339092 0.7510365 0.26093107
0.14977801 0.48896605 0.2957006
0.05836625 0.45945805 0.25040317
0.12347377 0.43463182 0.29641324
0.070180714 0.45057034 0.2800401
0.68512326 0.5363087 1.0161124
0.41038245 0.514964 0.46012568
0.33573014 0.6492443 0.18255784
0.1988222 0.6178272 0.20548114
0.17033648 0.559409 0.19987363
0.17524518 0.46185124 0.22676939
0.039147116 0.38466042 0.046835963
0.08025737 0.78400356 0.035816725
0.37770104 0.389355 0.13672198
0.17042492 0.48084444 0.1442633
0.15338777 0.4993352 0.13881212
0.65779114 0.21924266 0.57099026
0.7900633 0.28415403 0.5528079
0.58003443 0.030138016 0.66324085
0.12129039 0.6011373 0.46582502
0.1427869 0.5841764 0.46228904
0.122335285 0.4598202 0.49919116
0.12656707 0.4513694 0.49104577
0.2830019 0.52854556 0.51368946
0.16809131 0.6715707 0.51955044
0.43922532 0.22218084 0.74122447
-0.007126175 0.38659793 0.85817856
0.51778865 0.19683339 0.94476086
0.9629276 0.47767395 0.25109005
1.0062329 0.4612329 0.30675352
0.97717065 0.48806083 0.24732108
0.20452106 0.34988368 0.31593764
0.092221454 0.2921747 0.2788694
0.038360808 0.39541638 0.26443005
0.15085293 0.53121877 0.36467636
0.18729901 0.5749011 0.31953722
0.2279316 0.60348415 0.32757366
0.23481987 0.60926306 0.37285423
0.1608018 0.58030176 0.29338288
0.23827495 0.6346093 0.33666325
0.20339195 0.5516475 0.5639874
0.1648621 0.6011242 0.5179854
0.12409319 0.535074 0.32989487
0.27205724 0.6248286 0.35966015
0.20941053 0.49945354 0.3594783
0.6639065 0.36663878 0.56599104
-0.010176413 -0.027832747 0.56210476
-0.051587492 -0.053552352 0.55045736
0.089944765 0.011406679 0.5038525
0.08519477 -0.019074008 0.6441716
0.05943772 0.027318843 0.55495244
-0.02634383 0.04888831 0.7721663
-0.032021157 -0.0536274 0.34085268
0.09128776 0.45423436 0.15927021
0.022587813 0.39220697 0.17495444
0.042090304 0.3651396 0.17821127
0.025317825 0.47821486 0.17047456
0.023908913 0.42615944 0.19005916
0.3933606 0.40594608 0.5935959
0.21432115 0.4327891 0.6488608
0.19167225 0.4442749 0.60399026
0.21832712 0.42413786 0.6362841
0.1422657 0.42750323 0.55488694
0.11732286 0.43719932 0.6034702
0.35544407 0.5167506 0.34795225
0.10645534 0.5903907 0.31370622
0.09489459 0.4418755 0.35571474
0.1332581 0.47726232 0.3590657
0.17905702 0.7676616 0.33959717
0.1588032 0.53224283 0.35452914
0.12272789 0.5426694 0.34322834
0.3499695 0.13663036 0.5402414
0.2740196 0.14638111 0.5915651
0.6345659 0.2901029 0.5983396
0.29749262 0.18706524 0.5591188
0.85960764 0.38083848 0.60031384
0.7222983 0.3049405 0.6608103
0.109529965 -0.0010258257 0.3120515
0.046475977 -0.07693331 0.392264
0.121686526 -0.0043904036 0.36401868
