0.028891608 0.50866514 0.44729602
0.057363182 0.44710785 0.44971138
0.1874739 0.5432719 0.49964815
0.087716445 0.48373276 0.46634698
0.06941851 0.47209206 0.4890951
-0.024640076 0.5712918 0.2126999
-0.002782695 0.28688064 0.32518896
0.06774026 0.2306709 0.33269703
0.03238137 0.8650326 0.23506893
0.00369649 0.4941737 0.29566586
0.023027003 0.6872121 0.5444253
0.12690124 0.5145856 0.5599751
0.02047085 0.38477305 0.47958928
0.8971764 0.4090213 0.83700246
0.9223297 0.39447883 0.6158381
0.4542567 0.25139567 0.75744855
0.8943939 0.41516832 0.7187886
0.068957314 0.43665466 0.6472121
0.25210416 0.5057155 0.30690074
0.19199836 0.52826005 0.32546976
0.16477208 0.67674875 0.2863109
-0.091532126 0.341161 0.5124161
0.7704841 0.5188872 0.46677953
0.05062541 0.45152542 0.59266824
0.11406402 0.38983414 0.589326
0.18190366 0.5000183 0.44172257
0.1690072 0.51539564 0.45889908
0.23227648 0.44403175 0.60580486
0.15917796 0.55068225 0.55689484
0.036049772 0.88654554 0.4997819
0.055693354 0.75471437 0.46412337
0.8297737 0.8200748 0.36509407
0.45118976 0.7673994 0.34697407
0.66098034 0.7605763 0.30377287
0.5927461 0.6860919 0.22946405
0.8724435 0.8542258 0.2970586
0.8074373 0.7811824 0.25073612
0.06044496 0.87072897 0.21191208
0.088769935 0.7564654 0.1922767
0.11077526 0.7639908 0.24320619
0.17014691 0.67958724 0.17195411
0.15433915 0.81812394 0.18383598
0.6578588 0.4611308 0.6588921
0.69399714 0.51399285 0.7253869
0.9634476 0.57486326 0.6850759
0.7282189 0.5587582 0.68569154
0.73591113 0.5803417 0.6503719
0.83558273 0.72759014 0.73961973
0.39571327 0.17913684 0.44616735
0.35239947 0.21505389 0.5695054
0.06554968 0.2743562 0.34209716
0.59597915 0.42641333 0.3906741
0.3665344 0.38636252 0.44030017
0.3203202 0.37618196 0.32752955
0.3386193 0.40169534 0.33430934
0.22542596 0.5704821 0.69129676
0.45842212 0.5788321 0.5578803
0.37349945 0.46259004 0.6496058
0.57649815 0.6084724 0.6123906
0.6426031 0.697403 0.6308692
0.61681706 0.5351536 0.5227385
0.45798975 0.58151877 0.5519693
0.14352986 0.50114447 0.50730944
0.10371757 0.46667215 0.47782862
0.32342142 0.46800843 0.31430733
0.23336609 0.4850444 0.31971937
0.2823223 0.51094526 0.339248
0.42110568 0.6857739 0.5560008
0.35254055 0.560805 0.55180454
0.7353244 0.28507605 0.55151755
0.53253716 0.2766752 0.58623403
1.0449095 0.42840675 0.61065376
1.0422244 0.37629512 0.6285859
1.0865266 0.49987844 0.67426693
0.8768306 0.37767115 0.7198578
1.174357 0.43120363 0.7635382
0.07974976 0.54039264 0.28342313
0.090306655 0.7283086 0.2615975
0.07604471 0.9633811 0.19918832
0.10342105 0.5592755 0.21089557
0.21924652 0.42985466 0.30250055
0.10943834 0.61060923 0.27372843
0.5459876 0.50864494 0.5378976
0.49012202 0.47629392 0.49134254
0.6031985 0.60533607 0.53896517
0.6129507 0.61809903 0.5271622
0.7701591 0.60120046 0.60243493
0.79973054 0.48421267 0.5681238
0.1990425 0.29582784 0.5461472
-0.02175732 0.3318843 0.22004591
0.35926598 0.3628606 0.20571359
0.6974489 0.4296346 0.17468442
0.56681824 0.36282775 0.20689121
0.19456941 0.38870433 0.16010788
0.12767595 0.30505875 0.21639584
-0.009712875 0.6709546 0.20419446
0.6401213 0.30318993 0.07751654
-0.047963925 0.5459512 0.19287011
0.06201146 0.30429968 0.19812523
0.10391149 0.5134258 0.6047889
0.04536979 0.6363172 0.6146348
0.28463018 0.44745407 0.69445705
0.10311301 0.4439377 0.59781843
0.12300821 0.505553 0.62275845
0.322994 0.4995682 0.6152502
0.38778877 0.56661856 0.6657295
0.28389853 0.54207504 0.55727434
0.4055485 0.4927304 0.6541763
0.99931955 0.5501511 0.6951069
0.39191645 0.45567027 0.68939584
0.36271447 0.50390106 0.6474504
0.4294753 0.5993932 0.61888164
0.016026258 1.115001 0.51048696
0.46596634 0.5495145 0.74184734
0.066699326 0.9939925 0.3256958
0.07404334 0.4720184 0.77118087
0.19222704 0.5563263 0.68739283
0.14427504 0.52390534 0.70646363
0.19007078 0.46780095 0.5546273
0.810696 0.6137143 0.5356867
0.10994113 0.536363 0.6190718
0.049467884 0.32752478 0.59937125
0.10708935 0.33421344 0.59989315
1.0042158 0.54310894 0.606517
0.35074562 0.6157145 0.3195092
0.6187715 0.6053156 0.43134654
0.4418624 0.4737405 0.5800528
0.30655646 0.42974278 0.52753216
0.1389626 0.3096172 0.4577726
-0.03191565 0.46415028 0.8294703
-0.018933132 0.85149014 0.79560983
-0.010913171 0.6250426 0.8148101
0.083677575 0.37225708 0.7547011
-0.0062783584 0.848338 0.83007824
-0.04495968 0.46441475 0.7440583
-0.033456624 0.28809217 0.84966034
-0.038793206 0.4881568 0.8393803
0.23499647 0.46152613 0.70005566
0.19983973 0.44858038 0.69401616
0.3965615 0.5709041 0.16284288
0.75048757 0.5330636 0.2985987
0.53284776 0.5610458 0.25993234
0.45346993 0.6907039 0.28281754
0.8930477 0.54064524 0.27686077
0.16893113 0.68370354 0.18919255
0.050817415 0.34922576 0.43394464
-0.007040292 0.3514029 0.43021327
0.10819122 0.426196 0.4146375
0.10246188 0.30651358 0.4032318
-0.03768114 0.5002764 0.38377696
0.0031036474 0.47007224 0.36893195
0.003697984 0.32896355 0.44201678
0.012726482 0.38542616 0.49281335
0.0072855726 0.567825 0.38281703
1.4005163 0.7227134 0.60773295
0.032217722 0.39546558 0.49276942
-0.005322024 0.3079864 0.55437136
0.0010416657 0.7543588 0.48072213
0.080526605 0.81618136 0.66474617
0.016387299 1.1779842 0.5075193
-0.013941549 0.36484742 0.51421916
0.046496686 0.39277348 0.5010787
0.09666611 0.64356124 0.621453
0.108814865 0.56576586 0.6635151
0.17686602 0.62193424 0.34558225
0.13965781 0.6855296 0.2927875
-0.004679993 0.5165127 0.26096576
0.034837104 0.49922505 0.20755386
-0.014843777 0.46034142 0.24019392
-0.022189766 0.44244474 0.26838666
1.2895795 0.43359327 1.2963423
-0.039830446 0.4839653 0.45746654
0.28424793 0.62951213 0.21207008
0.13770595 0.6230825 0.20783187
0.12977242 0.5985525 0.17823078
0.09581356 0.540204 0.19872013
0.042787626 0.44227445 0.10874701
0.09187624 0.70634335 0.106587656
0.08525264 0.41861638 0.110901244
0.16374366 0.4997491 0.17436248
0.11882443 0.50280267 0.1386175
0.030221824 0.55877733 0.48081905
0.024101544 0.56639075 0.47390115
0.048035994 0.51701087 0.49648428
0.057199344 0.50828534 0.5049799
-8.9645386e-05 0.54068506 0.52456135
0.08276497 0.64638066 0.5514752
0.45842373 0.24767435 0.7320556
-0.005519524 0.28988272 0.85140413
0.4533242 0.19886011 0.7549249
0.21546024 0.36004874 0.31047553
0.15283482 0.3025214 0.305291
0.12405025 0.38978928 0.2681919
0.09259798 0.5908522 0.37768555
0.17945093 0.5872405 0.35487235
0.094217345 0.61285704 0.3455208
0.16480964 0.66358644 0.4031521
0.1013691 0.6404055 0.30470824
0.19556777 0.63407516 0.33698684
0.14011964 0.5725577 0.5914923
0.09652257 0.6059565 0.5453377
0.027673263 0.52804726 0.3652243
0.057478134 0.63485193 0.40642542
0.022348993 0.53929436 0.40081465
0.17075984 0.2736596 0.56628627
-0.03071618 0.464887 0.12993544
0.03621228 0.41130045 0.19213238
0.0118275955 0.4323568 0.20092669
0.019834746 0.4513201 0.16837266
-0.01675053 0.46964377 0.19098884
-0.019178733 0.39931628 0.5723414
0.028110817 0.40287042 0.5720217
0.044078227 0.43182403 0.5696486
-0.018067889 0.4043978 0.574804
0.0019520372 0.40280375 0.5385531
0.11075376 0.4462613 0.56205916
0.013466757 0.5325465 0.30293715
0.059398174 0.56611705 0.33935916
0.07753002 0.52440274 0.33764
0.07407827 0.51214594 0.35687786
0.102464914 0.6866569 0.39347082
0.037995122 0.5468944 0.35451674
0.052433476 0.55620503 0.3531745
0.3651505 0.16699165 0.5916068
0.80157703 0.35224518 0.58063847
0.49261147 0.2422683 0.62524545
0.09157949 0.1081982 0.54050297
0.9762037 0.4387854 0.62026674
0.9342573 0.41896355 0.6759094
