0.055608988 0.55014247 0.43143505
0.17463097 0.4437706 0.42499277
0.25817055 0.5567962 0.50515103
0.087632544 0.45858973 0.47936925
0.08208117 0.47468713 0.47800314
0.12009056 0.021038368 0.6618295
0.1861584 0.034465093 0.49639452
0.26040104 0.10369416 0.7512538
0.13200414 0.023133885 0.70827836
0.017064359 -0.006437499 0.657927
-0.014132932 0.57558167 0.23130736
0.002362989 0.43922874 0.26773113
0.07745798 0.25987294 0.30251896
-0.03138534 0.8643618 0.22171316
0.029779263 0.36140752 0.30551404
0.026751317 0.6675851 0.52606
0.22295983 0.52921695 0.54766446
0.077722214 0.38543716 0.4719052
0.13292247 0.107927024 0.5929579
0.94410765 0.3821494 0.62875706
0.15757833 0.07433448 0.51009285
0.05331254 -0.00773843 0.67009145
-0.0033829808 0.031811412 0.6665192
0.6135925 0.2819073 0.51887596
0.29854333 0.23310104 0.49194062
0.93672895 0.34432584 0.50935656
0.6613296 0.39003468 0.8054536
0.82034856 0.36164898 0.5798649
0.4575534 0.28021485 0.8340729
0.83536637 0.43637997 0.7029546
0.2783988 0.45492455 0.616208
0.2567252 0.5716801 0.2910384
0.19873649 0.5389001 0.29399318
0.1603536 0.6893493 0.28096974
0.33456498 0.39023978 0.41732526
0.75978 0.46107078 0.424337
0.08119153 0.42962626 0.5873293
0.06155768 0.4182746 0.5398514
0.19926284 0.5148116 0.43359303
0.1762082 0.5127686 0.4236585
0.17341757 0.44950533 0.55391556
0.16456474 0.51509166 0.6073075
0.10412164 0.83648354 0.49707133
0.09390186 0.79014087 0.43849635
0.8626393 0.8222119 0.3563921
0.50419325 0.774116 0.32754079
0.6200524 0.7245728 0.2776755
0.63374716 0.68005943 0.27040288
0.8545896 0.8362837 0.30846113
0.7519558 0.72303003 0.30625966
0.018116388 0.037627786 0.5058669
-0.007245004 0.062075503 0.5911153
0.06444526 0.049819134 0.56435007
0.057735395 0.013806146 0.573341
0.8196609 0.34968287 0.57558024
0.05412457 0.082164496 0.5161554
0.107372366 0.11187964 0.50609934
0.06790958 0.8654578 0.2198502
0.06059321 0.80933946 0.20716348
0.115636244 0.77131766 0.21123412
0.13255636 0.79738086 0.17396986
0.1262628 0.8456548 0.17968842
0.71439165 0.48403177 0.6865775
0.725477 0.5355799 0.7091723
0.88719654 0.5579281 0.6870955
0.7475478 0.5690741 0.6906112
0.7463861 0.591819 0.6574074
0.8156208 0.71581256 0.76115555
0.31222135 0.15719274 0.44321674
0.3442539 0.2312549 0.6109062
0.046018206 0.32549927 0.29046854
0.402242 0.3315602 0.37063545
0.3613639 0.3933647 0.45625937
0.28987792 0.36336628 0.31049597
0.3064823 0.4365285 0.29386872
0.2314369 0.56175655 0.7146656
0.40540564 0.59423625 0.5738561
0.38777512 0.51002824 0.6933956
0.603027 0.6473082 0.63884646
0.606129 0.68643826 0.6502108
0.65313923 0.5850179 0.5466099
0.4431733 0.58230376 0.5381364
0.1908817 0.4985829 0.49449632
0.22006252 0.47542423 0.47319695
0.3107251 0.45426813 0.30857992
0.32387966 0.47223848 0.34241313
0.33382726 0.47540504 0.35410732
0.4138764 0.7278164 0.31552416
0.72517306 0.77648336 0.21178505
0.8594126 0.8428873 0.18558171
0.9293759 0.95456195 0.14268953
0.39155072 0.7036443 0.5299742
0.35871142 0.62674576 0.573374
0.1776764 0.058588944 0.67822814
0.22121368 0.08846231 0.6541622
0.18475413 0.021453999 0.6186394
0.20569806 0.08494177 0.6779192
0.08771213 0.03435616 0.820414
0.015104331 0.11675063 0.7419902
1.3886907 0.54043674 0.73639685
0.4446205 0.15286358 0.38824904
0.45635217 0.25905108 0.5429712
0.069053695 0.14366844 0.6405713
1.0601008 0.4259352 0.54665196
1.2191021 0.41339546 0.5642723
0.51221824 0.35123217 0.57224274
0.7374202 0.30088377 0.6586555
0.72864395 0.34862673 0.52720046
0.07097216 0.6181173 0.25840455
0.07038207 0.793585 0.25569022
0.09728618 0.9369614 0.17298408
0.09268574 0.5563588 0.22081447
0.10151961 0.37023234 0.31992716
0.15054168 0.5552473 0.24387932
0.5468537 0.52554035 0.5441561
0.50426435 0.5268662 0.5414573
0.6795212 0.63202363 0.51474535
0.653395 0.6327383 0.52314997
0.7861673 0.5743132 0.58318466
0.89881456 0.5238472 0.5653384
0.15963918 0.2848075 0.5667493
0.5239466 0.20520283 0.49795666
0.05132795 0.01834533 0.5086376
0.46227038 0.14958099 0.46827874
0.51082736 0.19604021 0.52515244
0.77077854 0.28643957 0.50500447
0.4306358 0.18061662 0.4919312
0.041763842 0.057141185 0.5393108
0.49666774 0.21378355 0.45827374
0.646341 0.28914484 0.5809251
0.012469865 0.25405264 0.27265143
0.09222242 0.2743352 0.26310334
0.7938814 0.39997095 0.25306833
0.30412918 0.2851701 0.2009611
0.24074322 0.343328 0.17291853
0.11367533 0.28261164 0.22450152
0.00072271377 0.72692543 0.21260323
0.4865566 0.26426658 0.28215492
-0.011087537 0.49929976 0.20213442
0.3116948 0.33107182 0.234986
0.38288683 0.19905302 0.48792484
0.09101361 0.26785266 0.59388703
0.04310463 0.25670442 0.5789249
0.04362324 0.25994867 0.57955015
0.028894763 -0.027084183 0.5270915
-0.1483258 -0.034002323 0.3402229
-0.028436825 -0.02095301 0.32349047
0.17986819 0.093000606 0.38860917
0.08461131 -0.016617667 0.6653436
0.108059295 0.009559143 0.5978704
0.15715787 0.09627454 0.39783108
0.11018948 0.016820591 0.5457611
0.022344097 0.020715605 0.51888037
-0.013426356 -0.06960277 0.6675709
0.12197867 0.50298935 0.61700356
0.05142577 0.640337 0.61135983
0.2793208 0.4527815 0.65999544
0.100604266 0.45922792 0.69757694
0.173282 0.5392842 0.6729195
0.42030567 0.52092713 0.6568314
0.3815614 0.5892243 0.635426
0.34448707 0.53959376 0.60310376
0.35940564 0.46909028 0.6383215
0.76089966 0.42845148 0.63321203
0.27197194 0.41968742 0.69444996
0.2949999 0.47822553 0.6143609
0.464593 0.6157204 0.6345157
0.053672142 1.1063575 0.5071027
0.4759428 0.6049525 0.8293539
0.091049984 0.9609205 0.2961843
0.14519913 0.41537106 0.82778066
0.24237062 0.5084779 0.6374603
0.20796032 0.4448905 0.74215156
0.19999102 0.4525642 0.55936587
0.9814272 0.65309995 0.5529326
0.11132637 0.47933948 0.5911273
0.07583238 0.26528817 0.6330064
0.12875256 0.3709951 0.6313898
0.95679045 0.52988696 0.5778148
0.5208956 0.57302785 0.4461294
0.38102257 0.25037232 0.32175726
0.3743822 0.46295345 0.5269003
0.2727904 0.43879324 0.4849413
0.13811834 0.37261873 0.43289998
1.0399053 0.39089984 0.4971284
0.9481782 0.38463044 0.44372994
1.0222983 0.39997113 0.44912058
0.9604101 0.34984618 0.491124
1.0374514 0.38629043 0.4935797
1.0684032 0.39839137 0.48090592
1.0818515 0.39097726 0.528451
1.3568273 0.46907884 0.51686525
0.80642056 0.33342493 0.52496624
-0.012054518 0.61276495 0.7947461
0.01117903 0.8350912 0.77915865
0.044587597 0.7543456 0.7676056
0.15120246 0.410753 0.8637964
0.067430705 0.7446169 0.83913165
0.04321961 0.5440515 0.8457143
-0.025921345 0.31973082 0.8482515
0.07599163 0.53984916 0.87042797
1.0730222 0.41783792 0.74697065
0.8479366 0.34503335 0.549963
0.29244405 0.15620321 0.5116116
1.0849679 0.42612332 0.6852472
1.0146818 0.3980416 0.64960885
0.95801604 0.38549393 0.616043
0.23597194 0.46825045 0.7391091
0.18627965 0.44807714 0.7124371
0.1789031 0.5623866 0.28984985
0.34954226 0.3903282 0.22766294
0.14685345 0.49360338 0.35954165
0.43974322 0.56133693 0.24403962
1.031654 0.63254875 0.28374392
-0.009379193 0.36947235 0.37762964
0.06582889 0.25920716 0.3983906
0.0843661 0.3332518 0.43749633
0.029517382 0.4468056 0.41235724
0.07163842 0.47174302 0.39544773
0.019484121 0.47520387 0.39556107
-0.014083028 0.56740534 0.39079058
0.07053755 0.31784073 0.44163007
0.086056516 0.3981518 0.522453
0.05428829 0.6036233 0.41000777
1.4074571 0.6920858 0.5706519
0.025199614 0.39813715 0.48255736
0.017514758 0.3105458 0.54228723
0.017827742 0.66207224 0.4618464
0.058808576 0.79282784 0.60800034
0.01206404 1.1523753 0.53943825
0.0449368 0.3427459 0.5548644
0.0851282 0.42049894 0.47953537
0.14911786 0.6177902 0.6972286
0.15638448 0.5151428 0.7451909
0.20119052 0.62655634 0.3776676
0.12675005 0.7111034 0.28066152
0.04189434 0.4097736 0.25568426
0.093372785 0.43453348 0.23995858
0.029178921 0.37154356 0.24205261
0.025393054 0.37550664 0.24817725
1.2552704 0.7997823 1.5095408
0.04497484 0.47440785 0.42175072
0.3380552 0.64293367 0.19967392
0.17797455 0.58533657 0.21927166
0.15559165 0.5395834 0.22142208
0.11432923 0.50026566 0.21080495
0.04406775 0.3486122 0.15680142
0.056152895 0.8150032 0.09397592
0.32730263 0.36414462 0.09689986
0.1575411 0.49634862 0.1531558
0.14752795 0.5278781 0.13246769
0.4885739 0.1746204 0.50475836
1.1047866 0.38589656 0.51431644
0.48033202 0.19469373 0.37540326
0.05092299 0.51886153 0.45912403
0.034775056 0.5075408 0.45397246
0.054145716 0.44728673 0.4803602
0.07702257 0.4305477 0.51267993
0.04809214 0.5017913 0.5054347
0.08700277 0.69243956 0.54301906
0.44739723 0.24111253 0.7495176
-0.06900351 0.358512 0.9175608
0.26594394 0.15318234 0.7668984
0.2039494 0.21780518 0.18011735
0.37912023 0.23589359 0.15967682
0.6600522 0.34318995 0.27575055
0.17503518 0.36424124 0.30674914
0.09209151 0.31360888 0.2631667
0.14062004 0.3174032 0.2720186
0.12847133 0.5259943 0.36228085
0.20596738 0.5992145 0.34493977
0.11096326 0.68896323 0.34071764
0.19234009 0.66014355 0.38362053
0.14724663 0.5832315 0.3136276
0.20611875 0.6615912 0.34486023
0.1588899 0.5666641 0.5755472
0.14535522 0.5685746 0.52975523
0.06799089 0.5116574 0.3367751
0.103103295 0.62046295 0.37295192
0.050197497 0.50318706 0.35833967
0.11927376 0.20903558 0.5801882
0.031639747 0.028379053 0.5836563
0.18500692 0.055805452 0.5561571
0.10745814 0.012688115 0.6534795
0.14928079 0.015679274 0.7137971
-0.044118956 -0.01449516 0.6988351
-0.09576644 -0.031434063 0.7761585
-0.032269694 -0.034370396 0.480779
0.017486881 0.40163276 0.14793856
0.032305192 0.4250903 0.15019417
0.038628127 0.38101125 0.17667112
0.036523208 0.41015953 0.16136593
0.028114282 0.42497694 0.17237563
0.037242882 0.3591419 0.5635358
0.10322076 0.392487 0.60570455
0.077943936 0.4179859 0.5929975
0.0643833 0.3976683 0.5772977
0.07349867 0.39913157 0.547785
0.13737988 0.40112227 0.5622512
0.062433057 0.5119682 0.32389987
0.05294477 0.5864605 0.29296842
0.10124256 0.44071436 0.32558584
0.0799856 0.48467055 0.3700679
0.13539073 0.7749941 0.3609512
0.078958325 0.5426696 0.33947796
0.07476238 0.5087777 0.3464306
0.14169234 0.06843663 0.6115344
0.12892637 0.1465038 0.5942041
0.47449452 0.22209291 0.58379096
0.08472086 0.13130987 0.5640605
0.77733475 0.34667885 0.5965701
0.7147008 0.31484184 0.6259858
-0.02807261 -0.15362363 0.41582507
-0.029356167 -0.15324537 0.44070578
0.067260474 -0.09880856 0.4947726
