0.10229412 0.5380202 0.44037217
0.13723275 0.4145917 0.4682089
0.24327394 0.5353195 0.5011095
0.11340018 0.46638635 0.4959187
0.11777483 0.46512035 0.48054767
-0.03299027 0.69423884 0.18782905
-0.014953472 0.35895637 0.27127224
0.032854967 0.256136 0.3066445
0.0011320114 0.6703036 0.29905263
0.08651395 0.3480046 0.23358576
0.064055786 0.49563628 0.6024429
0.19461241 0.5545326 0.54303896
0.129426 0.37801126 0.49288046
0.32900214 0.35539645 0.7692722
0.8858647 0.39842233 0.61900467
0.5036108 0.2861032 0.78216106
0.7983617 0.3981076 0.71720314
0.3242235 0.44493264 0.6629361
0.30115718 0.5153287 0.29620463
0.19906652 0.53255963 0.3014636
0.16844301 0.636097 0.2784184
0.74968666 0.5314001 0.39013076
0.7473934 0.4950444 0.4386301
0.11608595 0.5015369 0.55337757
0.15308468 0.4034103 0.57230586
0.18078724 0.4887061 0.44476384
0.17827222 0.51439404 0.4380151
0.18717003 0.4563147 0.5475294
0.18663444 0.5581166 0.56350464
0.12032119 0.7328293 0.52060187
0.12135205 0.69959754 0.4829918
0.8479019 0.83426946 0.34572744
0.4664717 0.77294683 0.34665662
0.6208589 0.719195 0.29977077
0.57316214 0.68713903 0.24049795
0.8991919 0.8743205 0.29414392
0.7529093 0.72274506 0.2356291
0.068322234 0.8461103 0.22208501
0.06289655 0.75374424 0.18479161
0.116277754 0.6914959 0.2370003
0.18104759 0.6652204 0.18975672
0.16032559 0.80711836 0.17201571
0.65135026 0.4555886 0.60452527
0.67853403 0.5012491 0.67469573
0.9307552 0.5731806 0.66119003
0.69556266 0.5329583 0.66827375
0.745053 0.5742184 0.64937717
0.79736453 0.725973 0.7666496
0.4101808 0.22152641 0.47477376
0.3025527 0.24900681 0.58619773
0.021906707 0.28075644 0.29847825
0.47141886 0.37758565 0.3644508
0.3317146 0.38061312 0.4148537
0.32291853 0.3735191 0.32704076
0.34794605 0.3863392 0.32843304
0.27934477 0.57144904 0.6938738
0.47443795 0.6248671 0.5582431
0.42967653 0.54331475 0.6385443
0.6454749 0.714126 0.63129807
0.625698 0.72861314 0.6575614
0.5028217 0.5527695 0.5326498
0.4585857 0.5666132 0.5271013
0.2030898 0.50140905 0.5158673
0.16537338 0.47687057 0.52062136
0.22043207 0.44776055 0.30241212
0.2044327 0.46510538 0.3319903
0.2142019 0.4722835 0.32388937
0.38251898 0.65210927 0.5159925
0.2908291 0.55281836 0.5246962
0.5036768 0.25741598 0.49222833
0.45208722 0.28227204 0.5691918
0.9060331 0.38204342 0.5783943
1.0133375 0.4007322 0.5698481
0.3839659 0.3470172 0.57787657
0.9436088 0.35583982 0.75603175
0.8158702 0.41437823 0.53123975
0.050135463 0.6006633 0.27269208
0.06510144 0.68936616 0.2865098
0.07558086 0.97186446 0.21382736
0.097537756 0.570182 0.20042345
0.0846849 0.42536202 0.23188166
0.12040614 0.50921065 0.20363206
0.5574204 0.5405532 0.5189693
0.6187089 0.5808024 0.52475905
0.6240173 0.6109946 0.51532215
0.62876564 0.61969453 0.5199242
0.78807265 0.5712738 0.5998943
0.9649486 0.53335 0.56693023
0.23257896 0.3033119 0.5311502
0.035264973 0.31549528 0.17768386
0.22658151 0.32447243 0.1981551
0.9728376 0.45426455 0.24820371
0.4360973 0.3195064 0.18421486
0.58804625 0.41818103 0.1893087
0.3596751 0.36047146 0.17036547
0.0019549467 0.5858568 0.21198061
0.6324673 0.30517432 0.17417276
-0.025511496 0.489363 0.17179242
0.1649197 0.28193232 0.2547055
0.16234276 0.4901267 0.6043222
0.01376849 0.7832328 0.59235716
0.28468052 0.45464072 0.6713555
0.16247022 0.41953638 0.69155765
0.18177214 0.52197576 0.6638895
0.39491066 0.5563103 0.5638756
0.36780152 0.61381227 0.59469575
0.16022843 0.5763169 0.5408783
0.34606346 0.5019661 0.6264821
0.8770876 0.50470966 0.63584703
0.39373907 0.5272251 0.66747355
0.34152108 0.4753836 0.6319448
0.40128514 0.60032576 0.6028818
-0.006140664 1.1462815 0.48997974
0.46785048 0.5876875 0.752226
0.0905354 0.9783455 0.32114643
0.22929052 0.5039408 0.78702915
0.18324575 0.5206406 0.62027824
0.17506984 0.470872 0.712088
0.21318844 0.5209773 0.54106516
0.66757756 0.6058264 0.5178675
0.074501514 0.59966 0.533987
0.1540135 0.37992004 0.6192228
0.13219899 0.415243 0.61477244
0.9055105 0.54507226 0.57210195
0.39722502 0.6691645 0.31337726
0.2986485 0.53453434 0.24678667
0.3552217 0.43789616 0.58761716
0.2723233 0.41835222 0.5205989
0.17450204 0.34781685 0.45440537
0.040180795 0.5163493 0.81671464
0.061629876 0.7957845 0.8018862
0.10304256 0.61446404 0.8373525
0.14458701 0.44181198 0.8022813
0.104533456 0.70786387 0.8500467
0.062119804 0.45119473 0.82008857
0.0035153478 0.31134096 0.79131854
0.07780808 0.51660824 0.8653112
0.24840367 0.52068603 0.67667377
0.21824789 0.47789422 0.6867618
0.39500335 0.6051407 0.37652075
0.6880856 0.51481926 0.39747167
0.5354607 0.5875574 0.4243976
0.26907513 0.65620023 0.34926343
0.62775236 0.5219012 0.3558904
0.22279993 0.55530155 0.28596258
0.009734493 0.3113542 0.42055434
0.003969405 0.36557817 0.412301
0.031125955 0.4699119 0.4439063
0.255875 0.37356278 0.50828046
-8.942559e-05 0.5231646 0.3901499
-0.02724342 0.5058994 0.3650567
-0.034133755 0.33582664 0.4805532
0.09297195 0.43458983 0.51391417
0.22537825 0.5007573 0.38973933
0.043538593 0.3529634 0.50110155
0.11486546 0.3854549 0.47585434
-0.027351238 0.32939544 0.538306
-0.016219296 0.87233436 0.4338413
0.07079658 0.8255962 0.5910659
0.06041368 1.000522 0.5553569
0.17131498 0.363638 0.52832997
0.24312392 0.4262996 0.45425135
0.16620666 0.5832132 0.6217305
0.21120241 0.56530005 0.6684547
0.17058581 0.60978055 0.40299243
0.13367733 0.69268435 0.27438873
0.17686164 0.505293 0.19457404
0.0023988895 0.4839981 0.20158705
0.053022124 0.46950784 0.19457072
0.04838413 0.46245655 0.22964823
0.8934511 0.6591923 0.6977328
0.18293148 0.5057843 0.42793417
0.3642022 0.6345504 0.19092806
0.17124504 0.6181011 0.1727399
0.15901753 0.5643457 0.17654641
0.06692368 0.52778155 0.16503999
-0.00042037293 0.48491025 0.1039691
0.038181882 0.83233786 0.13555178
0.24485227 0.3928928 0.0830992
0.19248158 0.5086751 0.1436191
0.13335311 0.50284654 0.13546778
0.045632433 0.5876082 0.4967032
0.062071335 0.57173514 0.50395346
0.09938949 0.4839259 0.5128202
0.1091593 0.4739861 0.51502657
0.10045335 0.5976554 0.50022703
0.13032582 0.6689688 0.5110717
0.44280496 0.21784836 0.70521367
-0.019976571 0.30121964 0.86669356
0.30292377 0.16173533 0.67103267
0.19257861 0.3452324 0.29907352
0.089652464 0.29169455 0.29363114
0.14439431 0.3318155 0.26732326
0.05637399 0.49664935 0.38776672
0.2077752 0.56737673 0.36500603
0.16308339 0.63903594 0.35971165
0.16509771 0.637679 0.40498424
0.11014268 0.55358255 0.31715977
0.21749383 0.63410115 0.3283344
0.18618965 0.58224773 0.58187824
0.17036518 0.5682882 0.52835816
0.07314419 0.6823745 0.30083925
0.27561203 0.67382103 0.29558063
0.08575303 0.5895631 0.3335826
0.27919868 0.32986367 0.52939457
0.0032436326 0.4495156 0.11090843
0.024330124 0.43194386 0.14306863
0.060574483 0.40449655 0.17009506
0.025693525 0.409625 0.15746987
0.051217407 0.4746869 0.13472718
0.1091741 0.46711254 0.5459587
0.15290332 0.4374011 0.58543247
0.13284478 0.4222823 0.56201583
0.13347048 0.44947326 0.563762
0.1436501 0.43339542 0.5569807
0.19966468 0.4801319 0.5711098
0.13339815 0.6331767 0.27494273
0.071023315 0.6211195 0.30127126
0.027489495 0.4826385 0.34014848
0.051714107 0.4877771 0.3422684
0.14489976 0.74925977 0.3597859
0.12973362 0.5774474 0.30779675
0.07095374 0.58481795 0.3103001
0.40748364 0.21707684 0.5232793
0.40431568 0.24446481 0.5800691
0.7124296 0.31600064 0.5814745
0.04869453 0.08850054 0.56088275
0.9806313 0.45610893 0.63660777
0.94581765 0.41529873 0.64222616
